cam_id,frame_nmr,car_id,car_bbox,license_plate_bbox,license_plate_bbox_score,license_number,license_number_score
0,1,12,[1387.7403564453125 71.36485290527344 1591.7110595703125 267.9198303222656],[1407.724365234375 164.59107971191406 1482.0875244140625 225.02796936035156],0.3112431466579437,,0
0,2,12,[1387.7397227225053 71.36494122835867 1591.710960944399 267.9200166299506],[1407.72412109375 164.59107971191406 1482.0882568359375 225.0281524658203],0.31125307083129883,,0
0,3,12,[1387.767716624096 71.36817336136663 1591.7157815489873 267.91183899267253],[1407.726318359375 164.60179138183594 1482.045166015625 225.02064514160156],0.31142890453338623,,0
0,4,12,[1388.1185125785291 71.42923003915287 1591.7852602599228 267.84454811478656],[1407.7281494140625 164.61886596679688 1482.0902099609375 225.0453643798828],0.30786073207855225,,0
0,5,12,[1388.2509835517476 71.45034831291274 1591.7753922484558 267.8251150832177],[1407.7269287109375 164.6429901123047 1482.0118408203125 225.0223846435547],0.308442622423172,,0
0,6,12,[1388.3165696894885 71.45442873258503 1591.7567938680559 267.8197775382065],[1407.7305908203125 164.6626434326172 1481.953857421875 225.0086212158203],0.3087298572063446,,0
0,7,12,[1388.3922910873266 71.45817964682197 1591.7493566771059 267.81554383078014],[1407.7412109375 164.6492156982422 1482.0301513671875 225.02220153808594],0.3091469407081604,,0
0,8,12,[1388.2736923310163 71.44324443537856 1591.685990923092 267.83402425088883],[1407.7437744140625 164.65928649902344 1481.9974365234375 225.0146026611328],0.3066871166229248,,0
0,9,12,[1388.338136875805 71.44461676013245 1591.7083000330072 267.83023287454455],[1407.7457275390625 164.6492156982422 1481.9703369140625 225.02005004882812],0.30544134974479675,,0
0,10,12,[1388.3353951527417 71.44837200561255 1591.6974526187357 267.855209544413],[1407.7447509765625 164.65635681152344 1481.9564208984375 225.0081024169922],0.30598169565200806,,0
0,11,12,[1388.362638778847 71.4315859995828 1591.7045796784425 267.85994322674594],[1407.736572265625 164.6640167236328 1481.985107421875 225.00637817382812],0.30568498373031616,,0
0,12,12,[1388.439239520237 71.42230276843914 1591.7259905584735 267.86415847431374],[1407.7369384765625 164.66477966308594 1481.9429931640625 225.01492309570312],0.30422264337539673,,0
0,13,12,[1388.4510264650391 71.41686903643532 1591.7157726634243 267.87252802288435],[1407.7318115234375 164.6603546142578 1481.9498291015625 225.01869201660156],0.30396023392677307,,0
0,14,12,[1388.9935850252443 71.40439361021468 1591.9017487821131 267.78258186492167],[1407.733154296875 164.66326904296875 1482.0538330078125 225.02687072753906],0.3026655614376068,,0
0,15,12,[1389.3184744041594 71.41735010862537 1591.9291823689525 267.74207707797524],[1407.75732421875 164.73353576660156 1482.0010986328125 225.0425262451172],0.30671074986457825,,0
0,16,12,[1389.5452974775517 71.43593281714344 1591.9091501451717 267.72228845176977],[1407.7589111328125 164.74127197265625 1481.9971923828125 225.03607177734375],0.30614301562309265,,0
0,17,12,[1389.6045298031854 71.45508797844415 1591.8309929784068 267.7143777183738],[1407.759765625 164.72817993164062 1481.935791015625 225.00311279296875],0.3033158779144287,,0
0,18,12,[1389.6425518290612 71.4605257662284 1591.7763798087544 267.7073903072527],[1407.7587890625 164.7374267578125 1481.9041748046875 224.99404907226562],0.3028982877731323,,0
0,19,12,[1389.8075635432017 71.49008968958069 1591.7754358244786 267.69529806605476],[1407.7572021484375 164.7040557861328 1482.131103515625 225.0607452392578],0.3042774200439453,,0
0,20,12,[1389.8861303425292 71.4990544699294 1591.7437880961047 267.68271754859893],[1407.7628173828125 164.69435119628906 1482.0887451171875 225.07337951660156],0.30562204122543335,,0
0,21,12,[1389.9333367115826 71.50329474886715 1591.7114920191623 267.6761836656418],[1407.762451171875 164.6890411376953 1482.08203125 225.0732879638672],0.3065164089202881,,0
0,22,12,[1390.0596629035 71.50789333817224 1591.7227152939647 267.6653417396192],[1407.779296875 164.73289489746094 1481.9754638671875 225.06394958496094],0.30837368965148926,,0
0,23,12,[1390.1547514002546 71.51133399773269 1591.716879169539 267.65875541084574],[1407.7781982421875 164.724609375 1482.0135498046875 225.073974609375],0.3081195056438446,,0
0,24,12,[1390.3375775108636 71.50681837479658 1591.7470519588157 267.642382753722],[1407.781005859375 164.75450134277344 1481.7176513671875 225.01986694335938],0.30728524923324585,,0
0,25,12,[1390.4211841576703 71.5081902210122 1591.726000209967 267.6398083313775],[1407.777587890625 164.77342224121094 1481.6544189453125 225.00225830078125],0.30740979313850403,,0
0,26,12,[1390.4737061137514 71.50651804078639 1591.70140632995 267.6383793187583],[1407.780029296875 164.78802490234375 1481.630615234375 224.98989868164062],0.30742114782333374,,0
0,27,12,[1390.5614442767428 71.50496352661955 1591.7016140277137 267.63798387670874],[1407.7869873046875 164.81277465820312 1481.580322265625 224.9757843017578],0.3064219653606415,,0
0,28,12,[1390.5985865631953 71.50591491487445 1591.6803529878887 267.6372186660716],[1407.784423828125 164.81890869140625 1481.52880859375 224.97601318359375],0.3053886294364929,,0
0,29,12,[1390.7088950546304 71.50826164327113 1591.6938580214965 267.6311481891177],[1407.78076171875 164.81085205078125 1481.549560546875 224.98681640625],0.30605247616767883,,0
0,30,12,[1391.043591213327 71.52022826115622 1591.7893746214713 267.61977484316543],[1407.7698974609375 164.78599548339844 1481.7447509765625 225.0413360595703],0.30900782346725464,,0
0,31,12,[1391.214762754256 71.52830160412698 1591.7857323183246 267.61464108754143],[1407.7733154296875 164.76727294921875 1481.8125 225.06124877929688],0.3095042109489441,,0
0,32,12,[1391.293553032274 71.52742814441964 1591.7495460992166 267.6093584911515],[1407.764404296875 164.7513427734375 1481.8331298828125 225.0662841796875],0.3097447454929352,,0
0,33,12,[1391.2496181039144 71.52742277024157 1591.6733614020552 267.61536938364605],[1407.768798828125 164.74887084960938 1481.8184814453125 225.06564331054688],0.31093838810920715,,0
0,34,12,[1391.224448993206 71.52744681859132 1591.6347262024547 267.6197586718235],[1407.770263671875 164.74598693847656 1481.84521484375 225.0673370361328],0.3109092712402344,,0
0,35,12,[1391.2063808756707 71.52368760919515 1591.6141811172974 267.6226466845077],[1407.772216796875 164.75047302246094 1481.8297119140625 225.0608367919922],0.310649573802948,,0
0,36,12,[1391.1639217986562 71.53397262815034 1591.5892871475548 267.64441322967923],[1407.775390625 164.74630737304688 1481.8360595703125 225.0592803955078],0.31023868918418884,,0
0,37,12,[1391.081766030608 71.5356894175703 1591.558263560375 267.6580450402096],[1407.7734375 164.75335693359375 1481.8038330078125 225.0494384765625],0.3095731735229492,,0
0,38,12,[1391.1665837354328 71.52957895684132 1591.6049725995697 267.65748861611564],[1407.7745361328125 164.7565155029297 1481.7886962890625 225.0428009033203],0.3092734217643738,,0
2,106,20,[1206.9900400083307 108.91723223086223 1580.3927826337876 550.3335366051358],[1268.8419189453125 332.23388671875 1363.87109375 383.6935729980469],0.4248215854167938,AI25ISA,0.14327286126290265
0,39,12,[1391.2995497194208 71.54531027753353 1591.649014263258 267.68041464384476],[1407.76904296875 164.7704315185547 1481.79345703125 225.0220184326172],0.3093203008174896,,0
0,40,12,[1391.3445491880548 71.54192396430412 1591.6423868450952 267.6855281658245],[1407.76953125 164.7637481689453 1481.8052978515625 225.0244903564453],0.3087516129016876,,0
0,41,12,[1391.3909301720414 71.53831283184655 1591.6378640203839 267.68957911437144],[1407.76806640625 164.76699829101562 1481.7855224609375 225.01904296875],0.30813005566596985,,0
2,107,20,[1206.8204136287686 108.94803893901226 1580.2620925891192 550.4737360057787],[1269.123046875 332.44110107421875 1363.8165283203125 383.629150390625],0.4205022156238556,,0
0,42,12,[1391.430202625198 71.53139561718075 1591.633636881133 267.69203362985684],[1407.7691650390625 164.7579345703125 1481.8507080078125 225.02622985839844],0.3086796700954437,,0
2,108,20,[1206.9964479951757 109.1030049237722 1580.398348062008 550.8231164463623],[1269.268798828125 332.43359375 1363.7901611328125 383.5726623535156],0.4058924913406372,,0
0,43,12,[1391.4675755682076 71.52322219455006 1591.6315834995864 267.69220722587147],[1407.771484375 164.71092224121094 1482.0123291015625 225.06138610839844],0.3096950054168701,,0
0,44,12,[1391.453707702408 71.45985183060512 1591.6209274021746 267.66636318282576],[1407.763916015625 164.6865692138672 1482.2069091796875 225.09288024902344],0.3101578950881958,,0
2,109,20,[1207.0732769707017 109.10397032456956 1580.4863961729454 551.0438990671445],[1269.265869140625 332.42950439453125 1363.7734375 383.5758361816406],0.4130237102508545,,0
0,45,12,[1391.4194830173267 71.4321027936949 1591.6060632049587 267.66596212509194],[1407.7647705078125 164.67141723632812 1482.216552734375 225.10629272460938],0.31069663166999817,,0
0,46,12,[1391.4585081976954 71.41721136647412 1591.6251045959855 267.66790885848684],[1407.7628173828125 164.6807098388672 1482.1962890625 225.09970092773438],0.31056612730026245,,0
0,47,12,[1391.404021336505 71.41294197935397 1591.5972157794251 267.6779968220368],[1407.7581787109375 164.6824188232422 1482.19384765625 225.0946807861328],0.30945292115211487,,0
0,48,12,[1391.3856458754526 71.4103970379605 1591.5938599201122 267.6853526134825],[1407.7576904296875 164.6531982421875 1482.287841796875 225.12355041503906],0.3088656961917877,,0
0,49,12,[1391.2085561306956 71.40303277831008 1591.529638572211 267.694714988954],[1407.7760009765625 164.70652770996094 1482.0413818359375 225.0666961669922],0.3094225823879242,,0
0,50,12,[1391.3056116093785 71.39799851831678 1591.5964104247732 267.69935423786734],[1407.7781982421875 164.71852111816406 1482.0303955078125 225.06211853027344],0.30941757559776306,,0
0,51,12,[1390.4076003819127 70.81006116872976 1591.245829676393 267.4189583658701],[1407.7489013671875 165.1769256591797 1477.6522216796875 224.39002990722656],0.3275119960308075,,0
0,52,12,[1390.0354503505564 70.57714946290957 1591.2341093958967 267.4286724568595],[1407.7552490234375 165.17303466796875 1477.745849609375 224.3961639404297],0.3272028863430023,,0
0,53,12,[1389.8448480041673 70.44684824113408 1591.298632189277 267.47535939633343],[1407.7572021484375 165.17092895507812 1477.76318359375 224.3990020751953],0.3271435797214508,,0
0,54,12,[1389.7558882271335 70.36711110117244 1591.3811340931309 267.52411957718704],[1407.7562255859375 165.17005920410156 1477.771728515625 224.40252685546875],0.32750990986824036,,0
0,55,12,[1389.6952934369406 70.3166035063923 1591.4463403299237 267.56834849496653],[1407.7547607421875 165.16424560546875 1477.781982421875 224.4093017578125],0.32730376720428467,,0
0,56,12,[1389.617248959455 70.28633069017336 1591.4800063751336 267.6043672025019],[1407.758056640625 165.1537628173828 1477.8057861328125 224.4199676513672],0.32784542441368103,,0
0,57,12,[1389.4389928046494 70.27363108975956 1591.4583963438945 267.6402264397577],[1407.7554931640625 165.16323852539062 1477.763671875 224.4100341796875],0.32822802662849426,,0
2,136,2,[1204.6075862856378 108.848672245979 1512.9300035635583 383.42327199484265],[1269.2088623046875 336.7214660644531 1360.3388671875 382.8363952636719],0.5445161461830139,,0
0,58,12,[1389.3527741240032 70.26208341295374 1591.4828797222199 267.6632570126369],[1407.7540283203125 165.14901733398438 1477.8033447265625 224.4231414794922],0.3281291127204895,,0
2,136,4,[1630.5719317307337 75.28526435580142 1918.248412519071 443.0831076352586],[1750.218017578125 385.0250549316406 1842.9305419921875 431.5887756347656],0.27389582991600037,,0
0,59,12,[1389.264637621725 70.25536057964213 1591.4976646973523 267.68152003465934],[1407.754150390625 165.15248107910156 1477.79345703125 224.42079162597656],0.32812878489494324,,0
2,137,2,[1204.613830475722 108.94996150902361 1512.9659853579956 383.64579461787935],[1268.9173583984375 336.64215087890625 1360.4561767578125 382.9252624511719],0.5304638147354126,,0
0,60,12,[1389.2261409094956 70.25208920930122 1591.527635833502 267.6941852905655],[1407.7520751953125 165.1479034423828 1477.8184814453125 224.42555236816406],0.32831647992134094,,0
2,137,4,[1630.6215745778409 75.49730758981354 1918.215727732209 442.98168752567653],[1750.0986328125 384.9698486328125 1843.023193359375 431.650390625],0.27970704436302185,,0
0,61,12,[1389.2007892282716 70.25511769847273 1591.551768324651 267.70455451271926],[1407.751220703125 165.13467407226562 1477.86962890625 224.43511962890625],0.329299658536911,,0
2,138,2,[1204.5964448373245 108.96917551975392 1513.0112216565146 383.7472706257614],[1268.843505859375 336.9331970214844 1360.3271484375 382.78546142578125],0.5230820178985596,,0
0,62,12,[1389.196946909634 70.25391052719523 1591.577144156409 267.70964169933296],[1407.75146484375 165.1317901611328 1477.877197265625 224.4364471435547],0.32906675338745117,,0
2,138,4,[1630.621146382326 75.63552193874986 1918.1644966772328 442.8845512246123],[1750.072265625 385.0726623535156 1842.90966796875 431.48541259765625],0.27702292799949646,,0
0,63,12,[1389.1882211715672 70.25566725229176 1591.5914452523896 267.7156134233933],[1407.75244140625 165.12547302246094 1477.8980712890625 224.4447784423828],0.3295731246471405,,0
0,64,12,[1389.1554510712724 70.26138514776196 1591.5896603919543 267.72014474120147],[1407.7486572265625 165.1219482421875 1477.89453125 224.4532470703125],0.3296773433685303,,0
2,139,2,[1204.6161174497831 108.97970266278878 1513.0987684387903 383.8411914899636],[1268.639404296875 336.8335266113281 1360.347412109375 382.84527587890625],0.5113767981529236,,0
2,139,4,[1630.3814833242432 75.7670821673315 1918.0654003916807 442.8556124869493],[1750.0960693359375 385.0683288574219 1842.9312744140625 431.4667053222656],0.2763243317604065,,0
0,65,12,[1389.1390254121513 70.2601720601775 1591.5952611351647 267.71945275193855],[1407.75048828125 165.11228942871094 1477.907958984375 224.45681762695312],0.32967236638069153,,0
0,66,12,[1389.1896431117098 70.25562153656372 1591.6260810128283 267.71595883504654],[1407.75146484375 165.11663818359375 1477.8936767578125 224.45352172851562],0.329721063375473,,0
2,140,2,[1204.4145629088832 109.03504446930035 1512.6968081803864 384.0311965165142],[1268.312255859375 337.41741943359375 1360.27294921875 382.669921875],0.4673771262168884,,0
0,67,12,[1389.2129637511766 70.25439834008225 1591.637172778162 267.71749964587684],[1407.7459716796875 165.12103271484375 1477.87060546875 224.44862365722656],0.32946690917015076,,0
2,140,4,[1630.1673561107696 75.78779267035279 1918.0516239493572 442.85338170883915],[1750.189453125 385.218505859375 1842.7939453125 431.2926940917969],0.27676382660865784,,0
0,68,12,[1389.1699394787802 70.25484824156177 1591.6198213080934 267.72490309606866],[1407.7510986328125 165.13592529296875 1477.764892578125 224.428955078125],0.32983118295669556,,0
2,141,2,[1204.3642758714182 109.02665053468473 1512.5023118601375 384.1504483235144],[1268.1871337890625 337.27471923828125 1360.395751953125 382.7686462402344],0.46679767966270447,,0
0,69,12,[1389.3508316612777 70.2857809307185 1591.6944583186944 267.73890381314015],[1407.7510986328125 165.13037109375 1477.7833251953125 224.44253540039062],0.33069974184036255,,0
2,141,4,[1630.1950828892018 76.10137020891187 1918.144540966493 442.9895174570133],[1750.09130859375 385.1435852050781 1842.829833984375 431.3341369628906],0.27918991446495056,,0
0,70,12,[1389.561134750286 70.29607195455591 1591.75827035298 267.74105874112297],[1407.7547607421875 165.12583923339844 1477.7332763671875 224.43356323242188],0.3324786424636841,,0
0,71,12,[1389.6758193351473 70.3019997361282 1591.7620859719666 267.7411461937209],[1407.75439453125 165.12583923339844 1477.7320556640625 224.43292236328125],0.3324104845523834,,0
2,142,2,[1204.3174597832506 109.14561837673392 1512.3576064883325 383.93063184330003],[1269.9771728515625 336.2320251464844 1358.6044921875 382.6415710449219],0.49905872344970703,,0
0,72,12,[1389.7224478142498 70.30988420470256 1591.7371247865917 267.741930792055],[1407.75146484375 165.11953735351562 1477.7498779296875 224.4392547607422],0.3320876359939575,,0
2,142,4,[1630.7578205566033 77.23999958606908 1918.3712889271387 443.37338283306985],[1750.10888671875 385.1785583496094 1842.9169921875 431.310791015625],0.2807683050632477,,0
0,73,12,[1389.7378039672165 70.31351790231642 1591.7068980198953 267.74113547382365],[1407.75 165.1161346435547 1477.7611083984375 224.44349670410156],0.3317839205265045,,0
2,143,2,[1204.377910531416 109.24132275341913 1512.334770628108 383.86515650332353],[1270.0611572265625 336.4697265625 1358.436279296875 382.4728088378906],0.5003774166107178,,0
0,74,12,[1389.7557083826073 70.31682356974395 1591.6885157083111 267.74049211594354],[1407.7509765625 165.11883544921875 1477.7171630859375 224.4364013671875],0.33227676153182983,,0
2,143,4,[1631.24602588463 77.7174765304826 1918.4754847094637 443.3004059109528],[1750.1033935546875 385.1831359863281 1843.065673828125 431.4421691894531],0.27646976709365845,,0
0,75,12,[1389.7708364437688 70.31927979213917 1591.675029996535 267.74142724865055],[1407.75146484375 165.107177734375 1477.765869140625 224.4464874267578],0.33190223574638367,,0
2,144,2,[1204.5602770792252 109.19043093742044 1512.8006633876485 383.71111149295103],[1269.4168701171875 336.8104248046875 1358.6221923828125 382.7024230957031],0.47197893261909485,,0
0,76,12,[1389.7954219664314 70.31990033978326 1591.6707166636077 267.739887527488],[1407.7518310546875 165.10629272460938 1477.7720947265625 224.44766235351562],0.33176594972610474,,0
2,144,4,[1632.173118844226 78.42604681613318 1918.7151223464373 443.42961781780116],[1750.056884765625 385.138916015625 1842.516357421875 431.5062561035156],0.28987741470336914,,0
0,77,12,[1389.7985737902288 70.32010780661058 1591.659217585375 267.73905541210877],[1407.7515869140625 165.10446166992188 1477.7711181640625 224.44894409179688],0.33175116777420044,,0
2,145,2,[1204.552958409079 109.18273112637792 1513.010686293379 383.6584928576878],[1269.423828125 336.9150695800781 1358.4376220703125 382.6260681152344],0.4696597158908844,,0
0,78,12,[1389.8082314921523 70.32184701556133 1591.6550004928702 267.7397891565285],[1407.7491455078125 165.10752868652344 1477.7640380859375 224.44541931152344],0.3330708146095276,,0
2,145,4,[1632.4544100964372 78.7582417148952 1918.6220958222052 443.3070619251623],[1749.9207763671875 385.1648254394531 1842.3897705078125 431.4456481933594],0.2848127484321594,,0
0,79,12,[1389.7976561621601 70.31931913269402 1591.6484820409876 267.74361788670086],[1407.7532958984375 165.11109924316406 1477.7083740234375 224.4305877685547],0.3338969647884369,,0
2,146,4,[1632.4863620155177 79.33629829368408 1918.4841059762618 443.5716875584209],[1749.8856201171875 385.0912170410156 1841.4024658203125 431.2814025878906],0.3028489649295807,,0
0,80,12,[1389.804159672674 70.32017380446453 1591.6516131646013 267.74836804354413],[1407.7530517578125 165.11233520507812 1477.68505859375 224.42770385742188],0.33349430561065674,,0
0,81,12,[1389.8458563036631 70.31379438067842 1591.667768703953 267.74940646840963],[1407.75439453125 165.1277618408203 1477.6519775390625 224.41603088378906],0.3338739573955536,,0
2,147,4,[1632.4427298251846 79.65881426089899 1918.3431311173338 443.6649893700976],[1749.914794921875 385.0589294433594 1841.26318359375 430.9510192871094],0.31129905581474304,,0
0,82,12,[1389.9109868168055 70.30845959643361 1591.6882190550575 267.7489098366508],[1407.753173828125 165.13059997558594 1477.647216796875 224.41246032714844],0.33348190784454346,,0
2,148,4,[1632.5710813963346 79.89953628380343 1918.3232431981232 443.68750920376533],[1749.8060302734375 384.77490234375 1841.319580078125 430.94183349609375],0.3206833302974701,,0
0,83,12,[1389.9293007847402 70.30267187327628 1591.6819876769803 267.7479905650247],[1407.7545166015625 165.1425018310547 1477.612548828125 224.3997344970703],0.33304697275161743,,0
0,84,12,[1389.9290124250879 70.29967272728722 1591.6700968801092 267.74847310260293],[1407.7529296875 165.13783264160156 1477.60693359375 224.4023895263672],0.3324735760688782,,0
2,149,4,[1632.525393588568 79.82961281359718 1918.2505139976097 443.55520304908185],[1749.8668212890625 384.90399169921875 1841.3345947265625 430.9494323730469],0.30783918499946594,,0
0,85,12,[1389.807923355651 70.31673705199697 1591.6099562277172 267.77511440546937],[1407.7415771484375 165.1036834716797 1477.5787353515625 224.4055938720703],0.33167994022369385,,0
2,150,4,[1632.148074555377 79.79482227700112 1918.0739101187153 443.44881479535104],[1749.895751953125 384.947021484375 1841.28955078125 430.95941162109375],0.30329272150993347,,0
0,86,12,[1389.744150739968 70.32214148604321 1591.5941082637091 267.7869306877037],[1407.74169921875 165.10523986816406 1477.572265625 224.40216064453125],0.3315839469432831,,0
0,87,12,[1389.6976340657911 70.32142285896376 1591.5930717252654 267.7953245711384],[1407.736572265625 165.1018524169922 1477.5904541015625 224.4015655517578],0.3311033844947815,,0
2,151,4,[1631.844188588698 79.31605936604393 1918.0061748928235 444.2171646586772],[1749.0333251953125 385.251708984375 1841.5272216796875 433.4863586425781],0.3430532217025757,,0
0,88,12,[1389.6201497952916 70.32176390578488 1591.5802785930082 267.785988620422],[1407.7314453125 165.079833984375 1477.7052001953125 224.42559814453125],0.3314328193664551,,0
0,89,12,[1389.582125270852 70.32022138593302 1591.5867405945664 267.77808275418556],[1407.731689453125 165.0458221435547 1477.73291015625 224.44898986816406],0.33305585384368896,,0
2,152,4,[1631.7496181796878 78.85029892779707 1918.0659071679179 444.82033058594277],[1748.9871826171875 385.37823486328125 1841.5572509765625 433.6764221191406],0.33674415946006775,,0
0,90,12,[1389.486921266268 70.32667197603178 1591.5656098185168 267.777215068916],[1407.7303466796875 165.05429077148438 1477.7469482421875 224.43374633789062],0.33103492856025696,,0
2,153,4,[1631.559971921591 78.20722982685436 1918.0715698974782 445.0898887213302],[1748.996337890625 385.2626037597656 1841.408935546875 433.2904357910156],0.3486555218696594,,0
0,91,12,[1389.4782586462397 70.33209845310856 1591.581972132929 267.77516878841016],[1407.7196044921875 165.02078247070312 1477.8709716796875 224.45864868164062],0.33086031675338745,,0
0,92,12,[1389.4704581787691 70.33446260337709 1591.5937372322282 267.77257281967366],[1407.7196044921875 165.02366638183594 1477.8541259765625 224.4542999267578],0.3306512236595154,,0
0,93,12,[1389.4593749234223 70.33710269308938 1591.5991394845091 267.77022614241093],[1407.718994140625 165.01885986328125 1477.8623046875 224.45745849609375],0.3305402100086212,,0
0,94,12,[1389.7149613775587 70.3335292486918 1591.729735472174 267.75824979168283],[1407.7060546875 164.99876403808594 1477.6549072265625 224.44212341308594],0.3324282765388489,,0
0,95,12,[1389.8312099883462 70.33274988098026 1591.757063405835 267.7493994531624],[1407.7064208984375 164.99771118164062 1477.6710205078125 224.4462890625],0.33262279629707336,,0
0,96,12,[1389.8497248524907 70.32781974274756 1591.732755354705 267.7453975503535],[1407.7119140625 164.98440551757812 1477.7098388671875 224.4490509033203],0.33234700560569763,,0
0,97,12,[1389.8574027604247 70.32343221454471 1591.7125485203062 267.7382437075548],[1407.7127685546875 164.98342895507812 1477.7720947265625 224.45864868164062],0.3323335647583008,,0
0,98,12,[1389.7917825892468 70.33042360961977 1591.6672151401694 267.7436047579023],[1407.694091796875 164.945068359375 1477.7359619140625 224.4510498046875],0.3293515741825104,,0
0,99,12,[1389.69372071496 70.33540871862172 1591.6250015662076 267.7524069726526],[1407.6849365234375 164.9476776123047 1477.7667236328125 224.4595184326172],0.32944798469543457,,0
0,100,12,[1389.4336084697688 70.36016823688175 1591.5254395576344 267.79332720337317],[1407.6566162109375 164.91604614257812 1477.748291015625 224.42935180664062],0.32510462403297424,,0
0,101,12,[1388.4161291553846 70.79850656207951 1591.1062924293046 268.0061265331533],[1407.750732421875 165.1842498779297 1477.9566650390625 224.4415283203125],0.32482829689979553,,0
0,102,12,[1387.9267169778336 71.00342924501697 1591.0533253713788 268.047365788569],[1407.750732421875 165.1842498779297 1477.9566650390625 224.4415283203125],0.32482829689979553,,0
0,103,12,[1387.6701982842224 71.10903801673449 1591.1135677989214 268.03372312473294],[1407.7510986328125 165.18246459960938 1477.96875 224.444091796875],0.3243686258792877,,0
0,104,12,[1387.5277547711055 71.1684703622969 1591.197966249166 268.00628453286987],[1407.7508544921875 165.18255615234375 1477.9677734375 224.44381713867188],0.32435691356658936,,0
0,105,12,[1387.4421808948532 71.20645896868136 1591.2752394785016 267.9806416724046],[1407.749755859375 165.18333435058594 1477.9696044921875 224.4445037841797],0.32388925552368164,,0
0,106,12,[1387.397677988414 71.23317908553987 1591.3431806072206 267.9613351913225],[1407.746337890625 165.16896057128906 1478.0654296875 224.46693420410156],0.3256337344646454,,0
0,107,12,[1387.3496353550095 71.25000035807928 1591.385360832247 267.94479931739545],[1407.747802734375 165.17442321777344 1478.0506591796875 224.46168518066406],0.32549962401390076,,0
2,189,4,[1632.282780211454 76.82617336875194 1917.8092997950278 442.71495123652755],[1748.734130859375 383.8959045410156 1842.305419921875 427.2087707519531],0.2545636296272278,,0
0,108,12,[1387.3370404271589 71.26076406935323 1591.4286895771918 267.93111696012915],[1407.7457275390625 165.1690673828125 1478.0611572265625 224.46690368652344],0.3259841799736023,,0
0,109,12,[1387.3215991130303 71.26816348802502 1591.455858123156 267.9210760891805],[1407.745361328125 165.1638946533203 1478.087890625 224.47372436523438],0.3259219527244568,,0
2,190,4,[1632.1524782307995 76.81175794058669 1917.7497244912886 442.79535480823284],[1748.846923828125 383.7549133300781 1842.4639892578125 427.2461242675781],0.259775847196579,,0
0,110,12,[1387.3268605140408 71.27213079903164 1591.4836702663322 267.9118294491419],[1407.74609375 165.16543579101562 1478.0888671875 224.4722900390625],0.325893372297287,,0
2,191,4,[1632.0700144003308 76.8381848896669 1917.7183448618748 442.95298980366226],[1748.9188232421875 383.7934875488281 1842.354248046875 427.31610107421875],0.25734081864356995,,0
0,111,12,[1387.3339878125385 71.27641497231379 1591.50256615413 267.9058466898425],[1407.7470703125 165.17019653320312 1478.0753173828125 224.46890258789062],0.3263283669948578,,0
0,112,12,[1387.3413100277032 71.2809330270252 1591.5150849025815 267.9014863880084],[1407.7467041015625 165.16644287109375 1478.0745849609375 224.468994140625],0.32608532905578613,,0
2,192,4,[1632.1163373280194 76.7399934031705 1917.7703407840793 442.97130693324414],[1748.82568359375 383.7263488769531 1842.284912109375 427.4493713378906],0.2650458812713623,,0
0,113,12,[1387.297951486496 71.27908120341968 1591.50306075447 267.89304846569894],[1407.74853515625 165.16819763183594 1478.0379638671875 224.46218872070312],0.3255123794078827,,0
2,193,4,[1632.2359890279022 76.81446643584306 1917.840961573224 443.16027660503653],[1748.8004150390625 383.582275390625 1842.4251708984375 427.7100524902344],0.2748605012893677,,0
0,114,12,[1387.310373656333 71.27837613402643 1591.5188852553938 267.8872603865014],[1407.7503662109375 165.17138671875 1478.02099609375 224.45864868164062],0.32566651701927185,,0
2,194,4,[1632.054595634255 76.63769055078743 1917.7919482613918 443.21646102448744],[1748.7974853515625 383.5447082519531 1842.3211669921875 427.7987365722656],0.2845431864261627,,0
0,115,12,[1387.3205229053153 71.27727798304136 1591.5285474381046 267.8820732386287],[1407.7540283203125 165.1819610595703 1477.9866943359375 224.4481658935547],0.32521137595176697,,0
2,195,4,[1631.8853351769826 76.58782911589444 1917.7864657473892 443.26671587297835],[1748.8330078125 383.47760009765625 1842.372802734375 427.94696044921875],0.2913159728050232,,0
0,116,12,[1387.2822867679865 71.27128230157187 1591.515757936173 267.879395584987],[1407.756591796875 165.19552612304688 1477.9658203125 224.44552612304688],0.3230869770050049,,0
0,117,12,[1387.2605503485886 71.26817613914658 1591.514745138444 267.8781895804215],[1407.756591796875 165.1959686279297 1477.9588623046875 224.44482421875],0.3230377733707428,,0
2,196,4,[1631.8938032308652 76.65667734995958 1917.8690747332212 443.26001783833084],[1748.8785400390625 383.5280456542969 1842.1759033203125 427.7346496582031],0.2913169264793396,,0
0,118,12,[1387.231269677531 71.26984838010775 1591.5121869348188 267.88041789003347],[1407.75048828125 165.1746826171875 1478.0712890625 224.4664306640625],0.3216407001018524,,0
0,119,12,[1386.922539903432 71.22583109277902 1591.367786879681 267.86534988396375],[1407.7574462890625 165.2054443359375 1477.93994140625 224.43740844726562],0.3215906620025635,,0
2,197,4,[1632.0427803860246 76.8148717549154 1917.9775837251498 443.3486458225965],[1748.8839111328125 383.5081787109375 1842.1673583984375 427.70123291015625],0.300426185131073,,0
0,120,12,[1386.9313810739852 71.21139797594908 1591.4077889458324 267.87254726306264],[1407.7581787109375 165.20681762695312 1478.022705078125 224.4565887451172],0.3220366835594177,,0
2,198,4,[1632.116121296908 76.83116866376508 1918.0264624511958 443.3905078424542],[1748.855712890625 383.5183410644531 1842.12451171875 427.9803771972656],0.30498629808425903,,0
0,121,12,[1386.9479589478478 71.19695274452675 1591.4402760594803 267.872057836611],[1407.7576904296875 165.2042694091797 1478.009033203125 224.45431518554688],0.323077917098999,,0
0,122,12,[1386.8788935028226 71.19101701172009 1591.422677366608 267.87125373663247],[1407.7591552734375 165.2068634033203 1478.0504150390625 224.44322204589844],0.322746604681015,,0
2,199,4,[1632.2999608688483 76.7876230918611 1918.1113995960427 443.54568126964864],[1748.898193359375 383.5256042480469 1842.0791015625 427.6956787109375],0.30282077193260193,,0
0,123,12,[1386.7982047699256 71.19729075757314 1591.4058089323412 267.88091918767475],[1407.7568359375 165.2068634033203 1478.004638671875 224.4342498779297],0.3222864866256714,,0
2,200,4,[1632.8399227659152 76.89519352749673 1918.3019704920016 443.6610507318669],[1748.8502197265625 383.3775329589844 1842.1080322265625 427.8756408691406],0.31994596123695374,,0
0,124,12,[1386.7507265225306 71.19777324240616 1591.4105756255824 267.88450142245074],[1407.760986328125 165.19692993164062 1478.0126953125 224.44281005859375],0.32179945707321167,,0
2,201,4,[1633.0950279697486 76.91882276671993 1918.2922357133725 443.66301438447],[1748.921630859375 383.41168212890625 1842.035888671875 427.8381042480469],0.30461105704307556,,0
0,125,12,[1386.717007851662 71.20490906207745 1591.4185139755937 267.9009428115134],[1407.7664794921875 165.20773315429688 1477.966552734375 224.4415283203125],0.320777028799057,,0
0,126,12,[1386.7222055888897 71.20658609895928 1591.4396187900043 267.9082492332588],[1407.76611328125 165.2062225341797 1477.9735107421875 224.4423065185547],0.3209235668182373,,0
2,202,4,[1633.277178052725 76.90379795063049 1918.305743887644 443.64131507331854],[1748.8876953125 383.4875793457031 1842.1158447265625 427.7185363769531],0.297208309173584,,0
0,127,12,[1386.9964616082445 71.19055059673953 1591.564602750844 267.8959208302704],[1407.7628173828125 165.186767578125 1477.9736328125 224.43777465820312],0.32117924094200134,,0
2,203,4,[1633.1601805830824 76.81843257589449 1918.2093811366394 443.5729898434736],[1748.8487548828125 383.4115905761719 1842.0743408203125 427.7130432128906],0.2917933464050293,,0
0,128,12,[1387.0897947404667 71.1651168132812 1591.5735096975861 267.8759648994728],[1407.7569580078125 165.17120361328125 1477.9398193359375 224.43548583984375],0.3223559558391571,,0
2,204,4,[1633.1186901481628 76.58596481694934 1918.176159281922 443.5283498214573],[1748.7928466796875 383.3492431640625 1842.012939453125 427.77227783203125],0.303790807723999,,0
0,129,12,[1387.1787294509081 71.16443836557181 1591.5755926734396 267.8811557789662],[1407.76513671875 165.2237091064453 1477.94873046875 224.46762084960938],0.32418525218963623,,0
0,130,12,[1387.2283169099273 71.16233928840325 1591.5611952512336 267.8821096788515],[1407.763916015625 165.22691345214844 1477.921142578125 224.46372985839844],0.32327577471733093,,0
2,205,4,[1632.9624282719042 76.5468727396136 1918.1152425714445 443.53189217509464],[1748.77734375 383.3690185546875 1842.054931640625 427.7259521484375],0.29986777901649475,,0
0,131,12,[1387.299383805373 71.16367481267734 1591.5609211818664 267.8821552914556],[1407.76513671875 165.22105407714844 1477.9227294921875 224.46583557128906],0.32235223054885864,,0
2,206,4,[1632.946440585263 76.55514053938296 1918.1293789835415 443.50427603237176],[1748.79248046875 383.3956604003906 1842.048095703125 427.6830139160156],0.2989915609359741,,0
0,132,12,[1387.4590156067372 71.16795913160551 1591.5965802197422 267.8784750845078],[1407.761474609375 165.2178497314453 1477.91796875 224.4635467529297],0.3209517002105713,,0
2,207,4,[1632.7122486044127 76.59838498859901 1918.0391539929105 443.6140316732167],[1748.802978515625 383.50286865234375 1841.877685546875 427.69134521484375],0.27779296040534973,,0
0,133,12,[1387.5501843051482 71.16261634712761 1591.5931494949934 267.8686726260183],[1407.7625732421875 165.22210693359375 1477.9263916015625 224.4678955078125],0.3205518424510956,,0
2,208,4,[1632.4770790626633 76.35418163096008 1918.0008076342667 443.71618368923316],[1748.837890625 383.5754699707031 1841.8382568359375 427.6637878417969],0.27259621024131775,,0
0,134,12,[1387.5945668202846 71.15527274081576 1591.5750540309125 267.8616235305947],[1407.761962890625 165.2218780517578 1477.9317626953125 224.4711456298828],0.32062724232673645,,0
0,135,12,[1387.6438431612144 71.15437923600693 1591.56731068267 267.855667668118],[1407.7540283203125 165.2168426513672 1477.94580078125 224.4719696044922],0.3198290169239044,,0
2,209,4,[1632.1398705664317 76.18280500214149 1917.9259265234816 443.7641385763382],[1748.80224609375 383.4994812011719 1841.87841796875 427.7494812011719],0.2762353718280792,,0
0,136,12,[1387.696368852567 71.16092504734281 1591.5642625024643 267.8555422623834],[1407.7738037109375 165.26522827148438 1477.7091064453125 224.41168212890625],0.31651604175567627,,0
2,210,4,[1631.8738470477535 76.06442481748005 1917.9235123262986 443.95212367487113],[1748.8125 383.4826354980469 1841.6912841796875 427.6214904785156],0.27110061049461365,,0
0,137,12,[1387.720377560463 71.17084805281726 1591.5485573460546 267.85787111522484],[1407.7750244140625 165.26751708984375 1477.737060546875 224.41726684570312],0.31693634390830994,,0
0,138,12,[1387.736643007466 71.17497274168497 1591.533983664103 267.8543801532313],[1407.779541015625 165.27548217773438 1477.80322265625 224.4312744140625],0.31509503722190857,,0
2,211,4,[1631.6821979019649 75.95523134501008 1917.9559873222468 444.1497532013713],[1748.952392578125 383.5300598144531 1841.652099609375 427.8445129394531],0.26503148674964905,,0
0,139,12,[1387.7576532534706 71.1725460993289 1591.5256333963068 267.8500219150678],[1407.78076171875 165.2699432373047 1477.7135009765625 224.41612243652344],0.31537696719169617,,0
0,140,12,[1387.6849702129175 71.18501425503015 1591.4740517779628 267.8609440494902],[1407.7833251953125 165.27035522460938 1477.661865234375 224.40609741210938],0.31640660762786865,,0
0,141,12,[1387.4636215153594 71.19765753046987 1591.385154130235 267.8648824609461],[1407.76611328125 165.257080078125 1477.8046875 224.41127014160156],0.31497514247894287,,0
2,212,4,[1631.4900530561258 75.8276674126422 1917.9687289125168 444.3434817290572],[1748.9747314453125 383.5520324707031 1841.6436767578125 427.5698547363281],0.2578243911266327,,0
0,142,12,[1387.223011303067 71.21863690665764 1591.3182828284223 267.88524539946695],[1407.7576904296875 165.2312774658203 1477.774658203125 224.40354919433594],0.3132379651069641,,0
2,213,4,[1631.5012416381408 75.69367344873456 1918.0559247591566 444.4827109443886],[1748.9124755859375 383.60760498046875 1841.435302734375 427.6412658691406],0.25254738330841064,,0
0,143,12,[1386.9651171367786 71.22176155253932 1591.2718565201021 267.89876211129973],[1407.75048828125 165.2222442626953 1477.7564697265625 224.41200256347656],0.31300023198127747,,0
0,144,12,[1387.1177268811066 71.28093322630662 1591.4417887463082 267.9186700295897],[1407.7554931640625 165.21047973632812 1477.7950439453125 224.41928100585938],0.3133052587509155,,0
2,215,4,[1631.5609903220684 75.46734438243345 1918.2174182026124 444.58333142195113],[1749.0499267578125 383.6202392578125 1841.4482421875 428.00408935546875],0.25804853439331055,,0
0,145,12,[1387.2226633916698 71.30268871538341 1591.5308796122326 267.90712977752645],[1407.7552490234375 165.20663452148438 1477.807373046875 224.42120361328125],0.31285321712493896,,0
0,146,12,[1387.1491692238073 71.31645755873195 1591.5132271613288 267.8992294323642],[1407.7584228515625 165.2002716064453 1477.8697509765625 224.42079162597656],0.31385764479637146,,0
0,147,12,[1387.0848895957272 71.33090755891493 1591.5059306541932 267.8958332144796],[1407.7554931640625 165.2039337158203 1477.8282470703125 224.4111785888672],0.3129768669605255,,0
2,216,4,[1631.6730132274001 75.44820397495803 1918.3094841565935 444.7672848214622],[1749.0618896484375 383.55865478515625 1841.5352783203125 428.05419921875],0.26640236377716064,,0
0,148,12,[1387.001256357307 71.35015107582774 1591.4904714650536 267.9101812715266],[1407.756591796875 165.1943359375 1477.915283203125 224.42355346679688],0.3123728632926941,,0
2,217,4,[1631.7518886958821 75.43986551546433 1918.356476803929 444.8935643208023],[1749.0640869140625 383.5646667480469 1841.5264892578125 428.04052734375],0.2660906910896301,,0
0,149,12,[1387.046251770376 71.36554216426211 1591.5341252303976 267.90923915666974],[1407.7532958984375 165.19949340820312 1477.9608154296875 224.4371795654297],0.31130969524383545,,0
0,150,12,[1387.0294127825198 71.37147378181287 1591.5358201519168 267.9037741416845],[1407.7489013671875 165.18878173828125 1477.95556640625 224.44638061523438],0.3121369481086731,,0
2,218,4,[1631.9639486311814 75.68409703908841 1918.42707389955 445.22737540842877],[1749.0933837890625 383.4938049316406 1841.8011474609375 428.0100402832031],0.2738696038722992,,0
0,151,12,[1385.741273069675 70.26518971825084 1591.2377695990192 267.64585962484443],[1407.83935546875 165.2197723388672 1479.2449951171875 224.1554718017578],0.2985967993736267,,0
2,219,4,[1631.9803243825345 75.84148359748625 1918.3724498219594 445.3956934381257],[1749.044677734375 383.5469970703125 1841.7744140625 427.8739013671875],0.27181026339530945,,0
0,152,12,[1385.3444737189168 69.64102174565622 1591.4217663955212 267.66689662966473],[1407.8543701171875 165.29339599609375 1479.4442138671875 224.1630401611328],0.29971110820770264,,0
2,220,4,[1631.9684136246701 75.60551848673245 1918.3196969309315 445.3336290683154],[1748.991943359375 383.5174255371094 1841.633056640625 428.0968322753906],0.2820722758769989,,0
0,153,12,[1385.0971421454383 69.29472783717591 1591.5955671237343 267.7901188489075],[1407.8538818359375 165.2908172607422 1479.4599609375 224.1669158935547],0.2998265326023102,,0
2,221,4,[1632.1196026037333 75.39879913541671 1918.3420680025042 445.24933262621306],[1749.03076171875 383.5295104980469 1841.7685546875 427.8509216308594],0.26553502678871155,,0
0,154,12,[1384.938642779056 69.0830120276043 1591.74071099938 267.9202248711475],[1407.85302734375 165.2904510498047 1479.4593505859375 224.16563415527344],0.2996177673339844,,0
0,155,12,[1384.8319455905964 68.94695455160019 1591.8528168298865 268.0330111258702],[1407.851806640625 165.28720092773438 1479.47900390625 224.1712646484375],0.29972293972969055,,0
0,156,12,[1384.7602215358675 68.85312656695999 1591.9384792061937 268.1215873398584],[1407.852294921875 165.27662658691406 1479.529541015625 224.18321228027344],0.29837536811828613,,0
0,157,12,[1384.708882415424 68.7877685930138 1592.000984712347 268.18928144391805],[1407.8524169921875 165.28001403808594 1479.51513671875 224.18087768554688],0.2984204888343811,,0
2,228,4,[1632.617852979301 75.89513258962208 1918.291322256944 444.4190464800323],[1748.946533203125 383.56707763671875 1841.255859375 428.2882995605469],0.2673698663711548,,0
0,158,12,[1384.692397385289 68.73810152254022 1592.0564349504566 268.2379638292074],[1407.8514404296875 165.2779998779297 1479.529541015625 224.18211364746094],0.2986624240875244,,0
0,159,12,[1384.7132801431849 68.7003531574507 1592.1083469226028 268.2725588950598],[1407.8519287109375 165.27859497070312 1479.516845703125 224.1829833984375],0.2982955276966095,,0
0,160,12,[1384.7277080070533 68.67231915996696 1592.1386133422436 268.2974837009546],[1407.8521728515625 165.2812957763672 1479.5074462890625 224.17945861816406],0.2980717718601227,,0
0,161,12,[1384.5030965865114 68.64982273436833 1592.0602909154193 268.3159498930251],[1407.8515625 165.27264404296875 1479.5355224609375 224.1852264404297],0.2983180582523346,,0
0,162,12,[1384.412565938193 68.63706565803147 1592.0661853980196 268.3315423666151],[1407.8492431640625 165.2647247314453 1479.5489501953125 224.18431091308594],0.2976575195789337,,0
0,163,12,[1384.328952339691 68.6243639021355 1592.0751677701764 268.3479207906891],[1407.8475341796875 165.26303100585938 1479.5574951171875 224.18728637695312],0.2974840998649597,,0
0,164,12,[1384.3638198823369 68.61895860697275 1592.1251968592715 268.3596373691938],[1407.84375 165.25364685058594 1479.6402587890625 224.21273803710938],0.2953452169895172,,0
2,248,2,[1206.741963908144 109.45701011202735 1512.544374098004 382.778564755483],[1270.92919921875 336.4315185546875 1361.9952392578125 382.76251220703125],0.5564869046211243,,0
0,165,12,[1384.2809315642128 68.60884840294808 1592.113775165746 268.38028290979474],[1407.8419189453125 165.24871826171875 1479.652587890625 224.21087646484375],0.2946367561817169,,0
2,249,2,[1208.0194806045167 110.0832693332134 1512.8101343555575 383.9428723408703],[1270.0623779296875 337.53558349609375 1360.789306640625 383.6966857910156],0.4585149586200714,,0
0,166,12,[1384.261640309608 68.57995266802023 1592.147985159147 268.3679784106484],[1407.84375 165.2501220703125 1479.686279296875 224.2207489013672],0.29426309466362,,0
2,250,2,[1208.7650416496583 110.25405519476843 1512.9507239381421 384.5056517088966],[1270.0323486328125 338.0384216308594 1360.8599853515625 383.6470642089844],0.44059476256370544,,0
0,167,12,[1384.2973121522743 68.56243865023059 1592.1932532943176 268.3616673960983],[1407.8453369140625 165.2493133544922 1479.7025146484375 224.2216796875],0.2946527302265167,,0
2,251,2,[1209.0786424746652 110.2251550696513 1512.729750553092 384.71107194256825],[1270.1341552734375 337.94482421875 1360.914794921875 383.5778503417969],0.4304933547973633,,0
0,168,12,[1384.2951862886293 68.55927805763038 1592.2011738180186 268.3619472870852],[1407.850341796875 165.25479125976562 1479.7088623046875 224.22747802734375],0.2954973876476288,,0
2,252,2,[1209.3290357110645 110.13920279867921 1512.6013515533832 384.8059413701998],[1270.2919921875 338.1620178222656 1360.56005859375 383.507080078125],0.4421970546245575,,0
0,169,12,[1384.183415025909 68.53456585040007 1592.14913183878 268.3527970857622],[1407.846435546875 165.248291015625 1479.8292236328125 224.2547607421875],0.29605475068092346,,0
0,170,12,[1384.1220360292284 68.51758480951395 1592.1381179138687 268.350727811799],[1407.8492431640625 165.25442504882812 1479.7965087890625 224.24400329589844],0.2971533536911011,,0
0,1,16,[1401.1724853515625 81.28860473632812 1590.4930419921875 262.74639892578125],[1407.8837890625 164.7451171875 1491.4970703125 224.73655700683594],0.3375062644481659,,0
2,15,2,[1202.9915625812525 108.35926156931299 1512.7115523282584 382.39200632633487],[1269.655517578125 334.26226806640625 1362.33251953125 382.1616516113281],0.48246335983276367,,0
2,16,2,[1202.9980182030467 108.5213553643714 1512.6109677937811 382.55534630392646],[1269.6314697265625 334.254638671875 1362.300048828125 382.04388427734375],0.47816166281700134,,0
2,26,2,[1203.0883128717755 108.59043951868864 1512.66343046468 383.56220979013216],[1269.4954833984375 333.9495849609375 1362.401123046875 382.5435791015625],0.44569844007492065,,0
2,27,2,[1203.0616077307532 108.26490366574777 1512.5911403630034 383.19202361799205],[1269.717041015625 334.1250305175781 1362.146484375 382.29742431640625],0.43122580647468567,,0
2,28,2,[1203.1463273126349 108.18526537267806 1512.7362449232753 383.12835711961543],[1269.6290283203125 334.09075927734375 1362.2518310546875 382.32586669921875],0.42957189679145813,,0
2,29,2,[1203.1970082343444 108.21220920088089 1512.7536816872 383.19186860688626],[1269.6038818359375 333.8780822753906 1362.44091796875 382.3931579589844],0.4520412087440491,,0
2,30,2,[1203.2776102665534 108.10686222959794 1512.9599005243113 383.1898251670747],[1269.5618896484375 333.9516296386719 1362.264892578125 382.2616271972656],0.4220602512359619,,0
2,31,2,[1203.2308091983118 108.09010686965146 1512.9648744719434 383.1139796024903],[1269.480224609375 333.9639892578125 1362.207763671875 382.26226806640625],0.41046959161758423,,0
2,32,2,[1203.1106000965478 108.11647700984736 1512.8468934217562 383.133971112078],[1269.5272216796875 334.078857421875 1362.02001953125 382.17059326171875],0.4137859344482422,,0
2,33,2,[1203.0889047512298 107.96310445493049 1512.8361369714005 382.82360882851526],[1269.4405517578125 334.178466796875 1361.816162109375 382.03619384765625],0.3827304542064667,,0
2,34,2,[1203.167437024054 107.99105725752133 1513.016760540519 382.8622513098943],[1269.4124755859375 334.1781921386719 1361.9228515625 382.072265625],0.40735137462615967,,0
2,35,2,[1203.1830512386673 108.00724198374246 1512.9502362515937 382.6271778738589],[1269.51904296875 334.1691589355469 1362.015869140625 382.0774230957031],0.4169028103351593,,0
2,36,2,[1203.1941146064546 108.13334147159986 1512.8221410628034 382.751885097422],[1269.604248046875 334.30059814453125 1361.9300537109375 381.9985656738281],0.4111923575401306,,0
0,50,25,[1634.69677734375 5.260425567626953 1918.11181640625 354.4496154785156],[1724.61181640625 307.02685546875 1783.3699951171875 349.63604736328125],0.46017372608184814,,0
0,50,16,[1401.0943758805536 78.48968263595103 1591.3108236710002 262.896217359311],[1408.0689697265625 165.58763122558594 1489.2205810546875 224.09083557128906],0.3472711741924286,,0
2,37,2,[1202.9106431671376 108.42595855032627 1512.4828368748622 383.21930364782554],[1269.4193115234375 334.35626220703125 1361.8465576171875 381.93182373046875],0.40373170375823975,,0
0,51,25,[1634.2317078509857 4.88377482660843 1918.1004930562656 354.5378695819525],[1724.575927734375 307.06195068359375 1783.6087646484375 349.6845703125],0.4730876088142395,,0
2,38,2,[1202.3789704136964 108.54394232010478 1511.8078775330334 383.3899732452569],[1269.5142822265625 334.5804138183594 1361.759521484375 381.9141845703125],0.40811389684677124,,0
0,51,16,[1401.1375450751411 78.14215822310642 1591.2334255688347 263.0739202630829],[1408.06787109375 165.5599365234375 1489.34228515625 224.10964965820312],0.3474806845188141,,0
2,39,2,[1202.3246608307586 108.67549948315033 1511.6196925563477 383.4593569800768],[1269.50244140625 334.2228698730469 1361.97216796875 382.0177917480469],0.4195927083492279,,0
0,52,12,[1640.4540165385229 136.77081913752556 1841.1498423867988 355.2546689529364],[1724.6470947265625 307.09661865234375 1783.5400390625 349.6837463378906],0.4748673141002655,,0
0,52,16,[1401.241835048804 78.21895604461146 1591.2151418419937 263.3922504451748],[1408.0035400390625 165.57742309570312 1489.14453125 224.0763702392578],0.3491867780685425,,0
2,40,2,[1202.5062402802027 108.66980148835904 1511.5496742137893 383.4367803862228],[1269.5562744140625 334.2789306640625 1362.0347900390625 381.9434814453125],0.4258568286895752,,0
0,53,25,[1633.7400002876823 4.881683934810695 1918.1857864920482 355.51118667060587],[1724.69091796875 307.16253662109375 1783.3271484375 349.599365234375],0.46740981936454773,,0
0,53,16,[1401.4353500096922 78.19956473892633 1591.1674641602722 263.4737511860044],[1408.0284423828125 165.57833862304688 1489.1712646484375 224.09051513671875],0.35028398036956787,,0
2,41,2,[1202.7926593989348 108.59453891026888 1511.746866278819 383.2275745646351],[1269.650146484375 334.5647277832031 1361.7880859375 381.9064636230469],0.4299507737159729,,0
0,54,25,[1633.6896364249753 4.8817824532808345 1918.1568926293714 355.59267982648964],[1724.70703125 307.11126708984375 1783.399658203125 349.5672912597656],0.4498445689678192,,0
0,54,16,[1401.4761141069991 78.25283155195672 1591.1039329655762 263.62173153926614],[1408.042724609375 165.53013610839844 1489.46240234375 224.12168884277344],0.3546692132949829,,0
2,42,2,[1202.8361110902545 108.69932026967706 1511.7295488729912 383.26562439854575],[1269.4486083984375 334.29022216796875 1361.97607421875 382.0838928222656],0.4350818693637848,,0
0,55,25,[1633.7971434941956 4.882753631835499 1918.0854366107483 355.4333089097022],[1724.698974609375 307.1596374511719 1783.566650390625 349.5857238769531],0.45859163999557495,,0
0,55,16,[1401.52581243142 78.283330513127 1591.036107836701 263.6411438555599],[1408.03466796875 165.47755432128906 1489.6162109375 224.16867065429688],0.3556500971317291,,0
2,43,2,[1203.2170242209431 108.61972670931297 1512.4266252044804 383.08823938771036],[1269.426025390625 334.24822998046875 1361.8800048828125 382.02191162109375],0.40702563524246216,,0
0,56,25,[1633.735636319094 4.946713224218257 1918.0703412422934 355.84289137165365],[1724.691650390625 307.20989990234375 1783.620849609375 349.6000671386719],0.47331535816192627,,0
0,56,16,[1401.5407712541203 78.33568461412897 1590.966707847719 263.68646244574603],[1408.0396728515625 165.46792602539062 1489.60546875 224.16842651367188],0.3534892201423645,,0
2,44,2,[1202.9275321920545 108.86081439771186 1512.3493627902826 383.52582586311894],[1269.4068603515625 334.1441345214844 1362.1300048828125 382.11181640625],0.4406472146511078,,0
0,57,25,[1633.7463498516158 4.886573863070481 1918.00150305338 355.9468797407392],[1724.6546630859375 307.206298828125 1783.7142333984375 349.62774658203125],0.4737979471683502,,0
0,57,16,[1401.556533575828 78.30685442690326 1590.9433768538636 263.6649212755123],[1408.052978515625 165.47634887695312 1489.51220703125 224.14974975585938],0.35196858644485474,,0
2,45,2,[1202.9066042501927 108.88970259286108 1512.3547587966782 383.60471470860614],[1269.3648681640625 334.2768859863281 1361.9627685546875 382.0487365722656],0.43363386392593384,,0
0,58,12,[1639.9706621651947 136.19939136918202 1841.383504236964 356.1891909795465],[1724.653564453125 307.2181091308594 1783.664794921875 349.70013427734375],0.4778730273246765,,0
2,46,2,[1203.248558329626 108.81460604019995 1512.9538854214127 383.46170373946666],[1269.3779296875 334.2753601074219 1362.1263427734375 382.03887939453125],0.42886868119239807,,0
0,58,16,[1401.5775386097707 78.37032926876503 1590.9229687187085 263.7065197511468],[1408.0380859375 165.47991943359375 1489.538818359375 224.1595458984375],0.35204339027404785,,0
0,59,12,[1640.0856679816695 136.27805721205127 1841.3360262475733 356.23277939246657],[1724.644775390625 307.1814880371094 1783.6922607421875 349.65521240234375],0.47555845975875854,,0
2,47,2,[1203.3612342372594 108.77760898062877 1513.2055610394282 383.45295619374815],[1269.3380126953125 334.3475646972656 1362.0523681640625 381.9613037109375],0.4102441668510437,,0
0,59,16,[1401.5806817370292 78.38380167945968 1590.9156363367945 263.7399831824141],[1408.0233154296875 165.4408721923828 1489.6209716796875 224.1892547607422],0.35003602504730225,,0
0,60,12,[1640.341636280875 136.21307826469715 1841.7400346225852 356.1976306465016],[1724.631591796875 307.1310729980469 1783.418701171875 349.6041259765625],0.4497753977775574,,0
2,48,2,[1203.3667079684885 108.72940341465369 1513.3458824213124 383.35338328686487],[1269.412353515625 334.0507507324219 1362.37353515625 382.2144470214844],0.4399717152118683,,0
0,60,16,[1401.562404982142 78.33162964132492 1590.9029656735381 263.7208673809057],[1408.05029296875 165.40646362304688 1489.9434814453125 224.2316131591797],0.3510846197605133,,0
2,49,2,[1203.4069582254542 108.77342377369746 1513.405240910277 383.2592781000633],[1269.5518798828125 333.974853515625 1362.2698974609375 382.21234130859375],0.45822346210479736,,0
0,61,25,[1634.3020773373025 4.742272049164541 1918.217679366592 356.10076870335445],[1724.7418212890625 307.05303955078125 1783.0880126953125 349.58990478515625],0.41481852531433105,,0
0,61,16,[1401.6215532484332 78.31451534905115 1590.9492536018836 263.69695498088504],[1408.049560546875 165.41917419433594 1490.09765625 224.24583435058594],0.35151299834251404,,0
0,62,16,[1401.5215986337273 78.33425805130572 1590.9061022266603 263.69832196144523],[1408.0863037109375 165.30784606933594 1490.862060546875 224.34837341308594],0.3580777049064636,,0
2,50,2,[1203.4445571000472 108.71913043972967 1513.4271845562278 383.17732027957334],[1269.6146240234375 334.0345764160156 1362.2103271484375 382.2077941894531],0.45100274682044983,,0
0,62,25,[1634.0809141677844 4.710567107178321 1918.1580507434235 356.3618139493582],[1724.781005859375 307.0564270019531 1782.85693359375 349.5041198730469],0.3550637364387512,,0
2,51,2,[1201.2143526817226 109.35968436927371 1511.4923413674028 385.231751325329],[1270.161865234375 333.75885009765625 1362.6806640625 382.6498718261719],0.4601943790912628,JP50ANH,0.00593689364254091
0,63,25,[1635.4142630873644 4.654209511574891 1919.3162818966357 357.15649201618857],[1724.6707763671875 307.1615295410156 1782.9722900390625 349.4604797363281],0.3670041561126709,,0
0,63,16,[1401.4039554740439 78.30191718648055 1590.8762929575719 263.671675791138],[1408.053955078125 165.24746704101562 1491.0289306640625 224.35739135742188],0.361072301864624,,0
2,52,2,[1200.598996391374 108.76381886890204 1511.0467983671037 384.9690332949453],[1270.48388671875 333.982666015625 1362.531005859375 382.044921875],0.42587360739707947,JP50ANH,0.00593689364254091
0,64,16,[1401.349468313211 78.25946669491579 1590.9031484293048 263.66408861624836],[1408.0394287109375 165.2276611328125 1491.0374755859375 224.37855529785156],0.36000022292137146,,0
0,64,25,[1636.0731227838726 4.688802456293303 1919.7652204192307 357.7994275114164],[1724.6685791015625 307.0928039550781 1782.7305908203125 349.38623046875],0.3531094193458557,,0
2,53,2,[1201.051408830972 108.69287620859964 1511.3014968593584 386.2086184464491],[1268.5054931640625 336.1275939941406 1361.70068359375 381.86956787109375],0.3564210832118988,,0
0,65,16,[1401.312704339896 78.22724612880675 1590.928756709193 263.6178989106416],[1408.0770263671875 165.29617309570312 1490.70703125 224.33761596679688],0.35554826259613037,,0
2,54,2,[1201.6081728070342 108.26624531413071 1511.5348424265092 386.2979998183638],[1269.0577392578125 336.3152160644531 1362.00439453125 381.520751953125],0.40179574489593506,,0
0,65,25,[1636.31463654599 4.703941876895641 1919.8936867598138 358.58026509908586],[1724.662109375 306.9862976074219 1782.4542236328125 349.45037841796875],0.33164483308792114,,0
0,66,16,[1401.278446500295 78.19789445093438 1590.9748655502235 263.66319272556086],[1408.0784912109375 165.2622528076172 1490.9168701171875 224.3719940185547],0.35790276527404785,,0
2,55,2,[1201.8121369648031 108.08069168370847 1511.4388699124922 386.4476402882716],[1269.1429443359375 336.3459167480469 1362.2440185546875 381.2192077636719],0.3164478540420532,,0
0,66,25,[1636.2274007067674 4.19326786266393 1919.8135815817802 358.2931699579085],[1724.6390380859375 307.006103515625 1782.3765869140625 349.4060974121094],0.306776762008667,,0
2,56,2,[1201.9537402607389 108.40495379287182 1511.3858345932867 387.5039806139069],[1268.9580078125 336.3602600097656 1361.9736328125 380.9378356933594],0.2970391511917114,,0
0,67,16,[1401.2563602557782 78.20038650704856 1590.990285248931 263.661677382114],[1408.0537109375 165.26614379882812 1490.8514404296875 224.36920166015625],0.36038485169410706,,0
0,67,25,[1636.128580678962 4.182102323718539 1919.7889737333567 358.76661957056706],[1724.615966796875 306.9452819824219 1782.449462890625 349.3944396972656],0.3111723065376282,,0
2,57,2,[1202.2989590402776 108.94713826631948 1511.5026402631252 388.9555797376573],[1269.000732421875 336.18414306640625 1362.021240234375 380.78680419921875],0.259132981300354,,0
0,68,16,[1401.2485452216629 78.11799534946776 1591.0052708173184 263.595320698452],[1408.048095703125 165.2788848876953 1490.802490234375 224.36221313476562],0.36229029297828674,,0
0,68,25,[1636.1932237735552 4.394242046199679 1919.8462460423573 359.49724019638364],[1724.6722412109375 306.97039794921875 1782.3643798828125 349.319580078125],0.30607131123542786,,0
0,69,16,[1401.3002530955555 77.98429411942008 1591.0383871506883 263.43216425481694],[1408.0460205078125 165.29502868652344 1490.8037109375 224.34805297851562],0.3667866289615631,,0
0,69,25,[1636.3094765408837 4.55278783363616 1919.913976370657 360.2877108668533],[1724.6407470703125 307.1761779785156 1782.3526611328125 349.1943054199219],0.30944061279296875,,0
0,70,16,[1401.386608234096 78.01670064064092 1591.058877797851 263.3930585474661],[1408.02392578125 165.27850341796875 1490.7225341796875 224.3529052734375],0.3696061372756958,,0
0,70,25,[1636.2984448674572 4.545090685655424 1919.90655263861 360.87070695784973],[1724.6656494140625 307.2491760253906 1782.098876953125 349.16217041015625],0.2996717095375061,,0
0,71,16,[1401.4922762757 78.09496890301178 1591.0450580934753 263.33714016415087],[1408.013671875 165.30455017089844 1490.3382568359375 224.31385803222656],0.3631257712841034,,0
2,67,2,[1200.7508782341847 106.13024860481337 1511.733139348276 385.99157262049755],[1269.0037841796875 335.0509948730469 1364.74365234375 384.0708923339844],0.45501554012298584,,0
0,71,25,[1636.3665714525478 4.316049796277156 1919.9083048804455 360.9580119109796],[1724.6925048828125 307.3898010253906 1782.0191650390625 349.1082763671875],0.34176719188690186,,0
2,68,2,[1201.2805153209551 106.63807089079623 1511.78499065078 385.26738865852167],[1269.05126953125 335.28350830078125 1364.6407470703125 383.9381103515625],0.42636311054229736,,0
0,72,16,[1401.5896382194483 78.204767160889 1591.0246885405 263.2960984784181],[1408.01123046875 165.2530975341797 1490.6597900390625 224.3587188720703],0.3669644892215729,,0
0,72,25,[1636.3356171401833 4.065582148467115 1919.8551114706643 360.84340457036683],[1724.657958984375 307.36981201171875 1782.0146484375 349.1653747558594],0.3379834294319153,,0
2,69,2,[1202.107123005231 107.08079614025638 1512.6196811819352 384.28783918774684],[1271.088623046875 334.0175476074219 1362.881103515625 382.25640869140625],0.38229885697364807,,0
0,73,16,[1401.6865564491611 78.31093294633567 1591.0250864460224 263.2709209540592],[1408.0191650390625 165.2471466064453 1490.58984375 224.35963439941406],0.3653998374938965,,0
0,73,25,[1634.73063336135 4.251607314169689 1918.5928372579256 360.6796197529868],[1724.6656494140625 307.3992004394531 1782.0703125 349.1251220703125],0.33968374133110046,,0
0,74,16,[1401.745393516068 78.36723420788277 1591.018314815979 263.2288166477575],[1408.0029296875 165.23680114746094 1490.80615234375 224.389892578125],0.3690170347690582,,0
0,74,25,[1635.6671833892196 3.9803171536807724 1919.395142989296 360.57406565389533],[1724.6529541015625 307.341796875 1782.102294921875 349.12310791015625],0.33835503458976746,,0
0,75,16,[1401.7901148031467 78.39544927540075 1591.0166396849947 263.17951782055684],[1407.998046875 165.26028442382812 1490.7393798828125 224.36288452148438],0.37163954973220825,,0
0,75,25,[1634.3832940777884 4.380410760096765 1918.4105762240893 360.86398350634863],[1724.71728515625 307.39117431640625 1782.071044921875 349.04290771484375],0.32643601298332214,,0
0,76,16,[1401.8066707295427 78.50312909866743 1590.9911567905312 263.1698856613491],[1408.02734375 165.3094024658203 1490.608642578125 224.3319854736328],0.3714923858642578,,0
0,76,25,[1633.860198232638 4.40969118000416 1917.9757838582748 360.34893973686303],[1724.725341796875 307.3170166015625 1782.131103515625 349.05975341796875],0.32268938422203064,,0
0,77,16,[1401.8166800002352 78.60761159042443 1590.9823745639499 263.24136009496505],[1408.031982421875 165.28582763671875 1490.5870361328125 224.3448028564453],0.368040531873703,,0
0,77,25,[1633.719481781486 4.7250284117213255 1917.8747017110784 360.5873827440552],[1724.70849609375 307.441162109375 1782.175048828125 349.04644775390625],0.3581046164035797,,0
0,78,36,[1639.9379290474642 136.27837816028517 1836.2138923888476 358.48412114475684],[1724.6671142578125 307.4572448730469 1782.2025146484375 348.9473876953125],0.37177833914756775,,0
0,78,16,[1401.8653957934448 78.64252370270044 1590.9658842990925 263.23572989070914],[1408.0159912109375 165.28131103515625 1490.4259033203125 224.3424835205078],0.3644576370716095,,0
0,79,36,[1639.8275529854718 136.32074550134018 1835.8563448519144 358.7340372127323],[1724.6510009765625 307.4401550292969 1782.40283203125 349.0019836425781],0.39404380321502686,,0
0,79,16,[1401.9374742424736 78.70142730759623 1590.9552189003941 263.24396324080186],[1408.008544921875 165.3244171142578 1490.0240478515625 224.30442810058594],0.35780829191207886,,0
0,80,36,[1639.7498657937062 136.4016863876006 1835.1847230901371 358.64342163008126],[1724.6956787109375 307.51849365234375 1782.1424560546875 348.97576904296875],0.387555867433548,,0
0,80,16,[1402.0051479655194 78.7506064016515 1590.938770788633 263.2400248854143],[1408.013671875 165.3318328857422 1490.0255126953125 224.31106567382812],0.3587719798088074,,0
0,81,36,[1639.743086406103 136.4194095118215 1834.8863741441846 358.82126075663064],[1724.6363525390625 307.5615539550781 1782.0018310546875 348.907958984375],0.3750063478946686,,0
0,81,16,[1401.9976716574147 78.71030721814093 1590.895691839537 263.21883467243623],[1408.0291748046875 165.36891174316406 1489.958251953125 224.2785186767578],0.36128243803977966,,0
0,82,16,[1401.9487828357385 78.73515877167237 1590.8648796854552 263.2694927870084],[1408.0294189453125 165.3929443359375 1489.986572265625 224.2518310546875],0.3666756749153137,,0
0,82,36,[1639.8191492110366 136.2835256627014 1834.6328724888374 358.6114642103381],[1724.6759033203125 307.55487060546875 1781.7769775390625 348.8456115722656],0.3553776443004608,,0
0,83,36,[1639.9665042918264 136.40870773127415 1834.5954251952076 358.6055559066146],[1724.6400146484375 307.56219482421875 1781.9461669921875 348.8472595214844],0.379471093416214,,0
0,83,16,[1401.9554517120075 78.59672021110154 1590.859007654388 263.1446494725518],[1407.9979248046875 165.40480041503906 1489.64794921875 224.2195587158203],0.3617519736289978,,0
0,84,36,[1640.138518196989 136.3378654689367 1835.0494569883535 358.8174138401496],[1724.5364990234375 307.4505615234375 1781.8756103515625 348.78350830078125],0.3784128725528717,,0
0,84,16,[1402.0035781124193 78.55189273395604 1590.8794158609226 263.08945860721514],[1407.9896240234375 165.3907470703125 1489.7227783203125 224.21621704101562],0.36571767926216125,,0
0,85,36,[1640.1594642466725 136.18376806994874 1835.2728300831814 358.77762775669044],[1724.5089111328125 307.3744201660156 1781.9908447265625 348.8415832519531],0.39038097858428955,,0
0,85,16,[1402.002320218792 78.55810980952403 1590.8711585907515 263.13366210947686],[1407.9892578125 165.3602294921875 1489.7608642578125 224.23751831054688],0.36502909660339355,,0
0,86,16,[1402.058631958187 78.47939208399818 1590.877292152522 263.08755579645566],[1407.9957275390625 165.3135223388672 1490.088134765625 224.2906036376953],0.3687814474105835,,0
0,86,36,[1640.2619383648241 136.02383951184072 1835.7430979660683 358.705626458811],[1724.4793701171875 307.2475280761719 1781.8873291015625 348.83197021484375],0.3685312867164612,,0
2,129,2,[1204.2022185532524 109.13005201195378 1512.0066563980886 384.688693206038],[1270.2930908203125 335.1095275878906 1362.2486572265625 383.905517578125],0.6391940712928772,MN05TSD,0.049984285949662303
0,87,36,[1640.3254062917251 136.1811637146094 1836.1315531202165 359.12078319397],[1724.4730224609375 307.2605285644531 1781.8677978515625 348.78143310546875],0.3729061186313629,,0
0,87,16,[1402.0885329207872 78.3767420721637 1590.8994339838578 262.9963694242339],[1407.985595703125 165.32666015625 1490.0289306640625 224.27178955078125],0.370778352022171,,0
2,130,2,[1203.5914884933934 109.81388868452515 1511.8118947471855 387.5671749747877],[1267.92529296875 338.0467529296875 1363.082275390625 385.1539306640625],0.5358947515487671,,0
0,88,36,[1640.2879557158087 136.2219285284503 1836.4203550535888 359.37488808321217],[1724.4986572265625 307.36138916015625 1781.9234619140625 348.83203125],0.39192289113998413,,0
0,88,16,[1402.0692110298946 78.27025782734493 1590.8983381177873 262.93138318002497],[1407.9749755859375 165.31068420410156 1489.839599609375 224.28121948242188],0.36419877409935,,0
2,131,2,[1203.996806539046 108.04368977815079 1511.8215566583447 384.35504797085906],[1270.666015625 333.3100280761719 1363.6253662109375 381.24200439453125],0.521568238735199,,0
0,89,36,[1640.32753290851 136.2770988035714 1836.621180691909 359.1615514542772],[1724.5225830078125 307.32366943359375 1781.9517822265625 348.76483154296875],0.38416483998298645,,0
0,89,16,[1401.9655431304925 78.22682578503127 1590.865445940268 262.90957209815207],[1408.0013427734375 165.2823028564453 1490.0419921875 224.3031463623047],0.3658006489276886,,0
2,132,2,[1204.2080353472527 107.63970300504792 1511.7604062246398 382.8747239042075],[1270.631103515625 333.3092041015625 1363.70068359375 381.2380676269531],0.5185147523880005,,0
0,90,43,[1632.426173568632 4.613451625919538 1917.6071163580548 361.1513200480866],[1724.4881591796875 307.15478515625 1782.0986328125 348.83331298828125],0.3864316940307617,,0
0,90,16,[1401.8794347971393 78.12188184309137 1590.8640462526905 262.9043702078787],[1408.00146484375 165.21099853515625 1490.2415771484375 224.34568786621094],0.3651493489742279,,0
2,133,2,[1204.4753921115425 107.76768835814298 1511.8857939176996 382.27303300314986],[1270.6519775390625 333.4571228027344 1363.7149658203125 381.1617736816406],0.5047222375869751,,0
0,91,43,[1631.9547647528607 4.759470047181168 1917.3195280710152 361.29567110188714],[1724.509033203125 307.2191162109375 1782.2454833984375 348.91131591796875],0.41267508268356323,,0
0,91,16,[1401.7869773786554 78.18919711286378 1590.8318773732742 263.0406185393988],[1408.0001220703125 165.2262725830078 1490.2496337890625 224.3459930419922],0.36611929535865784,,0
2,134,2,[1204.5535152253858 108.01467494099396 1511.8140901622667 381.9118458705309],[1270.78369140625 333.6124267578125 1363.607666015625 381.0659484863281],0.5124180912971497,,0
0,92,43,[1631.7689406979644 4.857430716391605 1917.244466591269 361.3465217604236],[1724.5394287109375 307.28936767578125 1782.1612548828125 348.8155822753906],0.41241180896759033,,0
0,92,16,[1401.7779758568877 78.19410486571033 1590.8261055529897 263.0792692858687],[1408.0008544921875 165.20590209960938 1490.3023681640625 224.3572998046875],0.36660125851631165,,0
2,135,2,[1204.4714441619258 108.21843579635348 1511.7262364580693 381.67478243540927],[1270.8179931640625 333.67510986328125 1363.660888671875 381.08843994140625],0.5063349008560181,,0
0,93,16,[1401.717922858787 78.12470550458879 1590.7902151861554 263.136385249155],[1407.9580078125 165.26898193359375 1489.4083251953125 224.28799438476562],0.36468473076820374,,0
2,136,2,[1204.4146163703642 108.38514013251122 1511.640251668455 381.4525975261207],[1270.831298828125 333.70745849609375 1363.70751953125 381.10943603515625],0.519691526889801,,0
0,94,36,[1640.2891525343089 136.0008936690312 1838.0436380745682 359.3370984219685],[1724.501953125 307.1798400878906 1782.32666015625 348.956298828125],0.4248136878013611,,0
0,94,16,[1401.657619525871 78.02744864451564 1590.793376773697 263.23579190004887],[1407.971923828125 165.26564025878906 1489.5408935546875 224.3005828857422],0.36557257175445557,,0
2,137,2,[1204.4055015806746 108.60478799514766 1511.6276225012796 381.37604946551653],[1270.5858154296875 333.5050964355469 1363.8271484375 381.2607421875],0.5045207738876343,,0
0,95,36,[1640.3869355876243 135.99944634277824 1838.6651079327069 359.5144024102579],[1724.517333984375 307.23699951171875 1782.3497314453125 348.94036865234375],0.42721468210220337,,0
0,95,16,[1401.5620629791229 77.83986628092279 1590.8130650566482 263.23739426547615],[1407.93896484375 165.27378845214844 1489.41357421875 224.2624969482422],0.3668431043624878,,0
2,138,2,[1204.442815802106 108.67624495181269 1511.6309876695773 381.226238399255],[1270.600341796875 333.6197204589844 1363.784423828125 381.1571960449219],0.5124514698982239,,0
0,96,36,[1640.5373982926271 136.15008397956404 1839.1791380246214 359.60387188937796],[1724.5433349609375 307.3150634765625 1782.2728271484375 348.8932800292969],0.43601176142692566,,0
0,96,16,[1401.5339849170334 77.74340256841688 1590.838320002583 263.2276329054714],[1407.958251953125 165.2962646484375 1489.1846923828125 224.250732421875],0.3621695935726166,,0
0,97,36,[1640.1959701347043 136.25642596076418 1838.4680138604583 359.45911605515334],[1724.512939453125 307.3167419433594 1782.117919921875 348.84954833984375],0.4435582756996155,,0
0,97,16,[1401.514863822925 77.687574062868 1590.8571296790853 263.2481298334058],[1407.9482421875 165.25772094726562 1489.250732421875 224.26528930664062],0.35976386070251465,,0
0,98,16,[1401.5119809468736 77.59612483601258 1590.867272286833 263.26413708038604],[1407.951171875 165.37449645996094 1488.724853515625 224.20834350585938],0.35675472021102905,,0
0,99,16,[1401.534371701917 77.51229004923316 1590.8839448445399 263.21491041187977],[1407.9503173828125 165.33018493652344 1488.5185546875 224.18275451660156],0.35619688034057617,,0
0,100,45,[1636.3563420129183 -2.002167981317882 1920.2150859400683 372.3817782813927],[1723.933349609375 306.572021484375 1783.2481689453125 349.29119873046875],0.4719119071960449,,0
0,100,16,[1401.6689496922677 78.04561326195095 1590.8232493040477 263.85245424939643],[1408.192626953125 165.3153076171875 1489.1527099609375 224.3459014892578],0.3492550253868103,,0
0,101,45,[1634.7786264247936 -0.9128804256173737 1920.4744691968924 372.42868348456375],[1723.802490234375 306.3682556152344 1783.3304443359375 349.3133239746094],0.4702680706977844,,0
0,101,15,[1401.0387283065393 74.44026449760986 1590.2896115784388 261.57866666499774],[1408.16552734375 165.34231567382812 1489.21533203125 224.37295532226562],0.3487352132797241,,0
0,102,45,[1634.246701795883 0.04331476286679958 1920.7382318134637 372.4097392740442],[1723.909423828125 306.48614501953125 1783.35205078125 349.379150390625],0.47005999088287354,,0
2,161,5,[1639.4355428705699 73.31016473603742 1916.5918195015015 441.51549782745303],[1750.048095703125 384.5292663574219 1840.685302734375 429.9128723144531],0.3287125825881958,,0
0,102,15,[1401.0532442281392 74.56465941090713 1590.2241363629537 261.8786907098465],[1408.116455078125 165.2563018798828 1488.9564208984375 224.35231018066406],0.3539516031742096,,0
2,162,2,[1212.5365900499874 111.47208727418868 1515.888319444974 390.6099578239357],[1285.94677734375 339.60772705078125 1363.3282470703125 386.84967041015625],0.5816556215286255,,0
0,103,45,[1634.075939104287 0.5914254912940748 1920.6667177132117 371.623610577788],[1723.9449462890625 306.3908386230469 1783.2886962890625 349.42822265625],0.4578079879283905,,0
2,163,2,[1215.2465003332213 112.75699372216476 1516.0690481802994 393.54700888197476],[1285.8648681640625 339.69287109375 1363.3433837890625 386.7393493652344],0.58259516954422,,0
0,103,15,[1401.048062413736 75.2609406440841 1590.5602097649669 262.6792868663173],[1408.137451171875 165.392578125 1489.82958984375 224.38595581054688],0.3594611883163452,,0
2,164,2,[1217.286151270384 112.35672096140462 1516.202441500564 393.7460699680897],[1286.8565673828125 339.6424560546875 1362.976806640625 386.0824890136719],0.5941571593284607,,0
0,104,45,[1634.0892990463622 1.0924969828725466 1920.5342117066293 370.92375484771276],[1723.940185546875 306.3856201171875 1783.27587890625 349.42437744140625],0.4565299451351166,,0
0,104,15,[1400.989651861856 74.92077652498499 1590.3555076403388 262.57019587541294],[1408.1275634765625 165.38905334472656 1489.6785888671875 224.37290954589844],0.3577263653278351,,0
2,165,2,[1218.7385720025595 112.77711159670918 1516.1191919318012 395.5372843954878],[1286.79931640625 339.4646301269531 1362.8115234375 385.9195861816406],0.6047205924987793,,0
0,105,45,[1634.2675545407583 1.5732498794667436 1920.4945582510582 370.5021644810606],[1723.9302978515625 306.4001770019531 1783.2344970703125 349.39471435546875],0.45495927333831787,,0
2,166,2,[1219.6604810246731 112.47508878311089 1515.9795963135489 396.54116881847864],[1286.783935546875 339.57476806640625 1362.83349609375 385.8401184082031],0.6030135154724121,,0
0,105,15,[1400.9972117735035 75.34222787538667 1590.6365327796677 263.0521139252935],[1408.102294921875 165.38575744628906 1489.56298828125 224.3588104248047],0.3572615385055542,,0
2,167,47,[1218.03394541126 47.15243570269081 1920.0937598543933 498.46142487766565],[1286.7489013671875 339.6662292480469 1362.84716796875 385.7727355957031],0.6030719876289368,,0
0,106,45,[1634.2202347283428 1.9090610530531933 1920.282544613825 370.0451250682787],[1723.93408203125 306.31964111328125 1783.3023681640625 349.41680908203125],0.456000953912735,,0
0,106,15,[1400.941259552423 75.52680945413897 1590.789489908894 263.23180888908354],[1408.0916748046875 165.3870391845703 1489.553466796875 224.35752868652344],0.3571564257144928,,0
2,168,47,[1216.2870492408194 49.21321156538434 1921.7168144364607 512.1419342123766],[1286.6619873046875 339.61688232421875 1362.9678955078125 385.883056640625],0.6018205285072327,,0
2,169,47,[1217.817346698515 43.50722893885043 1919.5886878454949 502.3789119496598],[1286.7161865234375 339.7447814941406 1362.913330078125 385.7939758300781],0.6011561751365662,,0
0,107,45,[1634.429649763023 2.348146546704129 1920.2309894553796 369.9079824541832],[1723.94873046875 306.3716125488281 1783.309326171875 349.4128723144531],0.4598658084869385,,0
0,107,15,[1400.8479543528917 75.58880984402305 1590.8724450101042 263.31495929205016],[1408.0804443359375 165.41107177734375 1489.372314453125 224.30882263183594],0.3572083115577698,,0
2,170,47,[1220.2859294519546 39.88577210219549 1918.141969097241 490.7156336280882],[1286.6842041015625 339.63751220703125 1362.958984375 385.8957214355469],0.5973244309425354,,0
0,108,45,[1634.7351682502313 2.5921521756069694 1920.1801307795263 369.67244431346035],[1723.9947509765625 306.35687255859375 1783.38134765625 349.3664245605469],0.463361531496048,,0
2,171,47,[1221.8831740035394 35.64736367205174 1916.2507013563477 474.47632829093743],[1286.7030029296875 339.5997619628906 1362.9005126953125 385.8695983886719],0.5949983596801758,,0
0,108,15,[1400.7816866211529 75.57236401747755 1590.9431620423456 263.329072426253],[1408.087158203125 165.41958618164062 1489.285400390625 224.30484008789062],0.3555021584033966,,0
2,172,47,[1222.0633125171114 39.55205726114497 1916.2210666243202 477.8040352425467],[1286.5599365234375 339.4981689453125 1363.029052734375 385.9443359375],0.6020442247390747,,0
0,109,45,[1634.3697804638591 2.6033715769585513 1919.777596437028 369.1589358250827],[1723.9874267578125 306.33392333984375 1783.4447021484375 349.35491943359375],0.4683261215686798,,0
0,109,15,[1400.7397875160502 75.0575767154466 1590.638991728066 262.95979958691646],[1408.0955810546875 165.41770935058594 1489.1905517578125 224.29371643066406],0.35292863845825195,,0
2,173,2,[1211.707933434707 106.00568067195795 1508.1209300656085 388.99562245852314],[1270.0048828125 336.0852355957031 1363.95556640625 381.9236755371094],0.47843387722969055,,0
2,173,5,[1638.5125087228128 62.6241496982251 1914.559164341869 445.4124817743211],[1749.850341796875 383.6543884277344 1842.473876953125 425.8105773925781],0.2699614465236664,,0
0,110,45,[1634.3156396575182 2.79365730272616 1919.645203399873 368.98394566609],[1723.9837646484375 306.3637390136719 1783.3692626953125 349.33062744140625],0.46597978472709656,,0
0,110,15,[1400.7904582727094 75.4654505569865 1590.8402222896586 263.2928627244389],[1408.0787353515625 165.39491271972656 1489.346435546875 224.31971740722656],0.35627320408821106,,0
2,174,2,[1208.6515233819923 105.34790648228693 1507.890028203672 386.148661907343],[1270.2926025390625 336.02618408203125 1363.9295654296875 382.0278625488281],0.5091227889060974,,0
0,111,45,[1634.1543949313416 2.8548168521822106 1919.4327729299528 368.53482556020367],[1724.0262451171875 306.3179016113281 1783.0631103515625 349.20404052734375],0.43215397000312805,,0
2,174,5,[1635.4509060485047 57.98103996598684 1914.8397776033707 443.7504874634495],[1749.8515625 383.6765441894531 1842.4249267578125 425.81158447265625],0.26000890135765076,,0
0,111,15,[1400.8150458873858 75.02343742761974 1590.592567661359 262.87600790171274],[1408.0992431640625 165.37403869628906 1489.7545166015625 224.35679626464844],0.3631897568702698,,0
2,175,2,[1206.9994890312762 105.56827048527836 1508.1580424604274 384.6890549451192],[1270.389404296875 336.003173828125 1363.9376220703125 382.0066223144531],0.5054728984832764,,0
0,112,45,[1634.4452085305797 3.133574604522437 1919.4889788532241 368.69174508824284],[1724.0291748046875 306.2518005371094 1783.0989990234375 349.1980895996094],0.4248926639556885,,0
0,112,15,[1400.8708785516924 74.79071428385264 1590.435482214632 262.64523233191227],[1408.082763671875 165.37184143066406 1489.7554931640625 224.3667755126953],0.36248621344566345,,0
2,175,5,[1633.7192609622475 55.2832607877306 1915.5417441698519 443.6005595200736],[1749.8382568359375 383.67974853515625 1842.3057861328125 425.7978515625],0.25717052817344666,,0
0,113,45,[1636.0330213362909 3.158334814773127 1920.4930083838772 368.6782214838],[1724.0732421875 306.26861572265625 1783.1339111328125 349.09039306640625],0.42998138070106506,,0
2,176,2,[1206.0344115123894 106.20230581234594 1508.581245357731 384.1989230496083],[1270.2890625 336.0576171875 1363.93212890625 382.03887939453125],0.5111380219459534,,0
0,113,15,[1400.8863679210594 75.33356670327255 1590.6938894926043 263.08319213732375],[1408.0855712890625 165.35519409179688 1489.86181640625 224.38912963867188],0.36257702112197876,,0
2,176,5,[1631.8938330360884 52.2904895710237 1915.9418568449164 443.1372630259142],[1749.798095703125 383.654052734375 1842.3978271484375 425.9393310546875],0.2681126296520233,,0
0,114,45,[1636.4601014250102 2.865564068362602 1920.6585588416683 368.14037434271233],[1724.0364990234375 306.212890625 1783.3919677734375 349.1656799316406],0.44758620858192444,,0
0,114,15,[1400.875846567095 74.90807324479945 1590.481311417601 262.7135448867049],[1408.0965576171875 165.374267578125 1489.7352294921875 224.37579345703125],0.3584587574005127,,0
2,177,2,[1205.609785474688 106.73269165348546 1509.2173919516606 383.85719685547247],[1270.342529296875 336.11444091796875 1363.87353515625 382.0418701171875],0.5097581744194031,,0
2,177,5,[1631.1232970880085 51.28518170372658 1916.5990258776312 443.6063271892548],[1749.8016357421875 383.6228332519531 1842.5167236328125 425.97247314453125],0.2804892361164093,,0
0,115,45,[1636.6528637623162 2.886306623289471 1920.650859477703 367.95340112851454],[1724.005859375 306.154541015625 1783.4305419921875 349.2344970703125],0.4444859027862549,,0
0,115,15,[1400.8912984074918 74.73513231605156 1590.3586335355144 262.60294548785896],[1408.0986328125 165.3816375732422 1489.71875 224.3690185546875],0.35698214173316956,,0
2,178,2,[1207.9361969171418 106.68782324181973 1511.5754640109453 382.7350272830273],[1270.65966796875 336.0836181640625 1364.378173828125 382.6986083984375],0.43060070276260376,,0
2,178,5,[1632.5830560979653 53.559869523908304 1917.9270358349 445.12515478376974],[1749.76513671875 383.30712890625 1842.4337158203125 426.1146240234375],0.2837250828742981,,0
0,116,45,[1636.7259714746933 2.8394149570209493 1920.589076648425 367.65076909022895],[1724.03466796875 306.15289306640625 1783.3560791015625 349.1904602050781],0.4351402819156647,,0
0,116,52,[1401.6884064303101 78.40655236204968 1590.494432387962 265.07410538970316],[1408.0943603515625 165.35336303710938 1489.9200439453125 224.4088592529297],0.35822391510009766,,0
0,117,45,[1636.6719147800593 2.9628596154403795 1920.4609267357748 367.61064794952324],[1724.0123291015625 306.1559143066406 1783.4725341796875 349.2052001953125],0.44912198185920715,,0
0,117,52,[1401.719619328157 78.30669752179841 1590.510944551686 265.02910024137475],[1408.0863037109375 165.37289428710938 1489.7451171875 224.37286376953125],0.35842981934547424,,0
2,179,5,[1633.1702473790515 56.14506681932613 1918.3802711411045 446.42419121164824],[1749.6793212890625 383.1141357421875 1841.6971435546875 427.34674072265625],0.34914925694465637,,0
0,118,45,[1636.5383862500792 2.809382753360154 1920.269098554593 367.3252089136107],[1724.0391845703125 306.1863098144531 1783.51220703125 349.18524169921875],0.44813141226768494,,0
0,118,52,[1401.8020872192856 78.31672429312844 1590.5179205270997 265.05627085974373],[1408.0865478515625 165.38009643554688 1489.72265625 224.37054443359375],0.3576945960521698,,0
2,180,5,[1633.575003256136 58.24401626377414 1918.592669221106 446.98123191912015],[1749.705322265625 383.15460205078125 1841.690185546875 427.3502197265625],0.3487876355648041,,0
0,119,45,[1636.4974813412914 2.694221015918913 1920.1430718549555 367.07329215530825],[1724.03955078125 306.22479248046875 1783.4759521484375 349.136474609375],0.45256873965263367,,0
2,181,5,[1633.5517014076988 58.87484627900062 1918.5630252129724 446.7547322481337],[1749.7100830078125 383.1378479003906 1841.6986083984375 427.3504943847656],0.35409751534461975,,0
0,119,52,[1401.8571382753107 78.29128725498293 1590.5129874292838 265.1001833957751],[1408.0946044921875 165.3819580078125 1489.902099609375 224.35171508789062],0.3615225851535797,,0
2,182,5,[1634.0111132659822 60.519935239544935 1918.7273898712915 447.01742625370355],[1749.513427734375 383.0704040527344 1841.841796875 427.4364929199219],0.36337924003601074,,0
0,120,45,[1636.505422387169 2.898153291803851 1920.0759991030523 367.2533279141405],[1724.038330078125 306.2287292480469 1783.43115234375 349.1133728027344],0.44864964485168457,,0
0,120,52,[1401.8960357010353 78.34902956047371 1590.4956900339741 265.14549243875945],[1408.103759765625 165.37046813964844 1489.9937744140625 224.36732482910156],0.36186736822128296,,0
0,121,45,[1636.5270605663118 3.0675126814181795 1920.040968652298 367.3846760338004],[1724.0123291015625 306.20208740234375 1783.3919677734375 349.1500244140625],0.4536915421485901,,0
2,184,2,[1210.8522202964814 107.87783114706306 1513.6113444326447 383.07848427520116],[1271.0699462890625 336.15045166015625 1364.194091796875 382.9371032714844],0.5475186705589294,,0
0,121,52,[1401.8836983777564 78.4002015723382 1590.4707451724948 265.2042618134816],[1408.112548828125 165.3580780029297 1489.8900146484375 224.3589630126953],0.3610208332538605,,0
2,185,2,[1210.9717213607798 107.79680326534884 1513.5104371219725 383.3107852682762],[1270.9725341796875 336.1595458984375 1364.189208984375 382.8782043457031],0.5398634076118469,,0
0,122,45,[1636.617924530553 3.0805179435422474 1920.0503129683339 367.31065117358213],[1724.010986328125 306.218994140625 1783.2760009765625 349.124267578125],0.439230740070343,,0
0,122,52,[1401.9177385810667 78.36133624625364 1590.4588149313963 265.1615019256874],[1408.090576171875 165.35243225097656 1489.9288330078125 224.36805725097656],0.3608732223510742,,0
2,186,2,[1211.198082633208 107.71337905589843 1513.4517917800997 383.3489883528371],[1270.468994140625 336.1111755371094 1364.19482421875 383.0017395019531],0.5367411971092224,,0
0,123,45,[1636.7348966700272 2.957993796798803 1920.0171412897287 367.03868447744213],[1724.0135498046875 306.2122497558594 1783.117431640625 349.0863952636719],0.42501595616340637,,0
0,123,52,[1401.9305840845582 78.33767106167771 1590.4660771506356 265.2136323698136],[1408.1112060546875 165.35643005371094 1490.0128173828125 224.3798828125],0.3594638407230377,,0
2,187,2,[1211.413940887789 107.61317871965778 1513.3749267315957 383.2876971682475],[1270.29833984375 336.0928649902344 1364.1724853515625 382.9942321777344],0.5264921188354492,,0
0,124,45,[1634.9833400437703 3.4539396681876724 1918.5465766944474 367.3943836823537],[1724.0438232421875 306.209228515625 1783.1444091796875 349.08099365234375],0.42754286527633667,,0
2,188,2,[1212.0915023391426 107.51764471805089 1512.7459530918195 383.0199855422637],[1270.283935546875 335.92156982421875 1364.2987060546875 383.0151062011719],0.5362709164619446,,0
0,124,52,[1401.9768293661032 78.32640357923135 1590.4883033707615 265.251239825665],[1408.09912109375 165.35646057128906 1489.946533203125 224.36988830566406],0.35908931493759155,,0
0,125,45,[1634.519912520759 3.666250208842996 1918.2735211196039 367.612445674711],[1724.0302734375 306.19805908203125 1783.086181640625 349.0782470703125],0.42119836807250977,,0
0,125,52,[1401.9552061256732 78.32080146471783 1590.4878072474494 265.30791958040817],[1408.085205078125 165.361083984375 1489.853515625 224.3543701171875],0.35950160026550293,,0
0,126,45,[1634.1942997883743 3.751313434149921 1917.963441935854 367.5092170180701],[1724.0181884765625 306.19024658203125 1783.0367431640625 349.10467529296875],0.41727426648139954,,0
0,126,52,[1402.0198022944724 78.31619387046173 1590.5046198455093 265.3446267756298],[1408.1065673828125 165.3778839111328 1489.9627685546875 224.3572540283203],0.3604138493537903,,0
0,127,45,[1635.8948296706542 3.3483793573891205 1919.3380439703526 367.0294244339118],[1724.015625 306.11492919921875 1783.051025390625 349.1119384765625],0.4148639142513275,,0
0,127,52,[1402.018071966686 78.31256005268986 1590.485064050822 265.3564254995209],[1408.09326171875 165.38897705078125 1490.0318603515625 224.35342407226562],0.3619711101055145,,0
0,128,45,[1634.850260356901 3.6126833169770975 1918.4518268786474 367.3281481434093],[1723.975341796875 306.1773681640625 1783.1158447265625 349.08978271484375],0.4242638349533081,,0
0,128,52,[1401.9771178693575 78.32608366737779 1590.4372330397275 265.330164306333],[1408.09130859375 165.4071044921875 1489.733642578125 224.31085205078125],0.3593248426914215,,0
0,129,45,[1634.1839211020092 3.5619030286527504 1917.9472950030536 367.1005042091124],[1723.97216796875 306.1249084472656 1783.08447265625 349.146240234375],0.41766947507858276,,0
0,129,52,[1401.9863432711459 78.29424370662913 1590.4330110932829 265.3270563162268],[1408.0924072265625 165.41661071777344 1489.8021240234375 224.303466796875],0.36130160093307495,,0
0,130,45,[1634.0569567438401 3.704227530730151 1917.9431551324165 367.2485262854293],[1723.9742431640625 306.1874084472656 1783.0052490234375 349.1246337890625],0.4155743420124054,,0
0,130,52,[1401.9943987644203 78.30363808611288 1590.427768337631 265.3410306289645],[1408.0970458984375 165.4456329345703 1489.6661376953125 224.2587432861328],0.3619653582572937,,0
0,131,45,[1634.05136714284 3.770912327540799 1917.9180512348082 367.2985218829011],[1724.0013427734375 306.1802062988281 1782.8411865234375 349.1098327636719],0.39636361598968506,,0
0,131,52,[1402.0200079902143 78.28449666538161 1590.4347521576933 265.3274480399366],[1408.1055908203125 165.43629455566406 1489.8812255859375 224.28277587890625],0.36332032084465027,,0
2,223,2,[1206.268365754326 109.10029280946628 1511.9677952712689 384.9845528311621],[1269.8204345703125 334.85791015625 1364.3123779296875 384.95465087890625],0.5879514217376709,,0
0,132,45,[1634.4764806248374 3.9544038240888426 1918.2542556763076 367.60625742417574],[1724.035400390625 306.2302551269531 1782.9012451171875 349.0437927246094],0.4064229130744934,,0
0,132,52,[1401.9804635172939 78.28655916043787 1590.4066995362334 265.31874292794043],[1408.097900390625 165.41665649414062 1489.6644287109375 224.27215576171875],0.36124923825263977,,0
2,224,2,[1206.347479849219 108.98370672198322 1511.9938405938722 385.278313965754],[1269.8228759765625 334.8666687011719 1364.328369140625 384.9520568847656],0.5907356142997742,,0
0,133,45,[1634.276432751092 3.864876739537408 1917.9543904523646 367.50872726469964],[1723.9786376953125 306.2041931152344 1783.0989990234375 349.19012451171875],0.4214746356010437,,0
0,133,52,[1401.9993476458737 78.37563772230904 1590.3985123844247 265.36702840892445],[1408.105712890625 165.41683959960938 1489.6605224609375 224.28176879882812],0.3601650297641754,,0
2,225,2,[1206.3480414464264 108.81755298663685 1511.9815898996033 385.5822369169216],[1269.7825927734375 334.92498779296875 1364.3115234375 384.941162109375],0.5925929546356201,,0
0,134,45,[1636.0707811902935 3.577512312907288 1919.2139732092583 367.21338612341225],[1723.9632568359375 306.0784912109375 1783.25537109375 349.3587341308594],0.42428454756736755,,0
0,134,52,[1402.0231906820713 78.4105687709854 1590.3948266107604 265.36674017768655],[1408.0968017578125 165.40232849121094 1489.91162109375 224.32310485839844],0.3597451448440552,,0
2,226,2,[1206.398642210293 108.73584510634493 1512.081766651765 385.8824371206738],[1269.705322265625 334.90338134765625 1364.33935546875 385.03509521484375],0.5916628837585449,,0
0,135,45,[1635.033851114207 3.7515248505956436 1918.0519504260867 367.324405210426],[1723.9666748046875 306.0815124511719 1783.262451171875 349.4277648925781],0.428086519241333,,0
0,135,52,[1402.0489296724716 78.49009788520576 1590.3853523370437 265.4294872659168],[1408.1011962890625 165.40736389160156 1489.9156494140625 224.3207244873047],0.35908031463623047,,0
2,227,2,[1206.4336928850812 108.43611872186636 1512.1013765891926 385.836579753714],[1269.6177978515625 334.9602355957031 1364.2935791015625 385.01165771484375],0.5905398726463318,,0
0,136,45,[1634.3812446039956 3.742922592111512 1917.1872494229765 367.21374314055436],[1723.9661865234375 306.10528564453125 1783.23046875 349.42376708984375],0.42485493421554565,,0
2,228,2,[1206.4678156686396 108.30025235612254 1512.0845855267671 385.7931257009142],[1269.6802978515625 334.87017822265625 1364.2811279296875 384.94915771484375],0.5886995792388916,,0
0,136,52,[1402.0556726483771 78.51365004316602 1590.3842442358598 265.43875619619325],[1408.1126708984375 165.42425537109375 1489.879150390625 224.3104248046875],0.35866034030914307,,0
0,137,45,[1622.2975927620103 4.726443652550444 1886.1478190364912 366.9024318087637],[1723.97607421875 306.18011474609375 1783.241455078125 349.3281555175781],0.42692580819129944,,0
2,229,2,[1206.487543974852 108.19577860181369 1512.1156916238388 385.8395520700081],[1269.441162109375 334.8072814941406 1364.1837158203125 385.44610595703125],0.5926026105880737,,0
0,137,52,[1402.1131334190402 78.5511603277975 1590.408828221395 265.4537617897827],[1408.117431640625 165.4694061279297 1489.56591796875 224.2510223388672],0.35669344663619995,,0
2,230,2,[1206.365817372324 108.44070784094728 1511.9992838616606 386.2116666148977],[1269.49951171875 334.7958068847656 1364.2225341796875 385.46795654296875],0.5947644114494324,,0
0,138,45,[1632.2570428787483 4.34131391282699 1900.710379638069 366.6398353585101],[1723.9991455078125 306.20782470703125 1783.0543212890625 349.3182067871094],0.4150761663913727,,0
0,138,52,[1402.128027087552 78.61242485570847 1590.4066001639628 265.4644789284843],[1408.126220703125 165.4823455810547 1489.73486328125 224.2627716064453],0.35845306515693665,,0
2,231,2,[1206.3813536522111 108.49530801810889 1512.109618386069 386.460017169376],[1269.6163330078125 334.8175964355469 1364.2298583984375 385.4508361816406],0.5938043594360352,,0
0,139,45,[1623.8271079087256 5.143530091229707 1877.1526017748454 366.4468233372805],[1724.0130615234375 306.2278747558594 1782.9422607421875 349.28887939453125],0.4093059003353119,,0
0,139,52,[1402.153086594489 78.75023505170253 1590.4027870807174 265.501123477097],[1408.1195068359375 165.47593688964844 1489.8306884765625 224.26808166503906],0.3601215183734894,,0
2,232,2,[1206.4264676079413 108.4437798435352 1512.173086387971 386.4794102454718],[1269.696533203125 334.8818054199219 1364.227294921875 385.3996887207031],0.5980263948440552,,0
0,140,45,[1626.1017327446066 5.5652521571351485 1872.7918720175753 366.3482069890232],[1723.966552734375 306.2109680175781 1782.97998046875 349.27032470703125],0.41945263743400574,,0
2,233,2,[1206.3306697023831 108.51144319269082 1512.1526388071093 386.7084960245592],[1269.517578125 334.775634765625 1364.2164306640625 385.4731750488281],0.5979341864585876,,0
0,140,52,[1402.1413837660757 78.83995002154334 1590.3743618749172 265.50010461899916],[1408.1134033203125 165.4753875732422 1489.5286865234375 224.23374938964844],0.35915297269821167,,0
2,234,2,[1206.3853407764511 108.36582787179665 1512.2657384524416 386.5199053880493],[1269.7144775390625 334.80023193359375 1364.285888671875 385.13189697265625],0.594577431678772,,0
0,141,45,[1637.2608554067024 4.743496292485901 1893.6759652667197 366.22850352846024],[1723.9801025390625 306.237060546875 1782.9796142578125 349.2695007324219],0.4213706851005554,,0
0,141,52,[1402.1404940073062 78.80235776017173 1590.361667203315 265.4380682242009],[1408.1070556640625 165.5133819580078 1489.3565673828125 224.19703674316406],0.3583170771598816,,0
2,235,2,[1206.4365621866348 108.32473509196305 1512.3502827951972 386.4483765845239],[1269.5069580078125 334.7398986816406 1364.2603759765625 385.18426513671875],0.5838245153427124,,0
0,142,45,[1639.7051648153392 4.45954934784811 1903.1731266932734 366.30031258912067],[1724.0006103515625 306.2472229003906 1782.9228515625 349.2863464355469],0.4125571846961975,,0
2,241,5,[1635.1734147995726 64.2186227689433 1914.1315626271576 436.4912534102344],[1749.812255859375 383.0182800292969 1843.8515625 430.23321533203125],0.30582302808761597,,0
0,142,52,[1402.1449890512317 78.79820388791099 1590.364384149998 265.422941345768],[1408.120361328125 165.49566650390625 1489.71240234375 224.22976684570312],0.36004242300987244,,0
2,242,5,[1637.4081602442768 65.0221344742117 1915.8969151376648 437.1060979276041],[1749.6014404296875 383.17144775390625 1843.735595703125 430.0793151855469],0.2852560579776764,,0
0,143,45,[1639.73360555014 4.226664446557038 1908.665764722126 366.5650826868188],[1723.9716796875 306.285400390625 1782.7998046875 349.151123046875],0.4051055312156677,,0
0,1,8,[1631.3372802734375 137.09326171875 1838.8521728515625 362.3544921875],[1725.6646728515625 306.7248229980469 1782.4453125 349.787109375],0.2972162961959839,,0
0,2,8,[1631.3417233805308 137.09377675638746 1838.8526120692732 362.35333634473204],[1725.6646728515625 306.7248229980469 1782.4453125 349.787109375],0.2972165048122406,,0
1,3,18,[1569.438720703125 172.0008544921875 1896.57861328125 482.17822265625],[1638.9140625 367.7699279785156 1726.733642578125 427.96099853515625],0.28898710012435913,,0
2,27,12,[1639.06717750373 49.337867382992414 1918.6017728031488 439.64117973457246],[1750.2484130859375 384.1608581542969 1842.0919189453125 427.08270263671875],0.25057557225227356,,0
0,3,8,[1631.3423389999855 137.09406262894237 1838.852283904968 362.35341484748443],[1725.6646728515625 306.7248229980469 1782.4453125 349.787109375],0.2972165048122406,,0
1,4,18,[1569.5025263212005 171.47892085226184 1896.8369190421172 481.9268418190195],[1635.9891357421875 364.027587890625 1726.2293701171875 425.7352294921875],0.29682520031929016,,0
0,4,8,[1631.3358671542783 137.0899220751548 1838.8506227280668 362.3509142859584],[1725.6651611328125 306.72381591796875 1782.4498291015625 349.7900390625],0.2978856563568115,,0
2,28,12,[1638.854800389489 49.18560615176145 1918.5761233957687 439.5628877354625],[1750.1810302734375 384.1260681152344 1842.1600341796875 427.1627197265625],0.25288939476013184,,0
0,5,8,[1631.4358707326178 137.10460607957253 1838.8680644045771 362.3265362457168],[1725.665771484375 306.715576171875 1782.453369140625 349.79864501953125],0.29806020855903625,,0
1,5,18,[1567.8775319767208 169.632823007209 1897.6214100984314 481.8636152874741],[1639.10888671875 367.8475341796875 1726.39013671875 427.5304870605469],0.2866291403770447,,0
2,29,12,[1638.9916596322757 49.41047620621211 1918.686961010703 439.4499191870318],[1750.1055908203125 384.0498962402344 1842.207275390625 427.4255676269531],0.25946852564811707,,0
0,6,8,[1631.4798495994219 137.11271904840072 1838.8658485267188 362.32056057795154],[1725.6695556640625 306.72210693359375 1782.4560546875 349.7901611328125],0.29959195852279663,,0
1,6,18,[1567.439732783756 169.11330974500723 1897.9303653403695 481.77704869161516],[1639.0242919921875 368.1361999511719 1727.121826171875 427.6381530761719],0.29570457339286804,,0
0,7,8,[1631.4741014035044 137.10442035839287 1838.850143438815 362.31375995723937],[1725.6632080078125 306.7198181152344 1782.4537353515625 349.80426025390625],0.29804256558418274,,0
2,30,12,[1639.022398985348 49.21322533701948 1918.7203966473094 439.2243154966887],[1750.086181640625 383.9757385253906 1842.322998046875 427.3748474121094],0.26478320360183716,,0
0,8,8,[1631.4732033719047 137.09933708567561 1838.841837600508 362.31017910433457],[1725.6688232421875 306.7227478027344 1782.456787109375 349.8053283691406],0.2993975579738617,,0
1,7,18,[1567.311756221258 169.02681114947129 1898.0691951847186 481.8081642014199],[1639.388671875 368.71685791015625 1725.954345703125 427.56201171875],0.2875415086746216,,0
2,31,12,[1638.9547832060136 49.52823277346246 1918.697220453221 439.2075009461055],[1750.02392578125 383.97467041015625 1842.1878662109375 427.8216552734375],0.26305198669433594,,0
0,9,8,[1631.5004062308267 137.10573388167313 1838.8458896630136 362.31448715066574],[1725.678955078125 306.7310791015625 1782.4599609375 349.7914123535156],0.30116790533065796,,0
1,8,18,[1567.2362279373124 169.0260953373034 1898.088331422823 481.8494542051008],[1639.3970947265625 368.7234191894531 1725.9495849609375 427.5574035644531],0.2882845103740692,,0
0,10,8,[1631.5417683626156 137.09753393902776 1838.852052889108 362.3019963465247],[1725.68408203125 306.73333740234375 1782.46435546875 349.7866516113281],0.3036210834980011,,0
2,32,12,[1638.942905079772 49.432904619955224 1918.7180288023808 439.12955170936686],[1749.88623046875 384.00750732421875 1842.032958984375 428.2730712890625],0.26941850781440735,,0
0,11,8,[1631.5151438380926 137.08770633956877 1838.8327116248379 362.29552003285323],[1725.676025390625 306.71771240234375 1782.4658203125 349.80999755859375],0.3014674782752991,,0
1,9,18,[1567.2183583638405 169.05356186718387 1898.0963095505851 481.8712954192296],[1639.39599609375 368.7275390625 1725.948486328125 427.5564880371094],0.28840896487236023,,0
2,33,12,[1638.9211856445013 49.111100339696236 1918.7291827734998 438.87501996031557],[1749.8931884765625 384.031494140625 1841.823486328125 428.32086181640625],0.2706788182258606,,0
0,12,8,[1631.623935908413 137.09717931394573 1838.868418823859 362.2898364110225],[1725.6793212890625 306.730224609375 1782.4647216796875 349.7862854003906],0.30291056632995605,,0
1,10,18,[1567.2282954172542 169.09141575740438 1898.0966312317942 481.87729764287536],[1639.3905029296875 368.72332763671875 1725.9481201171875 427.55584716796875],0.28826239705085754,,0
2,34,12,[1638.9132601748724 48.64573192433727 1918.7496781856944 438.73023936953865],[1749.9532470703125 383.949462890625 1842.0699462890625 428.1081848144531],0.26683855056762695,,0
0,13,8,[1631.7118809433198 137.08572790755863 1838.8822606727765 362.26428613026997],[1725.683349609375 306.7359924316406 1782.466552734375 349.7776184082031],0.30375659465789795,,0
0,14,8,[1631.7435335059758 137.079929633289 1838.8724238214245 362.2515639920274],[1725.6932373046875 306.7483825683594 1782.4647216796875 349.7553405761719],0.30332455039024353,,0
1,11,18,[1567.2446284990924 169.12560515946345 1898.095690358551 481.87317689585075],[1639.379150390625 368.7214050292969 1725.9495849609375 427.5585021972656],0.2888929545879364,,0
2,35,12,[1638.9447612490424 49.031298046966725 1918.773897623343 439.1133789388198],[1750.018798828125 384.00970458984375 1842.008056640625 428.2239990234375],0.27597346901893616,,0
0,15,8,[1631.782695171989 137.07627244209667 1838.8702588584306 362.23961670550807],[1725.690673828125 306.7424011230469 1782.4669189453125 349.767333984375],0.3042301833629608,,0
1,12,18,[1567.2633082549273 169.16481265429317 1898.0846515088874 481.8662868984833],[1639.3970947265625 368.73321533203125 1725.9400634765625 427.556396484375],0.2884700298309326,,0
2,36,12,[1639.2565058095777 49.788429092111755 1918.89427355371 439.4215080822888],[1750.022216796875 384.066650390625 1842.0008544921875 428.07000732421875],0.26546892523765564,,0
0,16,8,[1631.7719783769767 137.06345159628427 1838.8513848378252 362.22661518858894],[1725.703125 306.75634765625 1782.454833984375 349.76324462890625],0.303486704826355,,0
0,17,8,[1631.7531216862183 137.06684861473002 1838.8387120268596 362.2317021877997],[1725.7054443359375 306.75762939453125 1782.4630126953125 349.7602844238281],0.3043166995048523,,0
1,13,18,[1567.2797617353467 169.2001160803849 1898.0976607771918 481.90677918454924],[1639.375244140625 368.7296447753906 1725.95703125 427.5612487792969],0.2893529534339905,,0
2,37,12,[1638.9159261148632 49.34539457203195 1918.7281453875037 439.1053360177938],[1750.0382080078125 384.029296875 1841.9520263671875 428.1968078613281],0.27246803045272827,,0
0,18,8,[1631.7514503876125 137.0729775706388 1838.8376637076983 362.24017187632523],[1725.7061767578125 306.77764892578125 1782.45166015625 349.7215576171875],0.30484825372695923,,0
1,14,18,[1567.2931127441439 169.22471386452494 1898.0994031905034 481.92500877906673],[1639.370361328125 368.7215881347656 1725.96240234375 427.5633544921875],0.2894168198108673,,0
2,38,12,[1638.749881989953 48.38935736411452 1918.7014192226382 438.6431239448043],[1749.9283447265625 384.04925537109375 1841.8765869140625 427.90118408203125],0.26670724153518677,,0
0,19,8,[1631.8427937404708 137.09638508974382 1838.8716091092456 362.2542083452863],[1725.7012939453125 306.7795715332031 1782.4610595703125 349.72247314453125],0.30884209275245667,,0
0,20,8,[1631.8743219207972 137.1014617073339 1838.8698047157714 362.25659542052193],[1725.7093505859375 306.7840576171875 1782.4595947265625 349.72686767578125],0.3081330955028534,,0
2,39,12,[1638.6153235518284 48.08563439441096 1918.70337571 438.7697016670139],[1749.796875 384.05584716796875 1842.1790771484375 427.77484130859375],0.26446855068206787,,0
1,15,18,[1567.3066987815264 169.22288840046653 1898.0990395893568 481.91547949046185],[1639.2978515625 368.7323303222656 1726.011474609375 427.5778503417969],0.28751054406166077,,0
0,21,8,[1631.9104173233857 137.11481733067964 1838.8693165552202 362.27132619049223],[1725.6866455078125 306.778564453125 1782.4530029296875 349.7192077636719],0.3036234974861145,,0
2,40,12,[1638.6926097858238 48.3066586610027 1918.762494986008 439.1041821664512],[1749.79541015625 383.965576171875 1842.1864013671875 427.87005615234375],0.27342459559440613,,0
1,16,18,[1567.315606095205 169.2379564536956 1898.097541323703 481.92474843582215],[1639.232666015625 368.73260498046875 1726.040771484375 427.60797119140625],0.28548067808151245,,0
0,22,8,[1631.8935649810571 137.11067067913325 1838.8482353259076 362.27027576312076],[1725.6871337890625 306.7892761230469 1782.455322265625 349.7080078125],0.30414095520973206,,0
0,23,8,[1631.9293632192205 137.10987509280804 1838.8550730136983 362.26933785002495],[1725.6884765625 306.791015625 1782.4508056640625 349.705810546875],0.30416277050971985,,0
2,41,12,[1639.153774748726 48.34601976845744 1918.9268617217626 439.192546233799],[1749.9041748046875 384.0677490234375 1842.3790283203125 427.38739013671875],0.2723228633403778,,0
1,17,18,[1567.3302093078596 169.23019329567288 1898.0946274761577 481.8798445518486],[1639.17333984375 368.7111511230469 1726.0953369140625 427.6489562988281],0.2827422320842743,,0
0,24,8,[1631.9172524902872 137.10642747223778 1838.8403146174344 362.26693665473874],[1725.701416015625 306.8101806640625 1782.453125 349.6785583496094],0.3065677881240845,,0
2,42,12,[1639.5658622464289 48.87924337780868 1919.007255849334 439.50820469619606],[1750.048095703125 384.1358947753906 1842.224853515625 427.04620361328125],0.2662866413593292,,0
1,18,18,[1567.3418295854103 169.223176410872 1898.0926698173898 481.8515206795308],[1639.0965576171875 368.6730651855469 1726.1346435546875 427.6756896972656],0.2824065089225769,,0
0,25,8,[1631.9061091875626 137.09362464453 1838.8322977557866 362.25478019395047],[1725.68701171875 306.7882995605469 1782.4566650390625 349.7011413574219],0.3050577640533447,,0
2,43,12,[1640.0587434494478 50.27279671676169 1919.103410960774 440.06751461014517],[1750.033447265625 384.1560974121094 1842.240966796875 427.1042175292969],0.26054173707962036,,0
0,26,8,[1632.0613296225777 137.1052281962865 1838.8908257341002 362.25486748078526],[1725.7060546875 306.80126953125 1782.4515380859375 349.69720458984375],0.3046928644180298,,0
1,19,18,[1567.3505097460882 169.23019833619597 1898.0912289564646 481.829918887566],[1639.1693115234375 368.7402648925781 1726.0953369140625 427.6482238769531],0.2824876010417938,,0
0,27,8,[1632.1532486477645 137.1100478620991 1838.903548583211 362.25086500184545],[1725.70458984375 306.7984619140625 1782.446044921875 349.70831298828125],0.30303552746772766,,0
2,45,12,[1640.051166010456 48.27087051558979 1918.9011121759243 438.73832607032307],[1749.86181640625 384.0391845703125 1842.0411376953125 426.6940612792969],0.26424747705459595,,0
1,20,18,[1567.3637718019834 169.2514465948709 1898.0735354313858 481.81194880824114],[1639.206298828125 368.81280517578125 1726.07666015625 427.63067626953125],0.28074780106544495,,0
2,46,12,[1640.0163358790364 48.51517480811299 1918.8361831275279 438.96566240375233],[1749.87744140625 384.08294677734375 1841.98388671875 427.32147216796875],0.2756136655807495,,0
0,28,8,[1631.5995048723278 137.07654225539483 1838.6619370410046 362.24945497258676],[1725.7086181640625 306.80657958984375 1782.4398193359375 349.7036437988281],0.30313244462013245,,0
1,21,18,[1567.372246834144 169.27448273471927 1898.0609108245187 481.80553306732645],[1639.222412109375 368.8345642089844 1726.0400390625 427.63055419921875],0.27562078833580017,,0
0,29,8,[1631.3189573023149 137.06210568592041 1838.6193271591399 362.2585718524369],[1725.7047119140625 306.8023986816406 1782.4447021484375 349.71221923828125],0.30361926555633545,,0
2,47,12,[1640.1127219261334 47.81673943977469 1918.8545267423574 438.65289303874783],[1749.7965087890625 384.15655517578125 1842.1285400390625 427.00927734375],0.2715466320514679,,0
1,22,18,[1567.3858560466115 169.28634862573745 1898.0524625776989 481.7921752947228],[1639.26708984375 368.871826171875 1726.027587890625 427.62396240234375],0.2748115360736847,,0
0,30,8,[1631.2108672008478 137.04140157381937 1838.6593920897824 362.2647967372467],[1725.708984375 306.81719970703125 1782.44091796875 349.7071838378906],0.304860383272171,,0
1,23,18,[1567.3902263699142 169.28385308451954 1898.0318191176739 481.77638929427013],[1639.308837890625 368.82879638671875 1726.0048828125 427.5934753417969],0.2787264585494995,,0
2,48,12,[1639.9217142689602 48.05324786805639 1918.7407004323325 438.97813747636826],[1749.807861328125 384.157470703125 1842.101806640625 427.1195068359375],0.27483367919921875,,0
0,31,8,[1631.1137722853118 137.05897117941112 1838.6876845126649 362.2945566084141],[1725.693603515625 306.7934265136719 1782.44970703125 349.7335510253906],0.30208998918533325,,0
1,24,18,[1567.3962245003352 169.23605573473222 1898.0035352974444 481.74545003133915],[1636.7418212890625 365.90130615234375 1727.2911376953125 426.12835693359375],0.28639692068099976,,0
2,49,12,[1639.1166598605414 48.19099276189354 1918.428662158305 439.163790614197],[1749.6903076171875 384.106201171875 1842.1907958984375 427.2417297363281],0.27851352095603943,,0
1,25,18,[1567.4095212481595 169.206795867594 1897.9873215122427 481.73013957214414],[1636.7559814453125 365.9125671386719 1727.2752685546875 426.1174621582031],0.2852786183357239,,0
0,32,8,[1631.0912711189194 137.0737208245725 1838.7358386978558 362.3125233613277],[1725.685546875 306.7797546386719 1782.44677734375 349.73785400390625],0.29939576983451843,,0
2,50,12,[1638.5468620681997 48.095259375563984 1918.3323623960225 439.21139065856426],[1749.7353515625 384.20062255859375 1842.1343994140625 426.8062438964844],0.27338671684265137,,0
0,33,8,[1631.0806618339902 137.0806611908733 1838.7719654381963 362.31711318826916],[1725.679443359375 306.7825012207031 1782.4461669921875 349.73675537109375],0.2988795340061188,,0
1,26,18,[1567.4342910987973 169.1805534056247 1897.98699548544 481.69052159255546],[1636.75390625 365.9271545410156 1727.281982421875 426.12042236328125],0.28062090277671814,,0
0,34,8,[1631.1126202374633 137.08733837813887 1838.8132186202945 362.31825251492035],[1725.6900634765625 306.80743408203125 1782.439208984375 349.7027893066406],0.3020564317703247,,0
1,27,18,[1567.4461024316915 169.15073332148768 1897.976380594523 481.57542900260535],[1636.8717041015625 366.0757141113281 1727.0870361328125 426.0094299316406],0.276429146528244,,0
0,35,8,[1631.093341900439 137.08411087610648 1838.819401368312 362.3142626321324],[1725.68115234375 306.7985534667969 1782.44091796875 349.71527099609375],0.30106857419013977,,0
1,28,18,[1567.4400123090174 169.1457547390347 1897.970207979465 481.521899869875],[1637.447021484375 365.94189453125 1728.172119140625 426.6379699707031],0.28246554732322693,,0
0,36,8,[1631.101540301579 137.0766995708636 1838.8355933973048 362.3084278195116],[1725.6712646484375 306.7915954589844 1782.4478759765625 349.72650146484375],0.30164211988449097,,0
1,29,18,[1567.4397844107573 169.15297948615932 1897.966445545858 481.4977674530397],[1640.31494140625 368.9289855957031 1727.350830078125 428.1696472167969],0.28567349910736084,,0
0,37,8,[1631.03022151482 137.08164361473678 1838.8131636303197 362.3173743908818],[1725.678955078125 306.7832336425781 1782.447509765625 349.7240295410156],0.30195188522338867,,0
1,30,18,[1567.451611625336 169.1581807443816 1897.9582996369006 481.48368772465494],[1640.3126220703125 368.9780578613281 1727.3338623046875 428.1524353027344],0.2848529517650604,,0
0,38,8,[1630.7512052976736 137.08767339606794 1838.7153814712428 362.3440453619371],[1725.681884765625 306.7706298828125 1782.465087890625 349.7345886230469],0.30647149682044983,,0
0,39,8,[1630.5812238541764 137.08191645561902 1838.6965440038618 362.3533418119694],[1725.6741943359375 306.7574157714844 1782.4661865234375 349.74774169921875],0.305896520614624,,0
1,31,18,[1567.530801696393 169.17094711157 1897.973241615655 481.4684441522182],[1640.38037109375 368.9896545410156 1727.391357421875 428.3493347167969],0.2875176966190338,,0
0,40,8,[1630.5374548748107 137.07537071422672 1838.7337427173572 362.36088856303957],[1725.67529296875 306.7585144042969 1782.470947265625 349.74591064453125],0.30782580375671387,,0
1,32,18,[1567.5679646086503 169.1851584401642 1897.9636356357807 481.4629461944402],[1640.3662109375 368.9396667480469 1727.4075927734375 428.3747863769531],0.2867821455001831,,0
0,41,8,[1630.3469659216332 137.0555931584568 1838.6996692480905 362.3580127215388],[1725.67822265625 306.76092529296875 1782.474609375 349.73687744140625],0.3085528016090393,,0
1,33,18,[1567.5761708105242 169.20598350361024 1897.9508115888098 481.4975638403067],[1640.3250732421875 369.0317687988281 1727.4290771484375 428.37689208984375],0.2849578559398651,,0
0,42,8,[1630.1848165849083 137.03653223191864 1838.6901013999263 362.34206504210465],[1725.6943359375 306.7456970214844 1782.47607421875 349.7547912597656],0.31111016869544983,,0
1,34,18,[1567.606629828379 169.2055091200066 1897.9472609332897 481.5184937229569],[1637.404541015625 365.80810546875 1728.06884765625 426.756591796875],0.28424081206321716,,0
0,43,8,[1629.9481819271848 137.0095282694616 1838.6544452511132 362.32389347950055],[1725.6976318359375 306.7385559082031 1782.4764404296875 349.7660827636719],0.31064268946647644,,0
1,35,18,[1567.6211799149967 169.1908328189403 1897.9354412987852 481.5128572135351],[1637.443359375 365.8896789550781 1727.987548828125 426.72674560546875],0.28415447473526,,0
0,44,8,[1629.777182466954 136.9955754633569 1838.6578771648992 362.3169879147749],[1725.6995849609375 306.7412414550781 1782.4736328125 349.75701904296875],0.3103410601615906,,0
0,45,8,[1629.684004437753 136.99225383718482 1838.6905735732364 362.3164672094057],[1725.70654296875 306.74212646484375 1782.4736328125 349.75286865234375],0.31022217869758606,,0
1,36,18,[1567.638466967073 169.19069144905345 1897.9300832703564 481.5341019087489],[1638.2491455078125 366.0296936035156 1727.5225830078125 426.62103271484375],0.2897675931453705,,0
0,46,8,[1629.2854072400091 136.93771715839694 1838.5886352947068 362.2859517826071],[1725.727294921875 306.7559509277344 1782.463623046875 349.7158203125],0.31015756726264954,,0
1,37,18,[1567.649177263784 169.2077975535336 1897.9307171353514 481.62035588063213],[1638.2640380859375 366.0427551269531 1727.5257568359375 426.6065368652344],0.2888726592063904,,0
0,47,8,[1629.067357223624 136.91230974538354 1838.5963363475141 362.2763620362986],[1725.7305908203125 306.7650451660156 1782.4632568359375 349.7087707519531],0.3114851713180542,,0
1,38,18,[1567.6935445822032 169.19945621561408 1897.9450418872034 481.64381525354975],[1638.2623291015625 366.1022644042969 1727.5203857421875 426.5920715332031],0.2900018095970154,,0
0,48,8,[1628.997597809879 136.90338849761457 1838.6585444494688 362.2808839740066],[1725.7353515625 306.77398681640625 1782.4639892578125 349.70086669921875],0.31290778517723083,,0
1,39,18,[1567.7158642187844 169.1853492339862 1897.9490807649242 481.636299350094],[1638.26220703125 366.1024475097656 1727.539306640625 426.6006774902344],0.2898620069026947,,0
0,49,8,[1629.0129199882524 136.89754031871945 1838.7313133863934 362.28802131621677],[1725.7393798828125 306.777099609375 1782.4588623046875 349.6954650878906],0.3119010925292969,,0
2,91,13,[1173.1662626205148 107.4838366934263 1517.2828223826791 383.74359849781627],[1265.908447265625 332.6942138671875 1364.712890625 383.3099670410156],0.44437965750694275,,0
0,50,8,[1629.0470356628098 136.89906993998002 1838.7858382579084 362.29862008288796],[1725.7393798828125 306.7835388183594 1782.4456787109375 349.69500732421875],0.3091442883014679,,0
1,40,18,[1567.7288313319973 169.17855165846302 1897.9388476265635 481.6483434388848],[1638.2523193359375 366.08544921875 1727.5726318359375 426.6018981933594],0.2903302311897278,,0
0,51,8,[1628.655856687379 136.38322636453813 1838.7450445981715 361.5623907231804],[1726.3018798828125 306.9425354003906 1782.2406005859375 349.2088928222656],0.31421226263046265,,0
1,41,18,[1567.7354615704355 169.12243456245724 1897.9307499478298 481.6366332611773],[1637.9234619140625 365.5484924316406 1728.1636962890625 426.7274169921875],0.29447445273399353,,0
0,52,8,[1628.1771063152457 136.1811297659587 1838.7037991079967 361.16693909258316],[1726.2401123046875 306.91845703125 1782.2513427734375 349.15863037109375],0.3300628066062927,,0
1,42,18,[1567.7415688850178 169.0975803696144 1897.9285448472265 481.64539856344265],[1637.93115234375 365.5689697265625 1728.156005859375 426.722900390625],0.29390236735343933,,0
0,53,8,[1627.497855306465 136.19732524510493 1838.5652629684766 361.09028560263613],[1726.1778564453125 306.86767578125 1782.19091796875 349.1868896484375],0.3131214678287506,,0
1,43,18,[1567.7450079245436 169.0814206047621 1897.9248553329567 481.6540905725594],[1637.98095703125 365.66912841796875 1728.0911865234375 426.6837158203125],0.2919681966304779,,0
0,54,8,[1627.6594749518638 136.159340294199 1838.8360510504792 361.01384431228905],[1726.2122802734375 306.9283752441406 1782.0792236328125 349.07733154296875],0.3230951428413391,,0
1,44,18,[1567.7343507727549 169.04820380779324 1897.9224668750992 481.6500476776305],[1637.96484375 365.6022033691406 1728.15234375 426.7019348144531],0.2918946444988251,,0
0,55,8,[1628.126593825967 136.1785075774241 1839.1629869614555 360.9559541929054],[1726.1400146484375 306.8346252441406 1782.1512451171875 349.16302490234375],0.3181161880493164,,0
1,45,18,[1567.7223584646003 169.03082739151478 1897.9156421775565 481.6610944363281],[1637.99853515625 365.66986083984375 1728.08935546875 426.67364501953125],0.29052871465682983,,0
0,56,8,[1628.4205443776325 136.2010853646118 1839.301315233173 360.9100148182994],[1726.140380859375 306.8345031738281 1782.15380859375 349.1650085449219],0.3185672461986542,,0
0,57,8,[1628.5625203324057 136.22384889334933 1839.328651927005 360.8827914586066],[1726.14111328125 306.8368835449219 1782.1556396484375 349.1650085449219],0.3194237947463989,,0
1,46,18,[1567.725692415111 169.02195867597806 1897.9059545766509 481.6677425479266],[1637.9608154296875 365.7961120605469 1727.5989990234375 426.55206298828125],0.28727099299430847,,0
0,58,8,[1628.6019101887487 136.24091227593496 1839.3040825286507 360.8649056125362],[1726.141845703125 306.83551025390625 1782.154541015625 349.16229248046875],0.31972986459732056,,0
1,47,18,[1567.7287385267455 169.01081554630542 1897.8960795266898 481.6676349555533],[1637.9451904296875 365.80511474609375 1727.611572265625 426.55694580078125],0.2870117723941803,,0
0,59,8,[1628.6503030335764 136.25748276480235 1839.2932755995232 360.85374127965486],[1726.13818359375 306.83056640625 1782.15673828125 349.1672058105469],0.3198435604572296,,0
1,48,18,[1567.7201037121526 169.00266785079205 1897.8709517237949 481.66179148116055],[1637.5697021484375 365.3887939453125 1727.5067138671875 426.5050048828125],0.28606027364730835,,0
0,60,8,[1628.5391591467821 136.28405067861902 1839.2226510975509 360.88448744877746],[1726.137451171875 306.82647705078125 1782.16259765625 349.1591796875],0.32065653800964355,,0
0,61,8,[1628.4597601631478 136.2840277903543 1839.1929876780575 360.870260997616],[1726.130859375 306.8372802734375 1782.154541015625 349.1698913574219],0.31646621227264404,,0
1,49,18,[1567.7158432857732 169.0078975082747 1897.8427657816596 481.65814120099196],[1637.557373046875 365.3397521972656 1727.5489501953125 426.52435302734375],0.28763824701309204,,0
0,62,8,[1628.5013270156512 136.31058164016582 1839.2238006233754 360.88879489555865],[1726.113037109375 306.8249816894531 1782.1568603515625 349.1752624511719],0.3159417510032654,,0
1,50,18,[1567.7306365974805 169.06909679760363 1897.8570237626323 481.7240931698269],[1637.4599609375 365.2738037109375 1727.67822265625 426.5929870605469],0.294385701417923,,0
0,63,8,[1628.755167277234 136.3313858748442 1839.3315464284335 360.8910899174549],[1726.10498046875 306.8080749511719 1782.1572265625 349.1797790527344],0.3131920397281647,,0
1,51,18,[1567.7484522814489 169.09602321255042 1897.865469111312 481.74378402664684],[1637.5374755859375 365.3599853515625 1727.7220458984375 426.5865173339844],0.29212573170661926,,0
0,64,8,[1628.8257450451174 136.3483202035904 1839.3257239158702 360.9108558133255],[1726.116943359375 306.8251647949219 1782.14794921875 349.1584167480469],0.3082575500011444,,0
1,52,18,[1567.7473525697028 169.10212554190386 1897.8554926486004 481.74464505296135],[1637.56689453125 365.40069580078125 1727.6771240234375 426.55828857421875],0.29081472754478455,,0
0,65,8,[1629.0042432079197 136.35581508344046 1839.3641108949112 360.916136870827],[1726.1099853515625 306.8130798339844 1782.1578369140625 349.1591796875],0.3086041510105133,,0
0,66,8,[1629.113342067476 136.35880268131345 1839.3600866192078 360.9188152263986],[1726.0986328125 306.8161315917969 1782.1607666015625 349.1518249511719],0.3089068531990051,,0
1,53,18,[1569.2167341290378 170.41719363579327 1898.3675982813988 483.1618760022194],[1636.770751953125 365.0606689453125 1713.7552490234375 424.96728515625],0.34563106298446655,,0
0,67,8,[1629.241957811078 136.36072754678642 1839.3658196984707 360.9228063916387],[1726.084716796875 306.83453369140625 1782.1640625 349.1290588378906],0.30716395378112793,,0
1,54,18,[1569.9238317144718 170.78982229315048 1898.4096691200616 483.6996313563675],[1636.89013671875 364.9928283691406 1713.7486572265625 424.9327697753906],0.3399958312511444,AI38EIO,0.025248505173041745
0,68,8,[1628.8263326806548 136.35120843534537 1839.1496722807744 360.93824355947237],[1726.096435546875 306.81494140625 1782.1787109375 349.1554260253906],0.31111934781074524,,0
1,55,18,[1570.3139227383467 170.9321385504955 1898.3392522426734 484.06545094883796],[1636.688232421875 364.58544921875 1714.37109375 425.1564636230469],0.340446412563324,,0
0,69,8,[1628.4423298200488 136.33096500682691 1839.027875255524 360.93497256522414],[1726.08544921875 306.8273620605469 1782.1842041015625 349.1524963378906],0.31244897842407227,,0
0,70,8,[1628.2130153979267 136.310147523692 1839.0128432365466 360.93033783700935],[1726.099365234375 306.8593444824219 1782.1732177734375 349.12347412109375],0.3142526149749756,,0
1,56,18,[1570.5315898767813 170.86117385741605 1898.1977677274658 484.1803644681205],[1636.760009765625 364.7064514160156 1714.026123046875 425.0190124511719],0.3409397602081299,,0
0,71,8,[1628.3485414925806 136.3164129232577 1839.1493653127743 360.9336616589949],[1726.1016845703125 306.88128662109375 1782.1539306640625 349.1023864746094],0.312480628490448,,0
1,57,18,[1570.4245728855874 170.2904949982822 1897.7665799845329 483.3426515453778],[1636.7681884765625 364.70855712890625 1713.96142578125 425.05316162109375],0.3401961326599121,AI38EIO,0.024506328245391635
0,72,8,[1628.0381835360463 136.31561237264864 1839.0572524368881 360.94604281724355],[1726.111083984375 306.8994140625 1782.142822265625 349.08135986328125],0.3122042119503021,,0
1,58,18,[1570.3921006433602 170.1278191433758 1897.5178002561875 482.9573988952174],[1636.769287109375 364.0016174316406 1712.116455078125 424.67205810546875],0.3473431468009949,,0
0,73,8,[1628.1337500114057 136.32720879002136 1839.1636665993185 360.9572871893846],[1726.10498046875 306.8980407714844 1782.1444091796875 349.0763244628906],0.3147284984588623,,0
1,59,18,[1570.4047369247205 170.12387541445008 1897.375567136286 482.76439984458017],[1636.6973876953125 363.9608459472656 1712.0921630859375 424.6498718261719],0.3491489589214325,,0
0,74,8,[1628.0550403218324 136.32800122934947 1839.1604159461233 360.9595732290193],[1726.105224609375 306.9016418457031 1782.139892578125 349.0763854980469],0.3130072355270386,,0
1,60,18,[1569.2827737460236 170.22862622820966 1897.1277631375854 483.11964343129523],[1636.6962890625 363.95758056640625 1712.0947265625 424.6517333984375],0.3494778573513031,,0
0,75,8,[1628.0818334658318 136.343661281832 1839.2026722627104 360.9710974751258],[1726.1038818359375 306.89886474609375 1782.1407470703125 349.07696533203125],0.3123118281364441,,0
0,76,8,[1628.0754152132292 136.35258547913716 1839.2153230308825 360.9841656741718],[1726.062744140625 306.90447998046875 1782.153076171875 349.0942687988281],0.3080439567565918,,0
1,61,18,[1568.7011440213194 170.20536127537926 1897.1863220555304 483.26015009954745],[1636.6959228515625 363.9584045410156 1712.0950927734375 424.65155029296875],0.34943830966949463,,0
2,165,55,[1637.802505413589 61.925922426076625 1915.9742189573137 437.97832129530616],[1749.6807861328125 383.1648864746094 1844.0299072265625 431.7935791015625],0.26332181692123413,,0
0,77,8,[1628.4627798996544 136.36505294556667 1839.3827116944008 360.9793249134476],[1726.056884765625 306.8853454589844 1782.169921875 349.11651611328125],0.31130191683769226,,0
1,62,18,[1568.316161770836 170.19589753651127 1897.2894030444932 483.40204682673965],[1636.712158203125 363.830322265625 1711.655029296875 424.1953430175781],0.3520192503929138,,0
0,78,8,[1628.74869569527 136.3956798421188 1839.4478000418242 360.99045464781165],[1726.0614013671875 306.8988037109375 1782.1630859375 349.11578369140625],0.3119674324989319,,0
2,166,55,[1637.699927764641 61.716694204907895 1916.0711417975417 437.86974894147943],[1749.82958984375 383.3719787597656 1843.4521484375 431.655517578125],0.2572048604488373,,0
1,63,18,[1568.0825789140663 170.15722131484213 1897.413165545704 483.4655457207689],[1636.7259521484375 363.8580322265625 1711.5838623046875 424.1649169921875],0.35292166471481323,,0
0,79,8,[1628.798782276514 136.4036684914173 1839.3929733912532 360.98909973844655],[1726.0521240234375 306.8955078125 1782.1673583984375 349.12713623046875],0.31300169229507446,,0
1,64,18,[1567.938461869258 170.12528033249302 1897.5261227466958 483.50745350760985],[1637.126220703125 364.24493408203125 1711.99072265625 424.39288330078125],0.34116607904434204,,0
0,80,8,[1629.04583453874 136.40230318598338 1839.4362342112172 360.9739736522003],[1726.039306640625 306.88507080078125 1782.16259765625 349.1423034667969],0.3108955919742584,,0
2,169,55,[1638.906618888966 61.153861987648924 1917.0874899006462 437.10132546864395],[1749.7188720703125 384.0179443359375 1842.7239990234375 431.5128479003906],0.2708624005317688,,0
0,81,8,[1629.2489335701407 136.4070320063929 1839.4462318079386 360.9657047216978],[1726.0419921875 306.88623046875 1782.1583251953125 349.1377258300781],0.31044045090675354,,0
1,65,18,[1567.8440718078677 170.10178634574336 1897.6240820234148 483.5474444147951],[1637.10693359375 364.2183837890625 1712.0999755859375 424.4501953125],0.3399181067943573,,0
2,170,55,[1639.4742984066077 61.62147287862729 1917.2943041636038 437.2456141130324],[1749.6697998046875 383.93792724609375 1842.84228515625 431.33880615234375],0.2614341974258423,,0
0,82,8,[1629.4432119844987 136.4147909790078 1839.4510771121613 360.9547499822979],[1726.04443359375 306.888427734375 1782.15673828125 349.1426696777344],0.31129947304725647,,0
1,66,18,[1567.7793426181665 170.08340440034448 1897.6978295910485 483.5787037236317],[1637.09912109375 364.22607421875 1712.0987548828125 424.4550476074219],0.34131765365600586,,0
0,83,8,[1629.6426968203323 136.42893246630328 1839.4555312956036 360.9554253869677],[1726.067138671875 306.8977966308594 1782.1494140625 349.1156005859375],0.3103707432746887,,0
2,171,55,[1639.6152001307285 61.244253002240754 1917.3189348843905 437.05751937232515],[1749.8843994140625 384.0566711425781 1842.5196533203125 432.249755859375],0.2729991674423218,,0
1,67,18,[1568.6873450246019 169.92717976897725 1898.0750953933637 483.1334724796458],[1637.04345703125 364.10906982421875 1712.2470703125 424.535888671875],0.3440394401550293,,0
0,84,8,[1629.7405663152488 136.44134890412556 1839.4181693344383 360.9513560533541],[1726.0616455078125 306.88287353515625 1782.1651611328125 349.1376647949219],0.31131091713905334,,0
1,68,18,[1569.1317388872205 169.9043765226844 1898.121770512171 482.88047007784496],[1637.2716064453125 364.52655029296875 1712.7352294921875 425.30126953125],0.34153005480766296,,0
0,85,8,[1629.8027415054746 136.45003739670906 1839.380563598386 360.946022373045],[1726.0621337890625 306.87432861328125 1782.175537109375 349.14910888671875],0.3127534091472626,,0
1,69,18,[1569.377293863428 169.94931288197793 1898.077790964262 482.7607821065635],[1637.22509765625 364.471435546875 1712.933349609375 425.36334228515625],0.3422410786151886,,0
0,86,8,[1629.5445095751575 136.44696709689816 1839.2266235354587 360.94356363092095],[1726.0850830078125 306.88580322265625 1782.1629638671875 349.12445068359375],0.3129103481769562,,0
1,70,18,[1569.532893707644 169.99552488485153 1898.04598327186 482.676007888889],[1637.208251953125 364.45440673828125 1713.0087890625 425.3768005371094],0.3443717658519745,,0
0,87,8,[1629.3474508466172 136.44779946628222 1839.1547120796279 360.94548490533975],[1726.0909423828125 306.8980407714844 1782.1483154296875 349.1065979003906],0.310078501701355,,0
0,88,8,[1629.2106402720208 136.43797013060262 1839.1345804831356 360.933256237587],[1726.09716796875 306.90472412109375 1782.16845703125 349.1076965332031],0.3117830157279968,,0
1,71,18,[1569.621670181463 170.03385569160358 1897.9964043939883 482.62719872031164],[1637.23388671875 364.4971618652344 1712.93115234375 425.3339538574219],0.3437202274799347,,0
0,89,8,[1629.1693169633647 136.4392203259822 1839.160510515156 360.9307488003453],[1726.1011962890625 306.90191650390625 1782.1717529296875 349.1065368652344],0.3123249411582947,,0
1,72,18,[1569.679135876424 170.05746395890807 1897.9591259801564 482.57517786375445],[1637.222900390625 364.4556884765625 1712.9901123046875 425.3580322265625],0.34376993775367737,,0
0,90,8,[1629.125284702399 136.44819909663784 1839.175756163442 360.9380266297418],[1726.1048583984375 306.9161682128906 1782.1622314453125 349.097900390625],0.30990004539489746,,0
0,91,8,[1628.7617758317415 136.43634801743195 1839.0570929345586 360.94594344181553],[1726.09423828125 306.906005859375 1782.158935546875 349.1143798828125],0.3072500228881836,,0
1,73,18,[1569.7106288624059 170.08399415441957 1897.918956028932 482.54996836148814],[1636.6409912109375 363.7019348144531 1712.2401123046875 425.3504333496094],0.3491576015949249,,0
0,92,8,[1628.6439447232237 136.43079386681518 1839.0806167990504 360.9505217003725],[1726.078125 306.884521484375 1782.16259765625 349.11474609375],0.3082050681114197,,0
1,74,18,[1569.7397214362932 170.1051228196366 1897.8862552991968 482.54145441244236],[1636.6307373046875 363.7943115234375 1711.9134521484375 425.31719970703125],0.33828672766685486,,0
0,93,8,[1628.7938360141789 136.43626578440768 1839.20594269085 360.95258419001965],[1726.077392578125 306.8825988769531 1782.1754150390625 349.09893798828125],0.31114697456359863,,0
1,75,18,[1570.002963028336 170.20328013704201 1897.7468952054207 482.4914391341641],[1636.6373291015625 363.8039245605469 1711.9306640625 425.3191223144531],0.33673393726348877,,0
0,94,8,[1628.6307148806825 136.4197433229028 1839.156669991308 360.9439209751083],[1726.095703125 306.88433837890625 1782.18017578125 349.0785217285156],0.31337809562683105,,0
1,76,18,[1570.1498643518132 170.32027515077132 1897.569082102542 482.4842632207468],[1636.66259765625 363.72418212890625 1710.661376953125 424.9600524902344],0.3394700884819031,,0
0,95,8,[1628.444993954863 136.40354915378913 1839.1147749050074 360.9465675976094],[1726.0777587890625 306.8646240234375 1782.1673583984375 349.0967102050781],0.31119295954704285,,0
0,96,8,[1628.1357819154582 136.3871705680028 1839.0377906378158 360.9486404868751],[1726.065673828125 306.8433837890625 1782.153076171875 349.08251953125],0.31344255805015564,,0
1,77,18,[1570.024859767968 170.21654823792312 1897.5968096315971 482.4587811826867],[1636.6636962890625 363.730712890625 1710.6199951171875 424.94158935546875],0.3406021296977997,,0
0,97,8,[1628.202182724453 136.37832633451012 1839.1445902634064 360.94385928213734],[1726.0819091796875 306.8169250488281 1782.1729736328125 349.084716796875],0.3155754804611206,,0
1,78,18,[1569.9594912479504 170.18773370974176 1897.6338313963304 482.5153420492121],[1636.63916015625 363.7185974121094 1711.040771484375 425.0504150390625],0.3404541313648224,,0
0,98,8,[1628.0949734497988 136.3610943025606 1839.1416219003042 360.93979221533425],[1726.0986328125 306.8040466308594 1782.1845703125 349.0809020996094],0.3146149814128876,,0
0,99,8,[1627.7949765779715 136.33446394707667 1839.061610100582 360.9324413694968],[1726.086669921875 306.80841064453125 1782.188720703125 349.0952453613281],0.31408795714378357,,0
1,79,18,[1569.912593681434 170.1573066964642 1897.663059756675 482.53508283149426],[1636.6318359375 363.6982727050781 1711.0975341796875 425.0739440917969],0.3397453725337982,,0
2,211,55,[1638.8697054850893 72.91570812081198 1918.492590367831 440.7446597617998],[1749.1904296875 381.5446472167969 1843.5076904296875 427.7053527832031],0.25636881589889526,,0
0,100,8,[1627.754772979983 136.31791287513005 1839.1150059020097 360.9307629768368],[1726.0792236328125 306.781494140625 1782.182373046875 349.0909423828125],0.312078595161438,,0
1,80,18,[1569.8733602385373 170.13146065050455 1897.6852218341137 482.5500706531336],[1636.6083984375 363.6334533691406 1711.21728515625 425.1186218261719],0.33297422528266907,,0
2,212,55,[1639.1564606143604 72.51605208222372 1918.5991518393205 440.46898195041956],[1749.1519775390625 381.6733703613281 1843.4769287109375 427.5301208496094],0.2570604085922241,,0
0,101,8,[1630.082676386561 136.27851976392833 1839.9987250583297 361.13445785652044],[1726.534423828125 307.61529541015625 1782.154541015625 350.0476989746094],0.3119160532951355,,0
2,213,55,[1639.329589792788 72.0783197656379 1918.6357671416274 440.2486566459583],[1749.0933837890625 381.6736755371094 1843.5494384765625 427.47503662109375],0.25891953706741333,,0
1,81,18,[1569.8460536744876 170.10273337439384 1897.7120384701095 482.56185617389207],[1636.59423828125 363.6004943847656 1711.3096923828125 425.1616516113281],0.33579108119010925,,0
0,102,8,[1630.8697923384696 136.22677906364572 1839.9706909611111 361.25654827556815],[1726.7332763671875 307.5292053222656 1782.17431640625 349.8959045410156],0.3238959312438965,,0
2,214,55,[1639.5593202165442 71.81258994913986 1918.6655241069338 440.2248815283512],[1748.9417724609375 381.4615173339844 1843.5003662109375 427.6778869628906],0.26016783714294434,,0
1,82,18,[1569.8267459025453 170.07343398024685 1897.728438852292 482.6678908589895],[1636.6380615234375 363.6581726074219 1711.1488037109375 425.1036071777344],0.33566614985466003,,0
0,103,8,[1631.3075284377653 136.1760497155048 1839.813495239646 361.3337182868981],[1726.7332763671875 307.5292053222656 1782.17431640625 349.8959045410156],0.3238959312438965,,0
2,215,55,[1639.9556813012969 71.43642932588526 1918.7741628022263 440.10403064599063],[1748.9873046875 381.4411926269531 1843.4136962890625 427.7425231933594],0.25051167607307434,,0
0,104,8,[1631.5842519269029 136.14543759138115 1839.6481111224564 361.39241859314325],[1726.7347412109375 307.52764892578125 1782.1724853515625 349.8920593261719],0.32413771748542786,,0
1,83,18,[1569.8053409242066 170.0538551837613 1897.7222051173921 482.7654863385382],[1636.6666259765625 363.7027587890625 1711.02392578125 425.0474853515625],0.33497852087020874,,0
0,105,8,[1631.5942605490352 136.11458882867956 1839.4364433096869 361.41484192917744],[1726.693359375 307.52252197265625 1782.173583984375 349.9063415527344],0.32659488916397095,,0
2,216,55,[1640.5688971674479 71.13731671123728 1918.9311385988137 440.06955795591125],[1748.92822265625 381.4866943359375 1843.443603515625 427.7786865234375],0.2532821297645569,,0
1,84,18,[1569.8040429888447 170.0105867127838 1897.726775077534 482.7907763998031],[1636.6856689453125 363.7191467285156 1710.9642333984375 425.0263366699219],0.33298471570014954,,0
0,106,8,[1631.7232836736443 136.09922982415452 1839.3498104775354 361.4345208482776],[1726.6868896484375 307.5227966308594 1782.1671142578125 349.9045715332031],0.3260565996170044,,0
1,85,18,[1569.806139309573 169.93938849025383 1897.7338226157115 482.7089447600729],[1636.691650390625 363.780029296875 1710.9658203125 425.0511474609375],0.33041104674339294,,0
0,107,8,[1631.7331359547081 136.07913511292412 1839.245675765316 361.44539853311034],[1726.689453125 307.525634765625 1782.1693115234375 349.9050598144531],0.3266404867172241,,0
1,86,18,[1569.035783405313 169.55489495099752 1897.5263311358526 482.56738821077636],[1636.8238525390625 364.1398620605469 1710.480224609375 424.8598327636719],0.329711377620697,,0
0,108,8,[1631.76154913013 136.070394826706 1839.1858060895663 361.45935105691535],[1726.69921875 307.5361633300781 1782.16845703125 349.8924865722656],0.3297823965549469,,0
1,87,18,[1568.6380174959804 169.35766537921222 1897.5261900802861 482.5684269650884],[1636.849365234375 364.1919250488281 1710.352294921875 424.8075256347656],0.32933294773101807,,0
0,109,8,[1631.696490012391 136.05503460780926 1839.1091241530742 361.4700470825351],[1726.692626953125 307.5346374511719 1782.172119140625 349.90460205078125],0.3298186659812927,,0
1,88,18,[1568.424236740882 169.2420121492549 1897.6031892627088 482.60840359584546],[1636.927734375 364.2981262207031 1710.0809326171875 424.7044372558594],0.3265954852104187,,0
0,110,8,[1631.5899859399003 136.03780548711285 1839.0418127371674 361.47598830855486],[1726.694091796875 307.53662109375 1782.176513671875 349.8959655761719],0.3328992426395416,,0
2,227,55,[1650.286260021645 74.9631505645132 1921.038141826583 440.3888290138764],[1757.54443359375 383.410888671875 1851.85107421875 432.3898620605469],0.3741511404514313,,0
0,111,8,[1631.63547847233 136.0155666197651 1839.0582113821154 361.47230682196664],[1726.701416015625 307.55780029296875 1782.158203125 349.8629150390625],0.3277304768562317,,0
2,228,55,[1655.2319891725137 75.31787758774664 1921.4737775103958 439.3079633932478],[1757.281494140625 383.66363525390625 1851.8115234375 432.7115478515625],0.3857598900794983,,0
0,112,8,[1631.7050266258302 136.0121734535128 1839.0779185471893 361.47801481137043],[1726.70361328125 307.5687561035156 1782.158203125 349.8389587402344],0.32822877168655396,,0
0,113,8,[1631.7405288606399 136.00704405818368 1839.0762832496569 361.48009093961565],[1726.7017822265625 307.5718078613281 1782.1541748046875 349.8299865722656],0.32763615250587463,,0
2,229,55,[1657.485867243773 75.46897889634809 1920.5738278707436 438.13149059746786],[1757.8525390625 383.91705322265625 1851.5252685546875 432.45263671875],0.38502007722854614,,0
0,114,8,[1631.7090448422757 135.9963204815328 1839.0474387981028 361.4904956892932],[1726.6993408203125 307.575439453125 1782.1455078125 349.8307800292969],0.3241415023803711,,0
2,230,55,[1658.8747972777824 76.66828458841621 1919.6913478045772 437.88772337750925],[1757.64111328125 383.9758605957031 1851.7646484375 432.6106872558594],0.38327786326408386,,0
0,115,8,[1631.7065344302837 135.98961102460737 1839.0399179355259 361.4977890600115],[1726.698974609375 307.5764465332031 1782.1436767578125 349.82666015625],0.32369914650917053,,0
2,231,55,[1659.8233936847014 76.87796710969937 1918.9127771577273 437.1786967924189],[1757.947265625 384.1430969238281 1851.52001953125 432.4618835449219],0.35359278321266174,,0
0,116,8,[1631.3139166942321 135.96300573053702 1838.8757000864605 361.4983068454541],[1726.6981201171875 307.5777282714844 1782.1461181640625 349.81768798828125],0.323945552110672,,0
0,117,8,[1631.034761487161 135.93575700610083 1838.8153563165235 361.4946033863274],[1726.7022705078125 307.5678405761719 1782.1466064453125 349.8270263671875],0.3231513500213623,,0
2,232,55,[1660.5253034295636 77.09166582872027 1918.3078273432873 436.9622292957498],[1757.9078369140625 384.17303466796875 1851.8321533203125 432.85528564453125],0.34287217259407043,,0
0,118,8,[1630.7516691325864 135.90967084983205 1838.773589944422 361.48732918567293],[1726.7076416015625 307.58367919921875 1782.146484375 349.8251953125],0.32871386408805847,,0
2,233,55,[1661.0740981964382 76.96401982747966 1917.9348979837114 436.63685066884966],[1758.346435546875 384.490478515625 1851.603515625 432.3796081542969],0.3003824055194855,,0
0,119,8,[1630.5864670788233 135.8962668541526 1838.7940668779638 361.48405425074503],[1726.7061767578125 307.5792236328125 1782.1519775390625 349.8255615234375],0.3282766044139862,,0
2,234,55,[1661.3966977365874 76.45688504004244 1917.8149225284749 436.6863260642189],[1758.04443359375 384.38116455078125 1851.39306640625 432.537353515625],0.29609042406082153,,0
0,120,8,[1630.4919620711457 135.88913362400007 1838.834854976341 361.4860463470381],[1726.7113037109375 307.5868225097656 1782.1490478515625 349.8142395019531],0.32894012331962585,,0
0,121,8,[1630.370262167314 135.86411375036 1838.8485862297055 361.47761030553863],[1726.6585693359375 307.56988525390625 1782.1431884765625 349.8348388671875],0.32879677414894104,,0
0,122,8,[1630.2580507153923 135.8445736793612 1838.8605112538596 361.4714997017992],[1726.660888671875 307.5718688964844 1782.1422119140625 349.83306884765625],0.328205943107605,,0
2,240,55,[1661.4311385629105 79.0534912438064 1916.900306795317 438.54622727346214],[1759.727783203125 385.8406677246094 1851.296630859375 433.9082336425781],0.28646740317344666,,0
0,123,8,[1630.0115762029588 135.8195545555722 1838.8131882216396 361.46066512830953],[1726.6444091796875 307.5617980957031 1782.14111328125 349.8498229980469],0.3260827660560608,,0
2,241,55,[1661.1609593763483 79.6316022336539 1916.8523816026382 439.2758323242],[1759.049560546875 385.336669921875 1851.3541259765625 433.61700439453125],0.3252852261066437,,0
0,124,8,[1629.899539130739 135.8125395882275 1838.8363506583678 361.46253698107967],[1726.634033203125 307.5716247558594 1782.141357421875 349.8534851074219],0.32562652230262756,,0
0,125,8,[1629.8914566148705 135.80732563733636 1838.8931170174633 361.47175729609575],[1726.6722412109375 307.5467224121094 1782.144775390625 349.8453674316406],0.3292314112186432,,0
2,242,55,[1661.4298042253042 80.36085123992689 1917.2746968103968 440.6715227480031],[1759.26611328125 385.8307800292969 1851.890380859375 433.7368469238281],0.2558664381504059,,0
0,126,8,[1630.1094922108414 135.81275804642002 1839.021001905388 361.4709014926655],[1726.73583984375 307.55010986328125 1782.175048828125 349.8092041015625],0.3263947069644928,,0
2,243,13,[1208.2860799805535 109.74134154942533 1508.82028577268 381.64757465097256],[1271.337158203125 337.0749816894531 1362.8228759765625 381.1417236328125],0.43059951066970825,,0
0,127,8,[1630.1991915586698 135.8138039497619 1839.0508532849656 361.471712831699],[1726.731201171875 307.5542907714844 1782.17626953125 349.79931640625],0.3268490433692932,,0
2,244,55,[1645.9738922919037 63.92149839506055 1913.7133723252573 437.9565493149256],[1750.3304443359375 383.8380432128906 1848.0428466796875 424.7331848144531],0.2503550350666046,,0
0,128,8,[1630.248291199881 135.81947027994482 1839.0547222339887 361.47721385414445],[1726.732666015625 307.5529479980469 1782.171875 349.80865478515625],0.3251377046108246,,0
0,129,8,[1630.378068083314 135.84028502859806 1839.0913768121584 361.498875594383],[1726.733642578125 307.53057861328125 1782.191162109375 349.81640625],0.3249587118625641,,0
2,245,55,[1643.1943234250996 61.60391284509416 1914.5193287939599 439.35801434707406],[1750.2572021484375 383.7807312011719 1847.7733154296875 424.7366638183594],0.2668325901031494,,0
0,130,8,[1630.6651914580752 135.87544020045868 1839.1823033493547 361.5130651163731],[1726.75927734375 307.5345153808594 1782.17431640625 349.78564453125],0.32455360889434814,,0
0,131,8,[1630.8837885819921 135.90527675526005 1839.2119899642785 361.52769004894867],[1726.8087158203125 307.56494140625 1782.1585693359375 349.7425537109375],0.3249581754207611,,0
0,132,8,[1631.0193855756236 135.9331452377553 1839.1988741277275 361.5453091608032],[1726.8018798828125 307.5464172363281 1782.16162109375 349.7589111328125],0.32147642970085144,,0
0,133,8,[1630.984439315002 135.94380675812877 1839.1227816181781 361.56173315520107],[1726.8966064453125 307.5565185546875 1782.1827392578125 349.7749328613281],0.32563382387161255,,0
1,151,90,[1568.3532813040986 169.8114790638428 1897.942558780005 481.24059309129103],[1635.702880859375 362.22857666015625 1728.4952392578125 427.6366882324219],0.40998348593711853,,0
0,134,8,[1630.7911434475802 135.9388921270186 1839.0096089921515 361.5662749654904],[1726.89990234375 307.5558776855469 1782.18017578125 349.7642517089844],0.3268612027168274,,0
0,135,8,[1630.7114424894733 135.931475255605 1838.9821527454421 361.5672858306542],[1726.891845703125 307.5350036621094 1782.1962890625 349.78106689453125],0.3275027573108673,,0
1,152,90,[1568.335454345817 169.77579217515392 1898.0400523259561 481.13479595134083],[1635.5767822265625 362.1009826660156 1728.5592041015625 427.72259521484375],0.4147365689277649,,0
0,136,8,[1630.7394379543568 135.92585082154395 1839.0083686686073 361.5599008316709],[1726.8839111328125 307.5256652832031 1782.2073974609375 349.7955322265625],0.32933905720710754,,0
1,153,90,[1568.3004506849836 169.7198260371077 1898.1002243867117 481.0656327694659],[1635.597412109375 362.0966491699219 1728.552001953125 427.7062683105469],0.4140971302986145,,0
0,137,8,[1630.8012508685051 135.92423836150869 1839.0388039032941 361.55480088142446],[1726.8878173828125 307.5265808105469 1782.2069091796875 349.79400634765625],0.3290692865848541,,0
0,138,8,[1630.9141870064082 135.93478718128256 1839.0813017448886 361.56128586328333],[1726.8963623046875 307.5242004394531 1782.206298828125 349.79217529296875],0.32920995354652405,,0
1,154,90,[1568.2741146416201 169.7986539779496 1898.114918916257 481.1094985640374],[1635.7362060546875 362.2220153808594 1728.223876953125 427.546630859375],0.4118318557739258,,0
0,139,8,[1630.9715242082234 135.9367779305789 1839.0865291582027 361.5609303634383],[1726.8916015625 307.52490234375 1782.2000732421875 349.816162109375],0.326555460691452,,0
2,268,98,[1204.711179367722 99.09156765319972 1605.23099393804 567.1146640936539],[1271.4697265625 335.86956787109375 1362.1409912109375 380.01007080078125],0.3715861439704895,,0
1,155,90,[1568.285869561556 169.88337125569248 1898.1114158082828 481.1275704726751],[1635.6617431640625 362.21612548828125 1728.2281494140625 427.5552978515625],0.4136216938495636,,0
0,140,8,[1630.8116868421805 135.93044965302755 1839.0011928589663 361.55788471507674],[1726.8878173828125 307.51885986328125 1782.2039794921875 349.82806396484375],0.3305026590824127,,0
2,269,98,[1206.1491742091748 102.20634721546821 1610.42669441098 570.2201054167996],[1271.128173828125 337.3318176269531 1362.8958740234375 381.1517028808594],0.37628239393234253,,0
0,141,8,[1630.7568956046243 135.9303632240846 1838.9890477122503 361.55601402075985],[1726.8958740234375 307.5156555175781 1782.2109375 349.8311767578125],0.32879582047462463,,0
1,156,90,[1568.2595482078834 169.9803470402264 1898.1197288188853 481.31936625229207],[1635.6141357421875 362.19610595703125 1728.2530517578125 427.577392578125],0.41265079379081726,,0
0,142,8,[1630.6045219410196 135.92145471837887 1838.940156828375 361.55900030000134],[1726.8870849609375 307.5135803222656 1782.207275390625 349.81439208984375],0.3258923292160034,,0
2,270,99,[1637.8011763105771 57.42472863300364 1918.801328116156 443.4057260262541],[1750.708740234375 383.7838439941406 1847.0863037109375 425.6315002441406],0.2695612907409668,,0
1,157,90,[1568.2211478770664 169.97404041246708 1898.1060139825772 481.3684814835792],[1635.60498046875 362.22271728515625 1728.20654296875 427.5487060546875],0.4129640460014343,,0
0,143,8,[1630.5041508600298 135.90890410476482 1838.929254670687 361.55644576576464],[1726.888916015625 307.5172424316406 1782.2039794921875 349.8106689453125],0.3251305818557739,,0
0,144,8,[1630.204923783111 135.8868746590849 1838.8407177177824 361.5447398815651],[1726.818603515625 307.5301208496094 1782.2080078125 349.84185791015625],0.3276529610157013,,0
2,271,99,[1638.3586654024502 58.092712448206356 1918.927124902953 443.3110041481019],[1750.7061767578125 383.7281799316406 1847.2496337890625 425.6959533691406],0.2642328143119812,,0
1,158,90,[1568.2129595232445 169.97802105887587 1898.1024880563737 481.40204248968274],[1635.5841064453125 362.26611328125 1728.1907958984375 427.5179443359375],0.41746973991394043,,0
0,145,8,[1630.016820387892 135.8746602054036 1838.8298820929572 361.5442800481858],[1726.8138427734375 307.5174255371094 1782.2215576171875 349.8670349121094],0.3297221064567566,,0
2,272,99,[1638.51590167129 58.68557205710363 1918.9044109315978 443.4454409996038],[1750.7537841796875 383.71453857421875 1847.4656982421875 425.5638427734375],0.2659531533718109,,0
0,146,8,[1630.165305627793 135.89900334139372 1838.9587200272933 361.56410241195744],[1726.8585205078125 307.5133056640625 1782.2208251953125 349.8589172363281],0.3295306861400604,,0
1,159,90,[1568.2120268695076 170.00681516209943 1898.1046013204873 481.4329857046563],[1635.7899169921875 362.44915771484375 1728.0955810546875 427.40673828125],0.4152772128582001,,0
0,147,8,[1630.500626276908 135.9515727125935 1839.1187642505424 361.5932955501197],[1726.8563232421875 307.52288818359375 1782.2222900390625 349.8644104003906],0.32855677604675293,,0
2,273,99,[1638.6712874182733 59.95107940582582 1918.8433624164738 443.86740697003677],[1750.7581787109375 383.7353210449219 1847.3565673828125 425.6507263183594],0.2710236608982086,,0
1,160,90,[1568.2185072001332 169.9871457389146 1898.1077345910646 481.43594364728835],[1635.6705322265625 362.3524475097656 1728.1571044921875 427.4687805175781],0.4179023802280426,,0
0,148,8,[1630.6696553593008 135.97729263991243 1839.1542049541156 361.59990229972453],[1726.857421875 307.52581787109375 1782.220458984375 349.86529541015625],0.3289819061756134,,0
2,274,99,[1638.845821407489 61.203682692963554 1918.7830297660507 444.1036529225154],[1750.6494140625 383.64569091796875 1846.918212890625 425.67755126953125],0.2755447328090668,,0
0,149,8,[1630.7564830611893 135.98920939834542 1839.1421043317425 361.5969389956724],[1726.8621826171875 307.52154541015625 1782.2296142578125 349.8701477050781],0.33073562383651733,,0
1,161,90,[1568.2165604559927 169.99827083515072 1898.1036782733263 481.456094637718],[1635.836181640625 362.4974670410156 1728.0682373046875 427.3761291503906],0.41220197081565857,,0
0,150,8,[1630.8424039889155 135.9993374710981 1839.1329200755913 361.5957826825576],[1726.903564453125 307.51318359375 1782.2281494140625 349.8703308105469],0.3321353495121002,,0
2,275,99,[1639.246592631237 61.56866525407838 1918.8829234378345 443.9814525032159],[1750.6322021484375 383.656982421875 1846.5230712890625 425.7579650878906],0.2829733192920685,,0
1,162,90,[1568.2266552527103 169.98854024887282 1898.100548444967 481.46163577073503],[1635.728515625 362.3993225097656 1728.1114501953125 427.4215393066406],0.418201208114624,,0
2,276,99,[1638.9348573148652 61.50379475068502 1918.737102903284 443.85991989092616],[1750.7310791015625 383.70867919921875 1846.7955322265625 425.97125244140625],0.2885880768299103,,0
1,163,90,[1568.2302979498886 169.9441824165599 1898.087039538384 481.41463506568334],[1635.7525634765625 362.4580078125 1728.1431884765625 427.43609619140625],0.4092763662338257,,0
0,1,14,[1589.31298828125 136.0861358642578 1839.224853515625 362.11138916015625],[1721.8978271484375 304.3004150390625 1780.5263671875 350.9835205078125],0.3656289875507355,,0
1,5,7,[1568.4180908203125 166.5531463623047 1897.7398681640625 480.513427734375],[1638.6251220703125 368.31134033203125 1723.335205078125 425.13592529296875],0.4197568893432617,,0
0,2,14,[1589.7370760045847 136.12582016772933 1839.2804542042818 362.03424827107915],[1721.908203125 304.3244323730469 1780.493896484375 350.9255065917969],0.36818915605545044,,0
0,3,14,[1592.2052313814224 136.4225343879102 1839.7418925123065 361.5646069479336],[1721.8505859375 304.2436828613281 1780.5538330078125 351.0618896484375],0.36584222316741943,,0
0,4,14,[1596.3227574043242 136.96323128876557 1840.4617026041549 361.07489390796525],[1721.685791015625 304.1283874511719 1780.63037109375 351.19683837890625],0.36353302001953125,,0
1,11,22,[1570.0835872244757 167.31846827502275 1897.532330252678 479.360556850811],[1640.961669921875 370.70306396484375 1723.6773681640625 423.1390686035156],0.37591519951820374,,0
0,5,14,[1598.4953120817738 137.14473200534366 1840.4350747953865 360.8407379919505],[1721.785400390625 304.28558349609375 1780.5263671875 350.85699462890625],0.36213716864585876,,0
1,12,22,[1570.6947934190182 167.72349387549053 1897.3084871363255 479.07833172717613],[1640.142333984375 370.3006896972656 1724.407470703125 423.2190856933594],0.3972926437854767,,0
0,6,14,[1597.848554335245 136.97563513725822 1839.6965896584302 361.0617746139321],[1721.605224609375 304.2442932128906 1780.6204833984375 350.9234619140625],0.3686564862728119,,0
1,13,22,[1570.9775943985462 167.93221677178454 1897.1792110548233 479.0384491883681],[1640.1888427734375 370.3404235839844 1724.3887939453125 423.1950988769531],0.3983927071094513,,0
0,7,14,[1602.5684592205544 137.2968544619363 1840.8364872793404 360.66431600119574],[1723.6651611328125 306.0185241699219 1782.2442626953125 348.8533935546875],0.37854570150375366,,0
1,14,22,[1569.8456945057267 167.19165978495334 1897.1914222732569 479.284907872659],[1642.0177001953125 370.4051513671875 1726.1627197265625 424.13818359375],0.3792109191417694,,0
0,8,14,[1612.9744311792667 138.22020396537602 1843.2292766391372 359.8475612019529],[1723.63232421875 305.92034912109375 1782.2052001953125 348.99371337890625],0.3754063546657562,,0
1,15,22,[1569.3541118531405 166.82054437142875 1897.3604322483523 479.4673412283077],[1640.0888671875 368.3119812011719 1723.656005859375 425.1479187011719],0.36616864800453186,,0
0,9,14,[1619.7387449912314 138.794751788694 1843.5062927988054 359.4739094896311],[1723.740966796875 306.19482421875 1782.14208984375 348.6683349609375],0.3667992651462555,,0
0,10,14,[1621.7248603877356 138.8239925591368 1842.1204709045132 359.4482493641902],[1723.48828125 306.2933349609375 1782.09375 348.4280090332031],0.3841894268989563,,0
1,16,22,[1569.117528783996 166.44228318377267 1897.5138053158298 479.46978378682024],[1640.0958251953125 368.61053466796875 1722.6727294921875 425.21685791015625],0.3640570342540741,,0
0,11,14,[1624.2598309156751 138.83658211627773 1841.5138905182657 359.50227022574563],[1723.3648681640625 306.07763671875 1782.1900634765625 348.79388427734375],0.3844333589076996,,0
1,17,22,[1569.0101467806091 166.47842602154589 1897.6057402434483 479.7179505760641],[1641.1409912109375 370.8653869628906 1721.8553466796875 423.8074035644531],0.3491809368133545,,0
0,12,14,[1624.4433529397625 138.6322635470501 1840.3575306206267 359.6684524671315],[1723.3642578125 306.0784912109375 1782.112548828125 348.8541259765625],0.3781832158565521,,0
1,18,22,[1568.889898795843 166.60295136483754 1897.7006470660128 480.0740983953011],[1639.6904296875 368.05535888671875 1722.08349609375 424.9051208496094],0.37075275182724,,0
0,13,14,[1622.580049123977 138.32674215592948 1838.9619012232934 360.0415217298566],[1723.3712158203125 306.1531677246094 1782.1707763671875 349.08502197265625],0.3897715210914612,,0
1,19,22,[1568.7081588321444 166.5635674209344 1897.549364403279 480.0363068393791],[1639.2235107421875 368.38385009765625 1722.6302490234375 424.396728515625],0.3245605230331421,,0
0,14,14,[1623.8991389869484 138.16150030761196 1839.2480342153253 360.17874600513824],[1723.4461669921875 306.2682800292969 1782.0802001953125 349.01397705078125],0.38371434807777405,,0
0,15,14,[1625.2388037602318 138.022904107969 1839.4172374606078 360.2377253476246],[1723.482421875 306.39935302734375 1781.9937744140625 349.0559997558594],0.39337047934532166,,0
1,20,22,[1568.6049217793857 166.72307158571553 1897.5822297948498 480.2472847395362],[1639.489013671875 368.3123779296875 1722.826904296875 424.1927795410156],0.32599395513534546,,0
0,16,14,[1622.2277540188932 137.71966584610695 1837.9451471636955 360.52424932949737],[1723.5556640625 306.3367614746094 1782.09228515625 349.4253845214844],0.398756206035614,,0
1,21,22,[1568.5614714098074 166.73999625044272 1897.6513088270135 480.3892613572099],[1638.9774169921875 366.33837890625 1722.1783447265625 425.047119140625],0.3973463177680969,,0
0,17,14,[1621.1471178509473 137.53752499952435 1837.7723940958426 360.74207820579414],[1723.4249267578125 306.2146301269531 1781.9505615234375 349.53179931640625],0.39515992999076843,,0
1,22,22,[1569.672339151554 167.30552893758488 1897.853645574569 480.22484210142693],[1638.5760498046875 365.908935546875 1724.7220458984375 424.28369140625],0.4311448633670807,,0
0,18,14,[1619.8715915131597 137.4043073515318 1837.6063076669575 361.0309851492284],[1723.39453125 306.1584777832031 1781.9710693359375 349.5157775878906],0.39974480867385864,,0
2,111,4,[1636.9516336502 76.66229973882864 1918.9491006034725 445.49665558777656],[1750.2349853515625 384.6727294921875 1842.0078125 432.4955749511719],0.3294384777545929,,0
0,19,14,[1621.3932289973793 137.377556403978 1838.5707784672716 361.1641130998727],[1723.376953125 305.9700622558594 1782.0633544921875 349.6978759765625],0.3896004855632782,,0
1,23,22,[1569.2078748057668 166.14124838615868 1897.7400294333218 479.3309081778021],[1638.4639892578125 368.6684265136719 1725.292236328125 424.5622863769531],0.3272702097892761,,0
2,112,4,[1637.1028609759842 76.65921605530653 1918.8792800790538 445.57759907421314],[1750.1260986328125 384.54766845703125 1841.9681396484375 432.27044677734375],0.35346677899360657,,0
0,20,14,[1620.0167876794224 137.24625538530967 1838.080716542003 361.2881979254381],[1723.338134765625 306.0167541503906 1782.1343994140625 349.65179443359375],0.3866078555583954,,0
1,24,22,[1569.018396996352 165.99070755839483 1897.7889361821456 479.331430333376],[1637.6478271484375 366.91497802734375 1723.7301025390625 424.9522705078125],0.37092432379722595,AI13OOJ,0.0924105102155584
2,113,4,[1637.090789489987 76.54166572157433 1918.739059960118 445.64521402810885],[1750.4093017578125 384.7345275878906 1841.8499755859375 432.10382080078125],0.3742232620716095,,0
0,21,14,[1617.6492599298106 137.043732240632 1837.3967042063648 361.36529446966415],[1723.12353515625 305.8664245605469 1782.211669921875 349.6646423339844],0.3861578702926636,,0
1,25,22,[1568.8550802458938 165.89592416283142 1897.764222374269 479.3739316041125],[1636.8916015625 366.8947448730469 1723.750244140625 425.4101257324219],0.36605289578437805,,0
2,114,4,[1636.9235996481852 76.23808102933768 1918.596650833787 445.77922770531825],[1750.285400390625 384.9082946777344 1841.980224609375 432.2017822265625],0.35573631525039673,,0
0,22,14,[1616.3251200424754 136.87559726815516 1837.3813710319107 361.4364356213098],[1723.1839599609375 305.9794921875 1782.1387939453125 349.3869323730469],0.3796099126338959,,0
1,26,22,[1568.7960218340475 165.95995288308453 1897.8619240831001 479.5739557390867],[1636.5330810546875 367.6899108886719 1720.2774658203125 425.98126220703125],0.3234383463859558,,0
2,115,4,[1636.7390354875429 75.96580890076714 1918.5062174174436 445.93143465569926],[1750.5626220703125 385.10870361328125 1842.2801513671875 432.0750732421875],0.321379691362381,,0
0,23,14,[1615.7598467040905 136.75900664951183 1837.657291792624 361.39925110285316],[1723.4373779296875 306.0828857421875 1782.1717529296875 349.4005126953125],0.39468640089035034,,0
1,27,22,[1568.7764924308167 166.15352894990195 1898.0189862871325 479.88147716581244],[1636.98974609375 368.1142578125 1718.46875 425.89080810546875],0.3158952593803406,,0
2,116,4,[1636.7305192521708 75.76687597665227 1918.4885538732456 446.0340311873555],[1750.4945068359375 385.0511474609375 1842.56689453125 432.3414306640625],0.32488536834716797,,0
0,24,14,[1610.284845960279 136.63272029605753 1835.9558669632409 361.56188489544644],[1723.710205078125 306.135498046875 1782.10107421875 349.326416015625],0.3981449604034424,,0
1,28,22,[1568.6757527701125 166.75715256602584 1897.9593675852088 480.36876441325705],[1636.685791015625 367.0250244140625 1720.1236572265625 425.8443603515625],0.3760080635547638,,0
2,117,4,[1636.7653593770863 75.75535817612345 1918.4715916905895 446.05727027257785],[1750.6724853515625 385.1624755859375 1842.5240478515625 432.37548828125],0.33468446135520935,,0
0,25,14,[1620.286446927934 136.87867427986512 1840.8810731572287 361.42330137053045],[1723.7406005859375 306.2446594238281 1782.0091552734375 349.147705078125],0.406093031167984,,0
1,29,22,[1568.7112793317065 167.07389796154737 1897.937676086358 480.35977578842505],[1636.031982421875 366.4360656738281 1718.616943359375 425.1100158691406],0.36074766516685486,,0
0,26,14,[1621.6282373018673 136.90280835125063 1840.5892561742605 361.3330138755474],[1723.7874755859375 306.25103759765625 1782.0296630859375 349.2597961425781],0.3979036808013916,,0
2,118,3,[1204.9055667173081 107.42568241968726 1513.3716653705408 382.26010001815325],[1271.580810546875 333.3183288574219 1362.565185546875 380.7593994140625],0.34269243478775024,,0
1,30,22,[1568.6757854170812 167.23979041246298 1897.880888428723 480.26389056989547],[1638.6097412109375 368.140869140625 1719.19189453125 425.25750732421875],0.3286697566509247,,0
0,27,14,[1619.819080385313 136.84230013944764 1839.1811904940591 361.2297288107592],[1723.7607421875 306.18414306640625 1782.030029296875 349.29229736328125],0.38197100162506104,,0
2,119,3,[1204.6629795173856 107.6052915989786 1512.9816199976597 382.01239291512377],[1271.5828857421875 333.3523254394531 1362.6148681640625 380.74029541015625],0.3403089642524719,,0
1,31,22,[1568.5464827347964 167.35828207977434 1897.8643195883478 480.31363438403093],[1636.4439697265625 366.7480773925781 1719.7313232421875 426.2055358886719],0.41316843032836914,,0
0,28,14,[1619.9395534847476 136.90207243035002 1839.0725377403164 361.33626003862673],[1723.8680419921875 306.26385498046875 1781.9864501953125 349.06622314453125],0.37428176403045654,,0
2,120,3,[1204.6618539466922 107.67280874618163 1512.804953046757 381.76277265832937],[1271.341552734375 333.310546875 1362.4815673828125 380.60595703125],0.3187270760536194,,0
1,32,22,[1568.5294932790468 167.36878663813158 1897.9167259628177 480.3727339404611],[1636.333740234375 366.60675048828125 1719.720703125 426.1320495605469],0.4196758270263672,,0
0,29,14,[1622.3565709396753 136.95521365705702 1839.9123049428058 361.34607914958355],[1723.970703125 306.2252502441406 1782.024658203125 349.059814453125],0.3793545961380005,,0
1,33,22,[1568.5455992828365 167.43434012927386 1897.9518613886275 480.41708986407696],[1637.3997802734375 367.35809326171875 1719.7371826171875 425.5176086425781],0.3774557411670685,,0
2,121,3,[1204.7458232794306 107.55152323211362 1512.9029830885634 381.5391852966086],[1271.1939697265625 333.3614501953125 1362.4493408203125 380.4493103027344],0.3092173933982849,,0
0,30,14,[1625.5310519370541 137.05670924902068 1840.74500337686 361.3677457786073],[1723.958251953125 306.26495361328125 1782.0477294921875 348.9491271972656],0.3868410587310791,,0
1,34,22,[1568.5361290530793 167.3863901318242 1897.980245471276 480.4368590004567],[1637.45654296875 367.5976867675781 1719.64599609375 425.5139465332031],0.3729808032512665,,0
0,31,14,[1622.9793946694142 136.98339502331146 1839.0273936599403 361.37117500083605],[1723.9874267578125 306.2377624511719 1782.0889892578125 348.9962158203125],0.38689419627189636,,0
2,122,3,[1204.814612069711 107.33047305708817 1513.1448253245608 381.3505704371384],[1271.3468017578125 333.408203125 1362.5234375 380.5392150878906],0.3178574740886688,,0
1,35,22,[1568.5420296945476 167.42742903962088 1898.0097997829216 480.6189415544087],[1635.9884033203125 364.86090087890625 1719.419677734375 427.16693115234375],0.4408937692642212,,0
0,32,14,[1625.082292224946 137.07539576170302 1839.7858849658408 361.4528617646589],[1723.9449462890625 306.17333984375 1782.0780029296875 349.1334228515625],0.3889683783054352,,0
2,123,3,[1204.6824826142133 107.49799998664113 1512.9759517341304 381.4268005506905],[1271.4703369140625 333.2821960449219 1362.5147705078125 380.45977783203125],0.3164016306400299,,0
1,36,22,[1568.497113078041 167.36278243745576 1898.003977731421 480.45559124332453],[1636.3919677734375 367.1686706542969 1718.7139892578125 425.8966369628906],0.3794567584991455,,0
0,33,14,[1619.3584090875681 136.88291690570065 1837.195685001305 361.5354445138853],[1723.8621826171875 306.1348876953125 1782.1585693359375 349.2738037109375],0.3884122967720032,,0
2,124,3,[1204.614775261718 107.61241586367129 1512.8659226749264 381.42501486932247],[1271.6082763671875 333.30712890625 1362.456787109375 380.5088195800781],0.3295953571796417,,0
1,37,22,[1568.4592401181155 167.2683777088616 1897.9926148648476 480.2835106188486],[1636.33154296875 367.31414794921875 1718.7041015625 425.9344482421875],0.3778343200683594,,0
0,34,14,[1619.6527634366785 136.840727017352 1837.9555489530258 361.58945520089696],[1723.8046875 306.1585693359375 1782.076904296875 349.6833190917969],0.4049132168292999,,0
2,125,3,[1204.6643320677824 107.56900454535784 1512.8356369698638 381.36086144490923],[1271.5447998046875 333.3372802734375 1362.47314453125 380.5624694824219],0.3193904161453247,,0
1,38,22,[1568.4787976625285 167.28000337830088 1897.9264416942633 480.47159246271303],[1635.6358642578125 364.79827880859375 1719.0360107421875 427.6549072265625],0.48128506541252136,,0
0,35,14,[1621.8984531446124 136.8753101337142 1839.2144692558415 361.63956883490664],[1723.74462890625 306.1392822265625 1782.1263427734375 349.69219970703125],0.41055503487586975,,0
1,39,22,[1569.565399057929 167.53014569225147 1898.0176595674611 480.3643715538452],[1635.63134765625 365.0290832519531 1718.587646484375 427.4149475097656],0.4620465636253357,,0
2,126,3,[1204.6396832708797 107.408447514627 1512.6572852915738 381.280537097801],[1271.525390625 333.3477783203125 1362.4171142578125 380.4978332519531],0.3083917796611786,,0
0,36,14,[1623.1985359878818 136.87850974652622 1839.6224610873737 361.6227291101555],[1723.55615234375 306.02874755859375 1782.15869140625 349.81048583984375],0.40518760681152344,,0
2,126,4,[1635.5294738655361 75.80356964915225 1918.4712675878413 449.83847068174157],[1749.4346923828125 383.0028991699219 1843.5128173828125 425.9211730957031],0.2514464259147644,,0
1,40,22,[1569.1578202096975 167.29075648391586 1897.8527072489283 480.06295999837596],[1637.7333984375 370.69647216796875 1712.8271484375 423.876708984375],0.2814648151397705,,0
0,37,14,[1624.7443123089743 136.8567094601488 1839.973530234135 361.5304842199027],[1723.59228515625 305.9354553222656 1782.135498046875 349.86419677734375],0.40675702691078186,,0
2,127,3,[1204.6381545339739 107.40308432697566 1512.5071537429064 381.2155745773807],[1271.6429443359375 333.4827880859375 1362.4661865234375 380.4336853027344],0.29496249556541443,,0
0,38,14,[1626.9480072858823 136.8662152219177 1840.468913157229 361.4742682983177],[1723.5318603515625 305.95916748046875 1782.0780029296875 349.8243103027344],0.41432204842567444,,0
1,41,22,[1568.786782435378 167.24024880805447 1897.796624530899 479.9117950191179],[1637.8612060546875 370.70361328125 1712.2034912109375 423.9393310546875],0.27774837613105774,,0
2,127,4,[1635.3520141844567 75.63168885892523 1918.4365864443873 449.57511292225354],[1749.4764404296875 383.0538024902344 1843.3223876953125 426.0682067871094],0.2562330365180969,,0
0,39,14,[1628.6396015988444 136.8804657909996 1840.5720365139232 361.40888372375105],[1723.453857421875 306.0072326660156 1782.0908203125 349.72265625],0.4094509482383728,,0
1,42,22,[1568.8181720745388 167.33423925310993 1897.9239879985912 479.9450530869158],[1636.9998779296875 368.6673889160156 1713.1527099609375 425.2742614746094],0.2939354181289673,,0
2,128,3,[1204.6758710106635 107.54351156099617 1512.4589415740654 381.27690361271425],[1271.5760498046875 333.5219421386719 1362.4952392578125 380.4452819824219],0.30043160915374756,,0
0,40,14,[1628.2735872640344 136.8772463654754 1839.817080669119 361.3687340829203],[1723.4058837890625 306.0553894042969 1782.0618896484375 349.7625732421875],0.41046640276908875,,0
1,43,22,[1568.7555520472024 167.368460106306 1897.973820360688 479.94838826591945],[1635.12744140625 368.04449462890625 1703.741455078125 425.8668212890625],0.27615347504615784,,0
2,128,4,[1635.3822536581351 75.49560748146706 1918.4985450320637 449.34365408667696],[1749.5128173828125 383.101318359375 1843.431640625 426.0787353515625],0.2634468674659729,,0
0,41,14,[1624.4031488329606 136.82249817940448 1837.9552615323391 361.434876298759],[1723.40625 305.9577331542969 1782.1812744140625 349.9031066894531],0.41077613830566406,,0
2,129,3,[1204.714011158559 107.43782380556664 1512.358187117939 381.24533186831377],[1271.6552734375 333.7062683105469 1362.4244384765625 380.3483581542969],0.29567718505859375,,0
0,42,14,[1624.0205873800264 136.76537334807037 1838.1782702017936 361.40125231657316],[1723.5010986328125 305.95599365234375 1782.1014404296875 349.7888488769531],0.4100699722766876,,0
1,46,22,[1568.5294511894526 167.58921527927168 1898.0221808028127 480.10817393186073],[1637.4957275390625 370.583984375 1710.6492919921875 426.6337585449219],0.25189104676246643,,0
2,129,4,[1635.3539685873727 75.55568492417231 1918.497080753191 449.5274720229513],[1749.5255126953125 383.2187805175781 1843.4044189453125 425.90771484375],0.25369131565093994,,0
0,43,14,[1625.2279377668222 136.79004100833617 1838.9498663647057 361.36372443897545],[1723.2978515625 305.89886474609375 1782.13623046875 349.9477233886719],0.4126378297805786,,0
1,47,22,[1568.451074588174 167.66773537468828 1898.0162060667635 480.1186345831925],[1637.7957763671875 370.8586120605469 1710.313232421875 426.43487548828125],0.2552928924560547,,0
2,130,3,[1204.7837261505824 107.17502180630413 1512.3099141340795 381.1463485123533],[1271.671142578125 333.7393798828125 1362.427734375 380.31939697265625],0.2916005253791809,,0
0,44,14,[1624.7517967833826 136.73649040349284 1838.7732509190575 361.2400401801276],[1723.445068359375 306.06463623046875 1781.975830078125 349.6572265625],0.4123512804508209,,0
2,130,4,[1635.3481656699948 75.46001942627123 1918.510395701562 449.1962333079311],[1749.4859619140625 383.2177734375 1843.2388916015625 425.9015808105469],0.25596702098846436,,0
1,49,22,[1568.4568952479044 167.7617080664707 1898.091171765779 480.0558739169239],[1637.4327392578125 370.3252258300781 1710.2552490234375 426.5162658691406],0.2588745057582855,,0
0,45,14,[1625.6273246839628 136.73868236202065 1839.1899777700592 361.1151982481913],[1723.4481201171875 306.19439697265625 1781.9334716796875 349.4308776855469],0.41073691844940186,,0
1,50,22,[1568.3867126354712 167.91788977284537 1898.0959820498233 480.1130630179232],[1637.3463134765625 370.07135009765625 1710.2113037109375 426.5753173828125],0.2658250033855438,,0
2,131,3,[1204.789499522155 107.15315993520514 1512.2482659655861 381.24990579431073],[1271.52587890625 333.8600769042969 1362.4010009765625 380.2489318847656],0.28744930028915405,,0
0,46,14,[1626.077649613476 136.71453194460958 1839.281109448137 360.9648241293876],[1723.5074462890625 306.2659912109375 1781.9224853515625 349.3183898925781],0.41907671093940735,,0
2,131,4,[1635.5130583791997 75.69316977562264 1918.5981977475953 449.315336760445],[1749.554443359375 383.3092346191406 1843.2099609375 425.7772521972656],0.2500484585762024,,0
0,47,14,[1626.3433398571874 136.7087371242161 1839.27638069679 360.8821297886817],[1723.543701171875 306.30865478515625 1781.9027099609375 349.3616027832031],0.42345526814460754,,0
2,132,3,[1204.7540975486484 107.03228048554334 1512.1830105283755 381.2914119551541],[1271.5806884765625 333.788330078125 1362.494873046875 380.2857971191406],0.2902180552482605,,0
1,54,22,[1568.1886635244882 167.9961150499883 1898.1326722396616 480.0593072325169],[1637.388427734375 370.2579345703125 1710.596923828125 426.35467529296875],0.2648204267024994,,0
0,48,14,[1626.2095928891397 136.74781784289155 1839.1148192789576 360.93361425554974],[1723.59228515625 306.3025817871094 1781.945068359375 349.5273742675781],0.431304395198822,,0
2,132,4,[1635.7229869068947 76.14283871025918 1918.6629332934199 450.0061923260778],[1749.4764404296875 383.1509704589844 1843.2425537109375 425.66741943359375],0.25355684757232666,,0
0,49,14,[1624.9053663597601 136.72070869019302 1838.5368042695877 360.93738974937895],[1723.6358642578125 306.2469482421875 1781.9652099609375 349.6886901855469],0.4299014210700989,,0
2,133,3,[1204.806631201525 107.0477894152638 1512.190646532885 381.37246223493537],[1271.4969482421875 333.6956481933594 1362.5238037109375 380.30303955078125],0.29232197999954224,,0
0,50,14,[1623.554676867669 136.71487613471436 1838.1479131429642 360.9911024125122],[1723.583251953125 306.160400390625 1782.0037841796875 349.85321044921875],0.4353165328502655,,0
2,133,4,[1635.9683644953961 76.07872231158353 1918.691953368991 450.0743939657374],[1749.5146484375 383.19287109375 1843.1024169921875 425.65557861328125],0.2527690529823303,,0
0,51,14,[1604.0021831109805 136.31714704800032 1830.328027154662 360.5479423211446],[1724.00244140625 306.3478088378906 1782.794677734375 349.5107116699219],0.4107885956764221,,0
2,134,3,[1204.8400515304122 107.10730769688266 1512.2072925152877 381.4335869539933],[1271.3404541015625 333.65972900390625 1362.5313720703125 380.2694091796875],0.3017575442790985,,0
0,52,14,[1595.495474255966 136.24732594895954 1829.813519292509 360.4608112181059],[1723.8409423828125 306.2669982910156 1783.0257568359375 349.6629943847656],0.41276222467422485,,0
2,134,4,[1636.1686954788584 76.04808126418706 1918.7150300406233 449.93038861174296],[1749.4248046875 382.9787292480469 1843.103759765625 425.7005310058594],0.2582128942012787,,0
0,53,14,[1590.5948960617793 136.20438011672897 1830.935065396417 360.4130266059515],[1723.8424072265625 306.2742004394531 1783.0023193359375 349.64996337890625],0.4110088348388672,,0
2,135,3,[1204.9126541669616 107.05637483291338 1512.311824849593 381.4384523043151],[1271.316162109375 333.5919494628906 1362.539794921875 380.32415771484375],0.3071897327899933,,0
0,54,14,[1587.4252044238672 136.17680011583002 1832.3484755362945 360.3779782245378],[1723.7548828125 306.1805725097656 1783.0517578125 349.8124694824219],0.400989830493927,,0
2,135,4,[1636.3391701863525 76.38682421640928 1918.7223290559773 450.13874774977546],[1749.4892578125 382.9441223144531 1842.8953857421875 425.6965026855469],0.28250566124916077,,0
0,55,14,[1584.5096019418777 136.09927398531903 1833.3562303344622 360.32579963516537],[1723.806884765625 306.37200927734375 1782.894287109375 349.6112365722656],0.40804845094680786,,0
2,136,3,[1204.9292994028103 107.21295000215568 1512.4388396158276 381.59112935205155],[1271.3160400390625 333.6252136230469 1362.601806640625 380.4386901855469],0.31020063161849976,,0
0,56,14,[1583.0663600805815 136.04346774590454 1834.586449171425 360.2813174038302],[1723.8585205078125 306.39801025390625 1782.8770751953125 349.6354064941406],0.4079938530921936,,0
2,136,4,[1636.4832345449315 76.46547894865037 1918.699172303798 450.08667868708085],[1749.4921875 382.7613830566406 1842.992431640625 425.7514343261719],0.3060794174671173,,0
0,57,14,[1583.9094103531882 136.11068654669026 1836.3053113916924 360.3427889148084],[1723.6563720703125 306.2670593261719 1782.9554443359375 349.869873046875],0.41656020283699036,,0
2,137,3,[1204.9350385080315 107.33041087714574 1512.5450278309872 381.6772489812422],[1271.4200439453125 333.651611328125 1362.5223388671875 380.4552001953125],0.3183974027633667,,0
0,58,14,[1586.4305459136774 136.1697471901137 1838.074466092439 360.33662599683106],[1723.6754150390625 306.4025573730469 1782.882568359375 349.7738342285156],0.4247106611728668,,0
2,137,4,[1636.7075758806754 76.30605973246347 1918.7162980422604 449.85220939893554],[1749.5870361328125 382.8042297363281 1842.938232421875 425.8235778808594],0.3082906901836395,,0
0,59,14,[1591.57079932062 136.23914365652942 1840.2631424735112 360.256736223291],[1723.796630859375 306.54779052734375 1782.8389892578125 349.60089111328125],0.42686212062835693,,0
2,138,4,[1636.7415851052954 76.16267917166056 1918.6546637876202 449.417138865265],[1749.528564453125 382.6236877441406 1842.8218994140625 426.0585021972656],0.3170720040798187,,0
0,60,14,[1591.3427766505638 136.2213532678294 1839.4971483478057 360.17744070922237],[1723.8541259765625 306.58172607421875 1782.8280029296875 349.5700378417969],0.418537437915802,,0
2,138,3,[1204.9397226649394 107.37754950306567 1512.6017427554384 381.7190885956267],[1271.5374755859375 333.5341491699219 1362.638671875 380.4449462890625],0.3058694005012512,,0
0,61,14,[1591.5717112618483 136.1992770962778 1839.1991204389371 360.0516723663136],[1724.1234130859375 306.6053466796875 1782.8526611328125 349.60235595703125],0.4233485758304596,,0
2,139,3,[1204.8841951148584 107.31553938761061 1512.5090008177121 381.66559677423186],[1271.4228515625 333.52496337890625 1362.6727294921875 380.4407958984375],0.31996119022369385,,0
2,139,4,[1636.8082480903624 76.23416402515437 1918.629526049904 449.0525416705162],[1749.562255859375 382.7120361328125 1842.7178955078125 426.0991516113281],0.305389940738678,,0
0,62,14,[1588.480114972648 136.1286620099419 1837.6805724399971 359.93286856338875],[1724.1708984375 306.61322021484375 1782.804931640625 349.58367919921875],0.4240812063217163,,0
2,140,3,[1204.8370101573328 107.32564394146411 1512.4481237410337 381.6260864104705],[1271.57861328125 333.45562744140625 1362.6793212890625 380.4573669433594],0.3247438967227936,,0
2,140,4,[1636.6901955333155 76.34206656331975 1918.5142736156763 448.79860850563585],[1749.6314697265625 382.81402587890625 1842.6827392578125 426.00933837890625],0.31079480051994324,,0
0,63,14,[1589.9466060935933 136.1243445837432 1838.5550768747626 359.81983113203313],[1724.2130126953125 306.71685791015625 1782.7935791015625 349.3641357421875],0.4218427538871765,,0
2,141,3,[1204.8107889780995 107.2558614489408 1512.4001664686302 381.4998544078169],[1271.5400390625 333.44622802734375 1362.615234375 380.48272705078125],0.3149780333042145,,0
0,64,14,[1589.8666192447463 136.19869025833313 1838.51334657094 359.87219422789576],[1724.1697998046875 306.8922119140625 1782.5994873046875 349.13153076171875],0.42990586161613464,,0
2,141,4,[1636.6243915528269 76.43518604704059 1918.4944412243774 448.4740588162099],[1749.5621337890625 382.686767578125 1842.7584228515625 426.1805419921875],0.30220162868499756,,0
0,65,14,[1588.265361960312 136.19567097137656 1837.882676775328 359.88060749591597],[1724.019287109375 306.6570739746094 1782.71484375 349.3993225097656],0.42808932065963745,,0
2,142,3,[1204.8142843556413 107.23282950045476 1512.4187951181073 381.44999831937184],[1271.583984375 333.5308532714844 1362.6427001953125 380.48431396484375],0.3250885307788849,,0
2,142,4,[1636.6704543128208 76.31521693967949 1918.5610259418895 448.2167105002881],[1749.4976806640625 382.5509948730469 1842.7657470703125 426.5353088378906],0.30882155895233154,,0
0,66,14,[1588.131460245517 136.220266655834 1838.088121305075 359.9013232890808],[1723.9951171875 306.6951904296875 1782.655517578125 349.38275146484375],0.4313107132911682,,0
0,67,14,[1587.2570758656993 136.23644028826297 1837.9208889344163 359.98647104432666],[1724.0347900390625 306.7582702636719 1782.658203125 349.31341552734375],0.44396811723709106,,0
2,143,3,[1204.834835498279 107.133674942043 1512.4157401899324 381.39232958767917],[1271.6246337890625 333.52484130859375 1362.7159423828125 380.4906921386719],0.3360992968082428,,0
2,143,4,[1636.6310472973053 76.20929993365198 1918.5703731520737 448.03915099400285],[1749.5830078125 382.546630859375 1842.579345703125 426.5346984863281],0.2994347810745239,,0
0,68,14,[1586.6387708365503 136.2396691305488 1837.9183266792168 360.0175891922009],[1723.9844970703125 306.6346740722656 1782.7137451171875 349.3741455078125],0.4414082169532776,,0
0,69,14,[1585.407834501578 136.24149850636786 1837.6707803296802 360.0968970064388],[1723.965087890625 306.6729431152344 1782.712646484375 349.35382080078125],0.4371325671672821,,0
2,144,3,[1204.8925404891181 107.1213853332489 1512.477822135222 381.4467658996563],[1271.221435546875 333.5048522949219 1362.73876953125 380.2551574707031],0.30928176641464233,,0
2,144,4,[1636.8129357672656 76.43544343625751 1918.6585864419908 447.8637864207018],[1749.6639404296875 382.6220703125 1842.4852294921875 426.6064758300781],0.3046809434890747,,0
0,70,14,[1584.1243319591094 136.22828055717366 1837.4975059423641 360.16828444152566],[1724.055908203125 306.8887023925781 1782.5738525390625 349.1384582519531],0.4554440975189209,,0
2,145,4,[1636.8308510016543 76.9884317684135 1918.6595375192535 448.00540304945423],[1749.5181884765625 382.6051940917969 1842.4310302734375 426.5880432128906],0.30318209528923035,,0
0,71,14,[1582.0724831349312 136.16180260514835 1837.0825840937991 360.1762246649421],[1723.97607421875 306.8279113769531 1782.6796875 349.1439514160156],0.45241498947143555,,0
2,145,3,[1204.9176278573016 107.11643564717204 1512.5439145632884 381.48719235594194],[1270.89111328125 333.7584533691406 1362.6298828125 380.1447448730469],0.29229822754859924,,0
0,72,14,[1581.2479399385263 136.11446715721348 1837.3048398672852 360.17788196979615],[1723.7904052734375 306.63720703125 1782.8419189453125 349.37982177734375],0.4560002386569977,,0
1,136,30,[1568.6408659990586 168.73368847534275 1897.9508370689439 481.04435171923865],[1638.4852294921875 370.1341857910156 1714.4132080078125 424.4654235839844],0.2693513333797455,,0
0,73,14,[1581.331653344253 136.1246389000985 1837.8111670226504 360.19723369430045],[1723.888916015625 306.6632385253906 1782.8060302734375 349.31207275390625],0.458152174949646,,0
2,146,3,[1204.8934611590923 107.00070018778439 1512.4899841682316 381.3098898733849],[1270.952392578125 333.85107421875 1362.657470703125 380.1427001953125],0.2968405485153198,,0
2,146,4,[1636.9670404228928 77.10031463160837 1918.69454377407 447.88475262408156],[1749.5474853515625 382.5769348144531 1842.3958740234375 426.6694641113281],0.29245123267173767,,0
0,74,14,[1581.9698513750368 136.10319497251115 1838.3625144323023 360.1530793106697],[1723.7808837890625 306.6154479980469 1782.81884765625 349.400146484375],0.4614802896976471,,0
0,75,14,[1583.0726509933213 136.1649846007764 1838.9038875003318 360.1998320276049],[1723.8372802734375 306.6734619140625 1782.9283447265625 349.4374694824219],0.46254557371139526,,0
2,147,3,[1204.887692194197 106.90533568977403 1512.4245180937905 381.188610155673],[1270.8262939453125 333.58978271484375 1362.890380859375 380.2847900390625],0.31315991282463074,,0
2,147,4,[1636.9238322414185 77.36564302069826 1918.6334120833158 448.0338652110594],[1749.845947265625 382.4808654785156 1842.446044921875 426.8321228027344],0.2898836135864258,,0
0,76,14,[1585.7014691710997 136.23134358751952 1839.8790312452315 360.20251165614866],[1723.8189697265625 306.6799621582031 1782.9063720703125 349.3625793457031],0.45822271704673767,,0
0,77,14,[1587.0449577944653 136.33281595273343 1840.0027844173608 360.3228919258446],[1723.78564453125 306.6675109863281 1782.936767578125 349.352783203125],0.45237478613853455,,0
2,148,4,[1637.1196587594009 77.41965786072942 1918.7142455066005 448.1557164135894],[1749.8145751953125 382.3392639160156 1842.41650390625 426.8533935546875],0.29167550802230835,,0
0,78,14,[1593.609004207852 136.34748289320532 1842.196447867086 360.1962199721343],[1723.595703125 306.46234130859375 1783.0328369140625 349.6601257324219],0.4452734589576721,,0
2,149,4,[1637.090072063326 77.28137274994322 1918.6533720118766 448.13940967606175],[1749.782958984375 382.3896789550781 1842.5888671875 426.9606628417969],0.2862705588340759,,0
0,79,14,[1597.9933182313735 136.40215226399522 1842.7185387514137 360.12552896417003],[1723.4871826171875 306.1868896484375 1783.182861328125 349.97235107421875],0.4262693226337433,,0
2,150,4,[1637.1141420189024 77.10593332852199 1918.6044674291102 448.2097365418903],[1749.67822265625 382.54595947265625 1842.4365234375 426.7847900390625],0.2876753807067871,,0
0,80,14,[1599.914278032523 136.3943868946832 1842.0478168610855 359.963309285215],[1723.506591796875 306.1817321777344 1783.1143798828125 349.7777099609375],0.42066049575805664,,0
0,81,14,[1604.1383477521322 136.51160411117644 1842.5642419044439 359.9880683650581],[1723.51611328125 306.26458740234375 1783.2103271484375 349.7292785644531],0.4278934597969055,,0
2,151,4,[1637.2083191018512 76.73162509201052 1918.648385138789 448.1432594268699],[1749.71044921875 382.6339416503906 1842.450439453125 426.7506408691406],0.2838374972343445,,0
0,82,14,[1606.8145517076762 136.5339647995321 1842.2710721230076 359.90981623354935],[1723.601806640625 306.3959045410156 1783.14697265625 349.5118103027344],0.43624699115753174,,0
2,152,4,[1637.269177735236 76.32905205738908 1918.6386647779045 447.8111829527444],[1749.678955078125 382.78033447265625 1842.393310546875 426.7159423828125],0.27607619762420654,,0
0,83,14,[1609.4334474794844 136.55423979223792 1842.0629405413736 359.84624536449877],[1723.6578369140625 306.4002685546875 1783.17919921875 349.4460144042969],0.427574098110199,,0
2,153,3,[1204.8309016112914 106.90303448108153 1512.4546724217687 380.79859595609827],[1270.8748779296875 333.6427917480469 1362.9422607421875 380.2228088378906],0.2880137860774994,,0
0,84,14,[1605.3723122420797 136.55781955768478 1839.2209277461566 359.92022589489613],[1723.6171875 306.4612731933594 1783.0693359375 349.43438720703125],0.42845433950424194,,0
2,153,4,[1637.4963080086093 76.3281135445418 1918.719732994353 447.9757968292877],[1749.6968994140625 382.7054748535156 1842.1072998046875 426.7745666503906],0.2858116030693054,,0
0,85,14,[1602.814973482588 136.52873131948695 1838.0167868252238 359.95632713960555],[1723.673583984375 306.5960388183594 1783.013671875 349.2524719238281],0.43362754583358765,,0
2,154,4,[1637.6406492198212 76.61128687236916 1918.7096029025952 448.1185641695279],[1749.5306396484375 382.4620056152344 1842.2501220703125 427.04498291015625],0.29146385192871094,,0
0,86,14,[1609.2446541517488 136.57787255065963 1840.8900218172344 359.91185108804837],[1723.6322021484375 306.517578125 1783.0792236328125 349.2803039550781],0.426778107881546,,0
2,155,4,[1637.900169727284 77.09847733025782 1918.7532096021662 448.2794281440602],[1749.5408935546875 382.53619384765625 1842.2955322265625 427.0082092285156],0.2859634757041931,,0
0,87,14,[1612.504706126748 136.63572627982623 1841.4278814560137 359.932045908237],[1723.5501708984375 306.3915710449219 1783.1363525390625 349.4447021484375],0.42617931962013245,,0
2,156,4,[1638.0110241983625 77.52692463658002 1918.695890451142 448.49322695742353],[1749.547119140625 382.4931335449219 1842.204345703125 426.5774230957031],0.27782416343688965,,0
0,88,14,[1613.791497624103 136.66714485109804 1840.9728817082312 359.9504646953867],[1723.5067138671875 306.3387451171875 1783.135009765625 349.4864501953125],0.4285281300544739,,0
0,89,14,[1615.5375470135793 136.70280134145963 1840.8671903771194 359.9035902485663],[1723.5360107421875 306.2784118652344 1783.1683349609375 349.63458251953125],0.43851935863494873,,0
2,157,4,[1637.903272030093 77.68354136134462 1918.542605996758 448.70298581862914],[1749.6441650390625 382.4856262207031 1842.2156982421875 426.7259216308594],0.27839452028274536,,0
0,90,14,[1613.5285401565 136.62644200716863 1839.2632166869969 359.75728369299424],[1723.53955078125 306.2373962402344 1783.187255859375 349.6859436035156],0.44915643334388733,,0
2,158,4,[1637.8995733406898 77.83543284827627 1918.4947125400474 448.8617221655785],[1749.6082763671875 382.6175537109375 1842.1475830078125 426.538330078125],0.27027833461761475,,0
0,91,14,[1613.7397112060419 136.61535902496877 1839.136941838911 359.68999102088276],[1723.5128173828125 306.3097229003906 1783.1993408203125 349.7053527832031],0.4520140588283539,,0
2,159,4,[1637.9609356660494 77.62341749772065 1918.4978790800237 448.8405804303692],[1749.6229248046875 382.5063171386719 1842.0633544921875 426.7591552734375],0.28205037117004395,,0
0,92,14,[1608.365665260298 136.5680333217208 1836.7885055257934 359.72964214906904],[1723.5260009765625 306.1943664550781 1783.2388916015625 349.91326904296875],0.4453151524066925,,0
2,160,4,[1638.0119994666834 77.50372412398124 1918.5087371839554 448.90186121987847],[1749.7332763671875 382.79058837890625 1841.8807373046875 426.50592041015625],0.2744043469429016,,0
0,93,14,[1603.1508177091268 136.5193291486297 1835.3498690880815 359.772243891231],[1723.4774169921875 306.27459716796875 1783.200927734375 349.7751159667969],0.44547533988952637,,0
0,94,14,[1598.8149935566792 136.46964935104268 1834.7776780569195 359.8019030493681],[1723.4901123046875 306.3296813964844 1783.1868896484375 349.7155456542969],0.4423108696937561,,0
0,95,14,[1591.4624868439962 136.26492790605772 1833.3721802856342 359.89132877554965],[1723.436279296875 306.2661437988281 1783.179931640625 349.8915710449219],0.4404267370700836,,0
0,96,14,[1592.5050936079112 136.24044613287117 1835.6788211453575 359.8312691103218],[1723.56591796875 306.400390625 1783.125 349.623779296875],0.4375700056552887,,0
2,168,1,[851.8160947930843 99.28794980333822 1263.9629733680888 437.1426789156706],[874.9957275390625 388.07720947265625 966.54443359375 435.1315612792969],0.27503320574760437,,0
0,97,14,[1587.27689266844 135.96321551654069 1834.7689578753177 359.9109814430556],[1723.6239013671875 306.43048095703125 1783.1324462890625 349.5465393066406],0.4350474178791046,,0
2,169,1,[851.5347531501038 99.44528700393926 1262.8358830575112 437.22849657647055],[874.1600341796875 388.13873291015625 966.4981079101562 435.26788330078125],0.2921924889087677,,0
0,98,14,[1584.7132332367848 135.7921507287455 1835.29225240565 360.00126273656656],[1723.5706787109375 306.3827819824219 1783.1876220703125 349.584228515625],0.4382540285587311,,0
2,170,1,[851.3658791785135 99.90195498425075 1261.9018040174053 437.75880478881777],[870.3629150390625 387.68768310546875 967.585693359375 435.29656982421875],0.2578052282333374,,0
0,99,14,[1583.1910330958844 135.59355420821612 1836.0416567142402 359.9461082502967],[1723.5780029296875 306.3131103515625 1783.2037353515625 349.7398681640625],0.44694066047668457,,0
0,100,14,[1582.9223417593707 135.4910586657454 1837.0169740359643 359.8841297339415],[1723.723388671875 306.4109191894531 1783.1964111328125 349.64410400390625],0.44792553782463074,,0
0,101,14,[1593.5298177465231 135.9661131319416 1841.892755696227 359.6445325934163],[1723.4373779296875 307.2716979980469 1782.1732177734375 348.6663513183594],0.40431609749794006,,0
2,175,3,[1205.009000572678 106.77041722428118 1512.8892749429947 384.41316318129236],[1268.421875 336.0656433105469 1362.573974609375 384.0684814453125],0.37369412183761597,,0
0,102,14,[1597.797306237265 136.23401927809434 1842.4282542396038 359.3115476706537],[1723.4908447265625 307.3611145019531 1782.1614990234375 348.6033630371094],0.3936733603477478,,0
2,176,3,[1205.0249347643946 106.65656682265092 1512.7082426524273 384.6877178774678],[1268.4202880859375 336.4749755859375 1362.52001953125 383.71124267578125],0.38968372344970703,,0
0,103,14,[1598.612906554714 136.4282949134499 1841.3740080570167 359.06193803055373],[1723.53955078125 307.3763427734375 1782.154541015625 348.5858459472656],0.3911442458629608,,0
2,177,3,[1205.0208022356355 106.50397126021255 1512.488323116158 384.82935226706365],[1268.4608154296875 336.462890625 1362.508544921875 383.7241516113281],0.38998544216156006,,0
0,104,14,[1601.432318718168 136.57589597729682 1841.532445467467 358.8226156734637],[1723.556396484375 307.3411865234375 1782.175048828125 348.51580810546875],0.3806184232234955,,0
0,105,14,[1602.69784050319 136.722404666004 1841.0102204991172 358.75633839842465],[1723.605224609375 307.3477783203125 1782.190185546875 348.6903076171875],0.38731369376182556,,0
0,106,14,[1606.520532592087 136.82523721445332 1841.7141658042337 358.67503355656265],[1723.6292724609375 307.493896484375 1782.068115234375 348.43524169921875],0.3918262720108032,,0
2,181,3,[1204.9190313311324 107.12799402623247 1511.9211125339984 382.8073995770094],[1271.8089599609375 334.3548278808594 1361.4691162109375 382.7561950683594],0.3873594105243683,,0
0,107,14,[1615.9019218352203 136.93490228429948 1844.412787739526 358.5657935363042],[1723.482177734375 307.4297180175781 1782.0858154296875 348.4072570800781],0.4018917977809906,,0
0,108,14,[1621.507544611422 137.03577271903114 1844.6116290307828 358.4867883657017],[1723.4970703125 307.4380187988281 1782.0919189453125 348.3932189941406],0.4055075943470001,,0
0,109,14,[1622.6160089586085 137.12785399358285 1842.9265121018682 358.48258980226984],[1723.5435791015625 307.5137634277344 1782.0084228515625 348.200439453125],0.399594247341156,,0
0,110,14,[1622.9820186860713 137.1685461843798 1841.5586971681876 358.4429510852194],[1723.5032958984375 307.5400085449219 1781.996337890625 348.1855163574219],0.3993421196937561,,0
0,111,14,[1623.353648287 137.19868435303 1840.6870103610727 358.40129469659036],[1723.4893798828125 307.48553466796875 1781.983154296875 348.3428955078125],0.40011489391326904,,0
2,195,3,[1204.7045716305015 107.85245384353212 1512.5645719529516 382.8662445834815],[1271.24853515625 334.4359130859375 1361.6273193359375 382.74151611328125],0.32226452231407166,LA05NSR,0.013357492399562236
2,196,3,[1204.6490296294644 107.92676460191973 1512.6703636346708 382.94576220743147],[1271.2523193359375 334.3347473144531 1361.6826171875 382.7930603027344],0.34837889671325684,LA05NSR,0.013357492399562236
0,112,14,[1619.5891004489006 137.18887174433348 1838.4471843229637 358.4242835714474],[1723.50439453125 307.5228271484375 1781.956787109375 348.29443359375],0.39273136854171753,,0
2,198,3,[1204.4761017176154 108.26738602293116 1512.8169516471278 383.1006500061467],[1271.31201171875 334.2850036621094 1361.7484130859375 382.944580078125],0.3473946154117584,LA05NSR,0.014673917564634263
0,113,14,[1619.2332761698344 137.2127172025793 1838.4024563887006 358.4624215826504],[1723.5850830078125 307.4671630859375 1781.9613037109375 348.3269348144531],0.39204856753349304,,0
2,199,3,[1204.4398799785733 108.24786588274512 1512.8917149529236 382.95550818801235],[1271.26318359375 334.3119812011719 1361.74365234375 382.9294128417969],0.3680252134799957,LA05NSR,0.014673917564634263
0,114,14,[1623.3296118022854 137.27335607792764 1840.1747553674359 358.51413463506515],[1723.5970458984375 307.5590515136719 1781.9285888671875 348.1436462402344],0.39988645911216736,,0
2,202,3,[1204.3874374547993 108.2527744655493 1512.80603728038 383.1419347214267],[1271.26953125 334.2358703613281 1361.8323974609375 383.1299743652344],0.37272411584854126,,0
0,115,14,[1626.4377630416336 137.32540674744064 1840.8919928539938 358.5508760853756],[1723.5743408203125 307.52191162109375 1781.9659423828125 348.22259521484375],0.402314156293869,,0
0,116,14,[1628.4393384018701 137.3367791871738 1840.8976748294178 358.5505784662454],[1723.455322265625 307.41607666015625 1781.968505859375 348.3590087890625],0.40463975071907043,,0
2,203,3,[1204.4054169259455 108.29971720409338 1512.676819481508 383.217683313366],[1271.25927734375 334.2367248535156 1361.977783203125 383.1377868652344],0.37540942430496216,,0
0,117,14,[1629.059633336431 137.3344048043599 1840.3456668767735 358.5489642108054],[1723.46484375 307.5099182128906 1781.9501953125 348.3016662597656],0.41969582438468933,,0
0,118,14,[1630.736674522288 137.3127737547819 1840.4211088054412 358.4690467896211],[1723.48095703125 307.4450988769531 1781.990478515625 348.383544921875],0.41937345266342163,,0
2,209,3,[1204.788380173349 107.74473179921713 1512.4679970973973 383.2588312619704],[1270.908935546875 334.1207580566406 1362.000732421875 383.19561767578125],0.4071800708770752,LA05NSR,0.013462414345549449
0,119,14,[1631.2022493835477 137.3310544975053 1839.9817385261033 358.49393024144354],[1723.4521484375 307.51300048828125 1781.9635009765625 348.2109375],0.4194003641605377,,0
2,210,3,[1204.832008676741 107.75242681307628 1512.5322962734174 383.3239435365448],[1270.922607421875 334.2499694824219 1361.9915771484375 383.1623840332031],0.3822002112865448,,0
0,120,14,[1631.3969475044282 137.2870704634692 1839.5849355708556 358.3899443851541],[1723.4132080078125 307.517578125 1782.0025634765625 348.2419128417969],0.42047086358070374,,0
2,211,3,[1204.823203815485 107.95379627856562 1512.586048430743 383.4818840354648],[1270.8984375 334.1099853515625 1362.0128173828125 383.2685852050781],0.3792315423488617,,0
0,121,14,[1631.6987780359623 137.27524137913292 1839.3778300106837 358.320393587574],[1723.42431640625 307.5544128417969 1781.94921875 348.2203063964844],0.41860291361808777,,0
0,122,14,[1632.06538518077 137.30460887720025 1839.2681541403833 358.34855617815936],[1723.44873046875 307.498291015625 1781.972900390625 348.26947021484375],0.4156859815120697,,0
0,123,14,[1632.617504011692 137.34296799557427 1839.2722419395457 358.4090965082379],[1723.4652099609375 307.5387268066406 1781.9593505859375 348.2384338378906],0.41795456409454346,,0
0,124,14,[1632.5268819341077 137.33289283725037 1839.0035307583244 358.39296874723016],[1723.464111328125 307.5616149902344 1781.9326171875 348.2012634277344],0.4256311357021332,,0
0,125,14,[1633.0077552077985 137.3418975105166 1839.0578701056204 358.41877886973873],[1723.4945068359375 307.60345458984375 1781.8758544921875 348.1198425292969],0.4266376793384552,,0
0,126,14,[1633.6888887538128 137.3504535029628 1839.1747554048177 358.41205335632657],[1723.51611328125 307.6007995605469 1781.87109375 348.1088562011719],0.4223352074623108,,0
2,223,3,[1205.6426443774653 108.78685485102312 1512.2424362920874 384.5944211519473],[1270.4293212890625 335.97271728515625 1362.6778564453125 383.3748779296875],0.5253942608833313,,0
0,127,14,[1633.977187089475 137.3519607177017 1839.0855926737752 358.40378950288004],[1723.516845703125 307.5974426269531 1781.87255859375 348.11126708984375],0.4214699864387512,,0
2,224,3,[1206.0812845593512 108.95743615872382 1512.0558921127742 384.8730979365156],[1270.4677734375 335.9732360839844 1362.6866455078125 383.32489013671875],0.5306654572486877,,0
0,128,14,[1632.6830086308955 137.38644599015794 1838.3965852572424 358.5405557960423],[1723.439208984375 307.4690856933594 1781.94873046875 348.38214111328125],0.40883466601371765,,0
2,225,3,[1205.6215157726588 108.2591384516115 1512.1159948818622 385.02194985085],[1270.9735107421875 336.11456298828125 1362.2791748046875 383.11920166015625],0.5260041952133179,,0
0,129,14,[1630.2010818995448 137.3592026131064 1837.469080897941 358.6368695481475],[1723.0601806640625 307.31671142578125 1781.9095458984375 348.3140563964844],0.4160464406013489,,0
2,226,3,[1205.3894304560613 107.86390560697805 1512.3014470860426 385.1949275464135],[1271.009765625 336.15155029296875 1362.2607421875 383.08770751953125],0.5199350118637085,,0
0,130,14,[1612.5614583206493 137.23354727314276 1830.7072883390779 358.85678037360776],[1723.127197265625 307.4101257324219 1781.8341064453125 348.1644592285156],0.4147152602672577,,0
2,227,3,[1204.756724940612 108.2988422805056 1511.4067657469027 385.62736300028564],[1271.2701416015625 336.3682556152344 1362.0208740234375 383.0619812011719],0.5122787356376648,,0
0,131,14,[1601.1128498038038 137.10492792741508 1828.892703355305 359.01424719716886],[1723.130859375 307.5545654296875 1781.74951171875 347.88720703125],0.4253157079219818,,0
2,228,3,[1205.3499799238114 106.88275236912989 1512.5272515043541 385.34699418619164],[1271.3499755859375 337.140869140625 1361.6048583984375 382.71270751953125],0.4667767882347107,,0
0,132,14,[1595.321503253903 137.0154858467606 1830.0141217892822 359.1231866859611],[1723.1689453125 307.5082702636719 1781.770751953125 347.97869873046875],0.4339027404785156,,0
2,229,3,[1205.5699652569078 106.24379311364535 1513.2446719572808 385.49292611687804],[1271.427001953125 337.2011413574219 1361.5693359375 382.71881103515625],0.4506450593471527,,0
0,133,14,[1591.6541467796294 136.97216602408486 1831.5749471340616 359.265081028133],[1723.185791015625 307.5106201171875 1781.77880859375 347.9687805175781],0.4303458333015442,,0
2,230,3,[1205.6180721476692 105.74712069684944 1513.6919866818173 385.6865095585777],[1272.86767578125 336.09906005859375 1359.8885498046875 382.5130920410156],0.4392271935939789,MD05NEN,0.02119540479840198
0,134,14,[1589.241710318244 136.93480804776408 1833.0656335727656 359.3420187853238],[1723.16796875 307.4922790527344 1781.743408203125 347.9349060058594],0.42642727494239807,,0
2,231,3,[1205.4714530739154 105.24237886366822 1513.761508602938 385.8587058365266],[1272.854736328125 336.041259765625 1359.9571533203125 382.5932922363281],0.4269850552082062,MD05NEN,0.02119540479840198
2,232,3,[1205.4106172217544 104.92773232839278 1513.9649515445608 386.019776648144],[1272.324462890625 336.0187683105469 1360.00927734375 382.5146484375],0.41651660203933716,MD05NEN,0.02480560344152267
0,135,14,[1586.9254394580605 136.9226226780624 1834.049685218112 359.4565703699366],[1723.068603515625 307.5190734863281 1781.7147216796875 347.9299011230469],0.416523814201355,,0
2,233,3,[1205.2079822254686 104.66517075452228 1513.7817270576456 386.0245658146214],[1272.335205078125 335.9778137207031 1359.9808349609375 382.49578857421875],0.4204913079738617,,0
0,136,14,[1585.5155945620666 136.93480907106513 1835.0514720522376 359.59980971110133],[1723.1324462890625 307.5090026855469 1781.741943359375 347.9806213378906],0.4153635799884796,,0
2,234,3,[1205.51673907287 104.77435118267124 1514.1378632957646 386.10429656989277],[1272.3699951171875 335.959716796875 1359.7808837890625 382.47857666015625],0.4132274091243744,,0
0,137,14,[1584.9582127967174 136.92086901452723 1836.0361819399009 359.6876766295606],[1723.2125244140625 307.543212890625 1781.7125244140625 347.8211975097656],0.4224562346935272,,0
2,234,4,[1636.537270025232 79.10097028312879 1918.462557243845 447.0502653196939],[1749.1029052734375 382.9559631347656 1842.4493408203125 434.936767578125],0.2578893303871155,,0
0,138,14,[1584.0099916576842 136.91334004421213 1836.515676454208 359.7776781208209],[1723.285400390625 307.41943359375 1781.795654296875 347.926025390625],0.4167903661727905,,0
2,235,3,[1205.6747883160783 104.75745825282957 1514.5151621292566 386.1492790907243],[1272.3956298828125 335.9397277832031 1359.6409912109375 382.46612548828125],0.4145842492580414,,0
2,235,4,[1636.5622985553134 79.09942451804542 1918.453206901848 446.4062452439647],[1749.0552978515625 382.8779602050781 1842.34716796875 434.67071533203125],0.25853124260902405,,0
0,139,14,[1582.8431553293644 136.86534048066147 1836.7185712032247 359.7790004457184],[1723.1678466796875 307.496337890625 1781.7476806640625 347.7494201660156],0.4319342076778412,,0
2,236,3,[1205.3702447575479 104.75362408761848 1514.20443089827 386.1932540832729],[1272.29443359375 335.6936340332031 1359.5731201171875 382.4912109375],0.4484182298183441,,0
0,140,14,[1587.081673014222 136.95420524732793 1839.0701262844095 359.88266024572243],[1723.2872314453125 307.581298828125 1781.7073974609375 347.6888427734375],0.44252851605415344,,0
2,236,4,[1636.7144683755052 79.15941006288438 1918.544092451594 446.15070830523996],[1749.1021728515625 382.9043884277344 1842.24462890625 434.4635925292969],0.27084213495254517,,0
0,141,14,[1589.0697325907186 136.95163710276643 1839.6767687912065 359.9028491415267],[1723.51220703125 307.8565979003906 1781.43212890625 347.31976318359375],0.4616810381412506,,0
0,141,25,[1392.7776784299567 84.37238744052743 1589.0667545955675 266.0071487466995],[1407.872314453125 165.6619873046875 1476.2711181640625 220.963134765625],0.2590593695640564,,0
2,237,47,[1205.7614194563052 99.5478479249933 1569.6826356639895 569.231895634539],[1271.65576171875 336.99932861328125 1361.1024169921875 382.7923583984375],0.5493929982185364,,0
2,237,4,[1637.8262600656 79.63359093253973 1918.9537870213774 445.7192633542363],[1749.3150634765625 383.36663818359375 1842.2542724609375 436.74664306640625],0.36850687861442566,,0
0,142,14,[1600.3150060571213 137.02224242325022 1843.8512943420153 359.8487502193376],[1723.442626953125 307.7373046875 1781.5126953125 347.4692687988281],0.4541695713996887,,0
0,142,25,[1392.7815229462676 84.43490206089295 1588.972199212365 266.0003163274111],[1407.862548828125 165.64073181152344 1476.460693359375 221.0313262939453],0.2567463517189026,,0
2,238,47,[1207.9659276717423 99.61823164535167 1576.24695048418 571.639688146878],[1271.759765625 337.0662536621094 1361.042724609375 382.731201171875],0.5510867834091187,,0
0,143,14,[1603.9855460051908 137.0622461443686 1843.4406756629191 359.8100535012489],[1723.46826171875 307.740966796875 1781.453369140625 347.4688415527344],0.4639107286930084,,0
2,238,4,[1638.2481114059497 80.04165798369269 1918.9107324395313 445.352084149032],[1749.3465576171875 383.3740539550781 1842.2608642578125 436.6225891113281],0.3630724251270294,,0
0,143,25,[1392.8142193826227 84.59007996893963 1588.9203407513107 266.0631606500003],[1407.876708984375 165.6602020263672 1476.568359375 221.07249450683594],0.2558746039867401,,0
2,239,3,[1204.602384622564 104.0196802351769 1514.563678996919 386.1873506052806],[1271.78955078125 337.0544738769531 1361.026611328125 382.73089599609375],0.5506668090820312,,0
0,144,14,[1611.5770240501085 137.1824741826798 1844.7904436375568 359.8178688828429],[1723.515380859375 307.71441650390625 1781.4375 347.4906005859375],0.4715830385684967,,0
0,144,25,[1392.722515905468 84.6801861639956 1588.8613683170045 266.10680095387795],[1407.8922119140625 165.67662048339844 1476.3834228515625 221.01072692871094],0.25472182035446167,,0
2,239,4,[1638.5436510309407 80.28265609840074 1918.849060526102 445.2214814556562],[1749.1783447265625 383.2506408691406 1842.3065185546875 436.6293640136719],0.3625144064426422,,0
2,240,3,[1204.7977744340928 104.29362769140599 1515.5689114000443 386.39931984074246],[1272.1883544921875 337.3003234863281 1360.55615234375 382.3739318847656],0.5212340950965881,,0
0,145,14,[1619.7928998886007 137.2450937700458 1845.9237531527099 359.70056747843637],[1723.4935302734375 307.6630859375 1781.4595947265625 347.63507080078125],0.47009825706481934,,0
2,240,4,[1639.0668137529367 81.02403478805672 1918.8306651945543 445.50372825816237],[1748.8173828125 382.8545837402344 1842.034912109375 435.7777404785156],0.31973111629486084,,0
0,146,14,[1623.3715402754283 137.31513898412484 1844.7733686650768 359.6639170368669],[1723.4849853515625 307.772216796875 1781.3250732421875 347.2397766113281],0.46904808282852173,,0
0,146,25,[1392.5796638422416 84.65292368698162 1588.8033332059417 266.0023512237819],[1407.901611328125 165.65707397460938 1476.031005859375 220.9243927001953],0.252743661403656,,0
2,241,3,[1204.4793997850659 104.47814471365987 1515.459863302551 386.44650661617857],[1272.1890869140625 337.3069763183594 1360.5904541015625 382.4227294921875],0.5356513857841492,,0
0,147,14,[1626.1932455026522 137.36389773560148 1843.7381044672507 359.61257851364024],[1723.53369140625 307.7818298339844 1781.33935546875 347.24664306640625],0.45543864369392395,,0
2,241,4,[1639.3877963187613 81.55512839623768 1918.7262182276816 445.488557436271],[1748.86962890625 382.92071533203125 1841.9813232421875 435.7917785644531],0.32127031683921814,,0
0,147,25,[1392.4964494211235 84.62078415001172 1588.7743377546526 265.98498650412466],[1407.8951416015625 165.66677856445312 1475.8887939453125 220.892578125],0.2528359591960907,,0
2,242,3,[1204.3191897855488 104.43630149428199 1515.4843528820018 386.4264607416002],[1272.08935546875 337.3678894042969 1360.5626220703125 382.4521179199219],0.5294943451881409,,0
0,148,14,[1629.2784194391438 137.416682643839 1843.1852485412846 359.5832412480796],[1723.307861328125 307.5887451171875 1781.479736328125 347.46185302734375],0.45781177282333374,,0
2,242,4,[1639.506739244462 81.700726622702 1918.5927713222131 445.3025824154045],[1748.9765625 383.1325378417969 1841.9681396484375 435.6808776855469],0.28181692957878113,,0
0,1,14,[1635.561767578125 137.32017517089844 1837.8515625 365.2738037109375],[1724.063232421875 307.0871887207031 1782.403564453125 350.14520263671875],0.42062607407569885,,0
2,1,29,[1209.1246337890625 106.40950012207031 1561.291748046875 579.4733276367188],[1268.118896484375 334.0025329589844 1364.5067138671875 384.36358642578125],0.27649837732315063,,0
0,2,14,[1635.4922307775869 137.33421691166683 1837.8595820080077 365.3097905421449],[1724.063232421875 307.08392333984375 1782.41162109375 350.14947509765625],0.4209821820259094,,0
2,2,29,[1209.6173182833957 106.10179648310964 1563.3798604439282 580.3016854442294],[1267.6912841796875 334.2383728027344 1364.40576171875 384.1045837402344],0.2551461458206177,,0
0,3,14,[1635.2329605430982 137.268382604361 1837.8245667066954 365.40802446947623],[1724.0694580078125 307.10321044921875 1782.3944091796875 350.1228332519531],0.4208003878593445,,0
0,4,14,[1635.085364416555 137.22271888475075 1837.8350596217442 365.4535754805903],[1724.0716552734375 307.0824279785156 1782.4156494140625 350.1325378417969],0.42169347405433655,,0
0,5,14,[1635.0339695591226 137.19433035578612 1837.8265296829943 365.3187714043838],[1724.0853271484375 307.0950622558594 1782.412841796875 350.082275390625],0.4209164083003998,,0
0,6,14,[1635.1561144002355 137.2602896253929 1837.8806411629673 365.1921509556104],[1724.0830078125 307.0880432128906 1782.41015625 350.07379150390625],0.4179939925670624,,0
2,7,28,[1206.9669164851377 109.03721218980002 1513.2239301347033 382.3525930390912],[1270.3646240234375 333.7222595214844 1362.96875 382.3144226074219],0.31780844926834106,,0
0,7,14,[1635.0609669589132 137.31820284823766 1837.8506434195203 365.1863838238535],[1724.0904541015625 307.10479736328125 1782.405517578125 350.0315856933594],0.41792765259742737,,0
0,8,14,[1634.994770010092 137.33626922522132 1837.8348489074333 365.1547975528394],[1724.091064453125 307.0592956542969 1782.444580078125 350.126708984375],0.42009979486465454,,0
0,9,14,[1634.875761163975 137.35196900788117 1837.8121108555022 365.14697791901034],[1724.1251220703125 307.0546875 1782.4588623046875 350.1501159667969],0.42181628942489624,,0
0,10,14,[1634.832185129282 137.32224268751827 1837.8375684859614 365.10473294903954],[1724.11865234375 307.0917053222656 1782.4395751953125 350.10198974609375],0.41894811391830444,,0
2,15,28,[1207.066193373785 108.77165163510853 1513.8719400139714 382.4199663339475],[1270.2762451171875 333.98919677734375 1362.591064453125 382.0996398925781],0.311463862657547,,0
0,11,14,[1635.0557900780088 137.3410973029167 1837.915782632979 365.02920019092204],[1724.098388671875 307.0679016113281 1782.45556640625 350.1253356933594],0.41769495606422424,,0
0,12,14,[1635.0265967069915 137.38224777790964 1837.9019243832206 365.0813641871649],[1724.1097412109375 307.1142272949219 1782.4273681640625 350.0405578613281],0.4184104800224304,,0
2,16,28,[1207.1327384979693 108.59317951612547 1513.9603490669936 382.20563747984176],[1270.522705078125 334.09893798828125 1362.6558837890625 382.05609130859375],0.3350985646247864,,0
0,13,14,[1634.9250361434565 137.38475914442097 1837.8634438746963 365.0949776397039],[1724.1712646484375 307.1158447265625 1782.4442138671875 350.0230407714844],0.4210509955883026,,0
2,17,28,[1207.2328660992125 108.56892974241575 1514.0840806286265 382.2491701823725],[1270.2314453125 334.0169372558594 1362.3387451171875 382.1103515625],0.3294966220855713,,0
0,14,14,[1635.0092602143516 137.42550248060343 1837.9088901851176 365.13560273198226],[1724.1995849609375 307.0946960449219 1782.4619140625 350.0302734375],0.420198529958725,,0
0,15,14,[1635.07299291063 137.46577353859664 1837.93771364339 365.1978873475138],[1724.2071533203125 307.0843811035156 1782.473876953125 350.0142822265625],0.4215134382247925,,0
0,16,14,[1634.9176495139345 137.4765483510883 1837.8856957875205 365.2501645199673],[1724.19287109375 307.0858154296875 1782.47314453125 350.0728454589844],0.4198927879333496,,0
2,22,28,[1207.4743347218778 108.55632857691083 1514.342129946237 381.82414798502793],[1269.979248046875 333.853759765625 1362.2120361328125 381.774658203125],0.33177316188812256,,0
0,17,14,[1634.9217999665618 137.494957905922 1837.9055646437412 365.27675153378505],[1724.2236328125 307.07550048828125 1782.497314453125 350.0735778808594],0.41870665550231934,,0
0,18,14,[1635.1286805049467 137.54454919074368 1838.0065712732016 365.3058776783415],[1724.214599609375 307.04058837890625 1782.5274658203125 350.11956787109375],0.4182051420211792,,0
0,19,14,[1634.8190989169004 137.5511816247328 1837.8489954817603 365.3343553066082],[1724.2138671875 307.0138854980469 1782.56591796875 350.1578369140625],0.42220985889434814,,0
0,20,14,[1634.8862100670717 137.5313091113562 1837.9009778428367 365.27180043530325],[1724.240234375 307.0691833496094 1782.5538330078125 350.1182556152344],0.4234384596347809,,0
0,21,14,[1635.0723301080875 137.5137407640496 1837.9469502352063 365.1746660673848],[1724.2305908203125 307.0726318359375 1782.580078125 350.08465576171875],0.424477219581604,,0
0,22,14,[1635.188207602421 137.48848884882386 1837.9225388247376 365.08859015242945],[1724.2232666015625 307.061767578125 1782.59619140625 350.11614990234375],0.4242088496685028,,0
0,23,14,[1635.5320217454728 137.5344338290982 1837.9992870059546 365.03756238863537],[1724.2540283203125 307.0818786621094 1782.6287841796875 350.0940856933594],0.4300629198551178,,0
0,24,14,[1635.5756918652703 137.54802454970442 1837.9105646155201 364.9736941580976],[1724.2503662109375 307.0341796875 1782.6800537109375 350.1523132324219],0.43169528245925903,,0
0,25,14,[1635.7076099674493 137.55624349581856 1837.8932230251582 364.9430347398685],[1724.2672119140625 307.0364685058594 1782.7188720703125 350.1427001953125],0.43468624353408813,,0
0,26,14,[1635.6222290187131 137.5095616891197 1837.8114038862998 364.8874723623021],[1724.2635498046875 307.01129150390625 1782.7628173828125 350.2005615234375],0.4364296793937683,,0
0,27,14,[1635.4591545267072 137.4531021731807 1837.746546933106 364.8643852676706],[1724.2340087890625 306.94610595703125 1782.8204345703125 350.347412109375],0.4336314797401428,,0
0,28,14,[1635.5393438684287 137.43150765392423 1837.8033202962047 364.82671346102927],[1724.254150390625 306.966064453125 1782.847900390625 350.2733459472656],0.4332118332386017,,0
0,29,14,[1635.4720020542284 137.44912564477514 1837.7971136707117 364.87978981495803],[1724.246826171875 306.9940185546875 1782.8079833984375 350.2750244140625],0.4314728081226349,,0
0,30,14,[1635.4566409392332 137.45539216483218 1837.8107173979047 364.90083584740955],[1724.214111328125 306.9859619140625 1782.80712890625 350.319580078125],0.43057727813720703,,0
0,31,14,[1635.268082353214 137.47231977945333 1837.7604148596226 364.92611557478085],[1724.233154296875 307.0079345703125 1782.78515625 350.2799377441406],0.43028807640075684,,0
0,32,14,[1635.2692135508494 137.45728393446822 1837.7952662702148 364.90038575638664],[1724.244140625 307.0525207519531 1782.77490234375 350.2125549316406],0.430671751499176,,0
0,33,14,[1635.356105415713 137.43959757009492 1837.8252449660076 364.8378368203399],[1724.26611328125 307.09930419921875 1782.749267578125 350.10345458984375],0.4324018061161041,,0
2,54,60,[1208.5530190800268 106.88370711794497 1551.724377830792 580.5073426929794],[1268.3199462890625 333.1918029785156 1364.7784423828125 384.54766845703125],0.269905149936676,UI25ISI,0.028308493707049916
2,55,60,[1208.3971818118073 106.90804956925862 1551.5695518512969 580.4618874603781],[1268.453369140625 333.2774963378906 1364.7269287109375 384.5876770019531],0.2822319269180298,UI25ISI,0.025426381258426597
0,34,14,[1635.3727261197212 137.4570112198678 1837.8264624451037 364.84942236567133],[1724.266845703125 307.10357666015625 1782.747802734375 350.0975646972656],0.4298318028450012,,0
0,35,14,[1635.4252544215449 137.45237407314406 1837.8624546784333 364.8010930251846],[1724.2874755859375 307.10137939453125 1782.7713623046875 350.10955810546875],0.429776132106781,,0
0,36,14,[1635.1948226365694 137.43672231424 1837.7728151658039 364.7534437516793],[1724.263916015625 307.03594970703125 1782.8291015625 350.1956481933594],0.42998701333999634,,0
0,37,14,[1635.3546184094282 137.40714915377833 1837.8619958640659 364.6759952255506],[1724.2049560546875 307.06146240234375 1782.7518310546875 350.10260009765625],0.432447224855423,,0
0,38,14,[1635.4169941988164 137.40844055854222 1837.879440362217 364.6816784049255],[1724.2122802734375 307.0411376953125 1782.7518310546875 350.10150146484375],0.4318733513355255,,0
0,39,14,[1635.4905726300915 137.44392201664067 1837.900007408751 364.6952892461219],[1724.1705322265625 306.9637145996094 1782.7943115234375 350.21990966796875],0.431369423866272,,0
2,63,28,[1204.6398830074706 107.4390610422727 1511.895249116181 386.3159443367366],[1268.5018310546875 333.4749755859375 1365.41015625 383.66400146484375],0.25761091709136963,,0
0,40,14,[1635.063461805105 137.43527922849262 1837.696125277978 364.74277526948686],[1724.1591796875 306.9481201171875 1782.77490234375 350.2655029296875],0.43421363830566406,,0
0,41,14,[1634.9904328540465 137.4344965764682 1837.6900740272913 364.81017415737233],[1724.1273193359375 306.9085693359375 1782.8023681640625 350.3712158203125],0.43261292576789856,,0
0,42,14,[1634.866720333142 137.3953550594702 1837.6641139484773 364.81794259526123],[1724.032470703125 306.8617248535156 1782.7957763671875 350.47003173828125],0.4324617385864258,,0
0,43,14,[1634.7604161215627 137.36932152804428 1837.6515432197662 364.84367529587047],[1724.0225830078125 306.866943359375 1782.7913818359375 350.42498779296875],0.43397676944732666,,0
0,44,14,[1634.871994846598 137.37782520843115 1837.7359447984966 364.8806410693836],[1724.010498046875 306.8438720703125 1782.796142578125 350.46728515625],0.43656179308891296,,0
0,45,14,[1634.9219093386796 137.39622633589852 1837.78864389194 364.94797583482307],[1724.0423583984375 306.8553161621094 1782.7847900390625 350.3979797363281],0.4357321858406067,,0
0,46,14,[1634.9227741140808 137.37552026297533 1837.7775081470413 364.9873466716597],[1724.042724609375 306.8573303222656 1782.7939453125 350.3458557128906],0.43328583240509033,,0
0,47,14,[1634.8390651031216 137.35477033318014 1837.7396156247012 365.04476510827214],[1724.0537109375 306.84649658203125 1782.804931640625 350.4176330566406],0.43215441703796387,,0
0,48,14,[1634.8030409833752 137.35635148662888 1837.759106262373 365.0849193264132],[1724.038330078125 306.8248291015625 1782.8052978515625 350.48468017578125],0.4290863871574402,,0
2,82,65,[1209.4987075851911 106.45660352756576 1570.274306221933 581.6747416695733],[1265.9757080078125 332.7848815917969 1365.310546875 384.9658203125],0.29789772629737854,HU25LSH,0.015765385400662413
0,49,14,[1634.7575998571572 137.3766150431552 1837.7692986124337 365.1097646321208],[1724.0423583984375 306.8602600097656 1782.7811279296875 350.3999938964844],0.4285554587841034,,0
2,83,65,[1209.4667102246488 106.55878575760283 1570.3896540377543 581.5984797408546],[1266.2564697265625 332.75823974609375 1365.341064453125 384.93487548828125],0.2959067225456238,UN05NSH,0.028861804789397795
0,50,14,[1634.991284971646 137.44103118438858 1837.8673997376354 365.1731026782621],[1724.0394287109375 306.8372497558594 1782.8089599609375 350.4372253417969],0.43134087324142456,,0
2,84,65,[1209.5724608465368 106.59845189785926 1570.7246418389639 581.5934352811075],[1266.3658447265625 332.7969665527344 1365.2347412109375 384.8941345214844],0.294882595539093,,0
0,51,14,[1635.8635236913701 137.36659321007676 1838.1317151759931 365.2796488671758],[1724.12841796875 307.17498779296875 1783.0162353515625 350.2790222167969],0.43818992376327515,,0
2,85,65,[1209.5375511043146 106.61737220433284 1570.9860626829006 581.5896212527663],[1266.4921875 332.9656066894531 1365.12060546875 384.77008056640625],0.2869926393032074,,0
0,52,14,[1636.298421585677 137.31402924335842 1838.1293682198277 365.35521537945044],[1724.1265869140625 307.17529296875 1783.0198974609375 350.28546142578125],0.4390486776828766,,0
0,53,14,[1636.6172221321694 137.25447310101492 1838.0682634992077 365.3641440229768],[1724.1207275390625 307.1583557128906 1783.0382080078125 350.3091735839844],0.43912994861602783,,0
2,86,65,[1209.5640893903571 106.64836189209794 1571.035813482428 581.4692028650641],[1266.4310302734375 332.8399963378906 1365.1754150390625 384.7879333496094],0.29923516511917114,,0
0,54,14,[1636.8251376322696 137.21379484003955 1837.9964434289054 365.3849511567805],[1724.127685546875 307.1842346191406 1782.999755859375 350.2616271972656],0.4386001229286194,,0
2,87,65,[1209.544686995561 106.70689404250484 1570.9340431720582 581.2516797872008],[1266.51220703125 332.9385681152344 1365.1944580078125 384.6451721191406],0.2890976071357727,,0
0,55,14,[1636.921529159711 137.17275852310672 1837.8895990294322 365.40365865032396],[1724.115966796875 307.1510009765625 1783.013671875 350.2788391113281],0.43457427620887756,,0
2,88,65,[1209.5629652725202 106.66500641544758 1571.1283346901255 581.0627681549348],[1266.177978515625 332.7475891113281 1365.2607421875 384.733154296875],0.2809540927410126,,0
0,56,14,[1636.988310846559 137.15457937629623 1837.8257359241732 365.44491825847814],[1724.1470947265625 307.1959533691406 1783.0052490234375 350.1720275878906],0.4356177747249603,,0
0,57,14,[1637.0291559385814 137.14727443200593 1837.774813561637 365.48052247805725],[1724.1512451171875 307.2149353027344 1782.9921875 350.1866760253906],0.43887773156166077,,0
2,89,65,[1209.5484116230414 106.59533709295314 1571.0627890177775 580.7273983357577],[1266.26123046875 332.702880859375 1365.2476806640625 384.6640319824219],0.288733571767807,,0
0,58,14,[1637.078924445475 137.12583552791233 1837.757679037271 365.5089074227619],[1724.162841796875 307.234619140625 1782.982177734375 350.1845703125],0.44269439578056335,,0
2,90,65,[1209.5198325277995 106.56445020203913 1570.8284071821874 580.4191941445478],[1266.432861328125 332.7686767578125 1365.296630859375 384.96875],0.3093237280845642,,0
0,59,14,[1637.0931415990058 137.13321986065847 1837.744555051046 365.5715560619646],[1724.1519775390625 307.2152099609375 1783.0064697265625 350.21240234375],0.44327983260154724,,0
2,91,65,[1209.5518727649735 106.54410823594546 1570.861225403444 580.2241181970572],[1266.5277099609375 332.8962707519531 1365.14794921875 385.06329345703125],0.30643096566200256,,0
0,60,14,[1637.0299153727465 137.01768061800573 1837.683328297483 365.47752394032756],[1724.1778564453125 307.2601318359375 1782.9788818359375 350.1702880859375],0.44715380668640137,,0
0,61,14,[1637.0361674883288 136.9893945992359 1837.6696864934502 365.4827375106063],[1724.19140625 307.3033752441406 1782.9404296875 350.1175231933594],0.44925105571746826,,0
2,92,65,[1209.4444512690434 106.51540764008686 1570.6344325926598 580.0510948926054],[1270.4913330078125 332.7627868652344 1363.96630859375 383.3984069824219],0.3302652835845947,,0
0,62,14,[1636.9655682948107 136.98602629164773 1837.640536376059 365.50353795922035],[1724.1873779296875 307.2909240722656 1782.9459228515625 350.14581298828125],0.4468461573123932,,0
2,93,65,[1209.2946024791972 106.43158676162625 1570.2414113322302 579.7879260911016],[1270.5914306640625 332.9035339355469 1363.8975830078125 383.271728515625],0.31746500730514526,,0
0,63,14,[1636.8568911029 136.9717742843173 1837.6099638531302 365.5003788597118],[1724.206787109375 307.3553466796875 1782.919189453125 350.044189453125],0.4484729766845703,,0
2,94,65,[1209.0491588828218 106.4389905907548 1569.0762566320486 579.2573269978494],[1266.5745849609375 333.0279235839844 1365.22998046875 385.0536804199219],0.3003843128681183,,0
0,64,14,[1636.8291920865581 136.93374833734794 1837.6089177908502 365.451306938548],[1724.199951171875 307.3229675292969 1782.9595947265625 350.0497131347656],0.4446224272251129,,0
0,65,14,[1636.802616975625 136.94579635719631 1837.6167283172135 365.46493169332155],[1724.2001953125 307.3062744140625 1782.941162109375 350.07928466796875],0.4430030882358551,,0
0,66,14,[1636.7669812936401 136.95958615602834 1837.6243181893306 365.4601531460961],[1724.2078857421875 307.3343811035156 1782.925048828125 350.0151672363281],0.44162338972091675,,0
0,67,14,[1636.6619937506116 136.9403911388785 1837.5902721004272 365.4831478616721],[1724.1990966796875 307.3321228027344 1782.945556640625 350.0194091796875],0.44344720244407654,,0
2,103,85,[1209.4855333788169 106.68773489349874 1571.7884679630602 580.3658613824618],[1266.63037109375 333.81927490234375 1364.712890625 384.3558654785156],0.2848525643348694,AO51ASA,0.11467332680511247
0,68,14,[1636.6950035417276 136.90981381392226 1837.6094522694711 365.47285176984036],[1724.2049560546875 307.3916931152344 1782.9049072265625 349.8914794921875],0.4457137882709503,,0
2,104,85,[1209.5068348432944 106.53650134992799 1571.7882091581307 580.0466114643613],[1266.474609375 333.77398681640625 1364.7945556640625 384.368408203125],0.2830701768398285,AO51ASA,0.11467332680511247
1,161,80,[1568.7101619800992 170.20129120573188 1898.6800892593074 482.7795362660502],[1637.4422607421875 370.3742980957031 1715.6883544921875 425.4103088378906],0.255929559469223,,0
0,69,14,[1636.6621517915255 136.85509351218633 1837.5951938853136 365.42971545115546],[1724.199462890625 307.36981201171875 1782.945556640625 349.8824462890625],0.443778395652771,,0
1,162,80,[1568.6450214420731 170.07996350262692 1898.6540451007525 482.7859844119005],[1638.06884765625 370.9247131347656 1715.6231689453125 425.6661071777344],0.25397989153862,,0
0,70,14,[1636.6571653285505 136.85236075410586 1837.6065539088377 365.4531421931007],[1724.19287109375 307.3696594238281 1782.92724609375 349.92755126953125],0.44605544209480286,,0
2,108,85,[1209.5841419287872 106.18356339324433 1573.9312606616768 580.6136885142568],[1266.9959716796875 334.26251220703125 1364.4556884765625 384.0434875488281],0.2953053414821625,,0
1,163,80,[1568.6446459921638 169.81582432978402 1898.6349595727359 482.5053413384593],[1637.38916015625 369.90045166015625 1716.8638916015625 426.05633544921875],0.26818159222602844,,0
0,71,14,[1636.6979286828657 136.84657913040826 1837.626432746891 365.4617715772601],[1724.2025146484375 307.398681640625 1782.9149169921875 349.8633117675781],0.4478333294391632,,0
2,109,85,[1209.4554806705814 106.42098615568483 1574.0126898615454 580.9511385154851],[1266.7628173828125 334.2113342285156 1364.5455322265625 384.0603332519531],0.2926842272281647,,0
0,72,14,[1636.7380422761476 136.85349173096677 1837.638790174471 365.46621360346313],[1724.2203369140625 307.437744140625 1782.8851318359375 349.79791259765625],0.4494131803512573,,0
1,164,80,[1568.6721329028535 169.72302050222225 1898.634110145211 482.3954406913728],[1637.562744140625 370.2596740722656 1717.1561279296875 426.1112365722656],0.26317068934440613,,0
2,110,85,[1208.8522378902128 107.16245532775648 1572.182530135534 582.4408866930893],[1269.963134765625 334.63275146484375 1363.884521484375 384.9107666015625],0.3523464798927307,,0
0,73,14,[1636.7102011842314 136.84084883700524 1837.6259391174679 365.4388035595925],[1724.2093505859375 307.42926025390625 1782.8917236328125 349.8190612792969],0.4487692713737488,,0
0,74,14,[1636.7475322560501 136.8658035122638 1837.6474141101933 365.43308374968547],[1724.2230224609375 307.44390869140625 1782.87060546875 349.789794921875],0.44661611318588257,,0
2,111,85,[1208.892192978338 107.43988102009769 1571.4796787008797 583.5637126569947],[1269.2962646484375 335.0884094238281 1364.042724609375 384.8403625488281],0.30169424414634705,,0
0,75,14,[1636.6977571247755 136.8971567000188 1837.6217784870303 365.45374424290225],[1724.22216796875 307.43914794921875 1782.8792724609375 349.78485107421875],0.4462578594684601,,0
2,112,85,[1208.4493851578623 107.59455409482575 1570.376842528644 584.6109680878603],[1268.4857177734375 334.91455078125 1363.88037109375 384.3617248535156],0.3127734959125519,,0
0,76,14,[1636.6826905233413 136.91831176969305 1837.6115835585372 365.45181945585347],[1724.2086181640625 307.41754150390625 1782.8994140625 349.816162109375],0.44658565521240234,,0
0,77,14,[1636.707056645524 136.9410620866895 1837.6181627688634 365.42490203740874],[1724.2122802734375 307.4189758300781 1782.9005126953125 349.8144836425781],0.44671741127967834,,0
2,113,85,[1208.7806477414904 107.35211717027462 1570.2618592115948 585.2380901121803],[1271.8004150390625 336.104736328125 1363.1458740234375 383.524658203125],0.35998350381851196,,0
0,78,14,[1636.7209444541475 136.9602973686964 1837.6053968363233 365.4279429145632],[1724.1998291015625 307.3735656738281 1782.9298095703125 349.86859130859375],0.4447150230407715,,0
2,114,85,[1206.466538024758 107.37082096072729 1569.134055622866 586.157110928151],[1271.4010009765625 335.99212646484375 1361.39990234375 382.22662353515625],0.344466894865036,,0
0,79,14,[1636.7160935825632 136.97583173711715 1837.6100481191543 365.40767065605894],[1724.1990966796875 307.3832702636719 1782.927978515625 349.8395690917969],0.44445905089378357,,0
2,115,85,[1205.844440993042 108.28233825281137 1569.0412933851035 587.21600444294],[1271.2850341796875 337.53912353515625 1359.6566162109375 381.2472229003906],0.28333431482315063,,0
0,80,14,[1636.6919775866045 136.94949498472258 1837.5961708010232 365.3317190702005],[1724.19140625 307.36920166015625 1782.929443359375 349.8686828613281],0.443606972694397,,0
2,116,85,[1205.6564255364858 108.69093388100077 1569.2749976124726 587.6397365829645],[1271.2855224609375 337.5868835449219 1359.625732421875 381.2061767578125],0.27357420325279236,,0
0,81,14,[1636.6851075311163 136.97791958456466 1837.5994639039466 365.3280445840235],[1724.1961669921875 307.3557434082031 1782.9569091796875 349.8549499511719],0.44374093413352966,,0
2,117,85,[1205.5819264356812 108.87084261537444 1569.441300392816 587.8048011174415],[1271.238037109375 337.5370788574219 1359.6712646484375 381.2701721191406],0.27175551652908325,,0
0,82,14,[1636.660866694132 136.92724579972463 1837.570934661897 365.27729654556583],[1724.192138671875 307.33795166015625 1782.958740234375 349.89276123046875],0.44173696637153625,,0
0,83,14,[1636.6598361600527 136.92533354178815 1837.5713757795074 365.2737899095155],[1724.2005615234375 307.3520812988281 1782.9349365234375 349.813232421875],0.4390844404697418,,0
0,84,14,[1636.5639927722168 136.92577810105695 1837.5328411598825 365.2695733108276],[1724.2086181640625 307.3468322753906 1782.9422607421875 349.8081970214844],0.4393479824066162,,0
0,85,14,[1636.532642173855 136.95318950980905 1837.53740709056 365.29824936661385],[1724.203125 307.3299255371094 1782.952880859375 349.8416748046875],0.4385019838809967,,0
0,86,14,[1636.4878427521123 136.97059922064713 1837.5242783242845 365.3135127022309],[1724.18896484375 307.2962951660156 1782.9705810546875 349.900390625],0.43482476472854614,,0
0,87,14,[1636.3969108216306 136.92188214695287 1837.503442927241 365.2582845664343],[1724.186279296875 307.2956848144531 1782.974853515625 349.9090881347656],0.43536972999572754,,0
0,88,14,[1636.398017469073 136.9069001443247 1837.5338775166213 365.2448971342885],[1724.1866455078125 307.30841064453125 1782.97265625 349.9281921386719],0.43690335750579834,,0
0,89,14,[1636.4067989105392 136.94901066413516 1837.5534827267484 365.285543538959],[1724.170166015625 307.2624206542969 1782.992431640625 350.0071105957031],0.4349754750728607,,0
0,90,14,[1636.6194048482791 136.96457784019918 1837.6605897453308 365.2744704520645],[1724.15625 307.27838134765625 1782.9873046875 350.0308532714844],0.43706920742988586,,0
0,91,14,[1636.6907566089044 136.9838549163532 1837.6763537020374 365.29495718802406],[1724.1368408203125 307.22662353515625 1783.0367431640625 350.1200866699219],0.43784886598587036,,0
0,92,14,[1636.719209030056 136.98712579291208 1837.6690177241549 365.2908434285913],[1724.139404296875 307.18560791015625 1783.0341796875 350.170654296875],0.4347155690193176,,0
1,205,126,[1569.502329133428 169.09680165051256 1897.6664663173835 481.94877105457545],[1641.4530029296875 364.88543701171875 1715.3507080078125 424.6844787597656],0.27099162340164185,,0
0,93,14,[1636.7454156412425 137.01466545160605 1837.677961483181 365.3318137493869],[1724.1317138671875 307.1448059082031 1783.0697021484375 350.2559814453125],0.4345754384994507,,0
1,206,126,[1569.8067790881419 169.640704582899 1897.5330351987127 482.1962905239872],[1644.3634033203125 365.26593017578125 1727.5145263671875 426.40576171875],0.2801464796066284,,0
0,94,14,[1636.6761219336604 137.0087851030895 1837.628927405478 365.3683380837227],[1724.1405029296875 307.13214111328125 1783.0821533203125 350.3112487792969],0.4332263767719269,,0
0,95,14,[1636.6786446148699 137.05029895678038 1837.6409471895145 365.44715713628807],[1724.1533203125 307.1949462890625 1783.067138671875 350.1775817871094],0.43385404348373413,,0
0,96,14,[1636.7549652706405 137.07688337292728 1837.6778139911955 365.5198981704291],[1724.1610107421875 307.1393127441406 1783.1041259765625 350.2679748535156],0.43151822686195374,,0
0,97,14,[1636.7348041617695 137.03764197466188 1837.6541334781562 365.4920876506252],[1724.158935546875 307.1556701660156 1783.0833740234375 350.2695007324219],0.43204137682914734,,0
0,98,14,[1636.7140384445843 137.01333290462077 1837.6518581384712 365.4795088888235],[1724.1053466796875 307.16473388671875 1783.0389404296875 350.2025146484375],0.4353380799293518,,0
0,99,14,[1636.7621642350714 137.00901643846225 1837.6682842506752 365.5011058334686],[1724.11376953125 307.22039794921875 1782.97412109375 350.14959716796875],0.43773970007896423,,0
0,100,14,[1636.63203207328 136.99759075968197 1837.6127623056962 365.5222313823316],[1724.1064453125 307.1779479980469 1783.02685546875 350.1676330566406],0.43904682993888855,,0
0,101,14,[1636.5091529082515 136.00297750709416 1838.0237329853767 364.77813765103247],[1723.6424560546875 306.7127685546875 1782.2369384765625 349.33221435546875],0.4027882516384125,,0
0,102,14,[1636.3089638352492 135.58761173364792 1838.2782013611557 364.5386023423733],[1723.663330078125 306.7552490234375 1782.235107421875 349.2864074707031],0.4066063165664673,,0
0,103,14,[1636.1634749748023 135.39655721532762 1838.4483081619478 364.49341693311464],[1723.677978515625 306.7874450683594 1782.2069091796875 349.25091552734375],0.4064176380634308,,0
0,104,14,[1636.1134430624957 135.2852511995755 1838.5944635553415 364.4862981420903],[1723.6904296875 306.8267517089844 1782.228515625 349.21636962890625],0.4146011173725128,,0
0,105,14,[1636.0275927508626 135.23601942713947 1838.6620086992132 364.5441639972023],[1723.6783447265625 306.8077087402344 1782.2567138671875 349.2462463378906],0.41509538888931274,,0
0,106,14,[1635.992528811676 135.20783051398422 1838.7086072585548 364.5977831608918],[1723.6790771484375 306.78204345703125 1782.2054443359375 349.2677307128906],0.41161108016967773,,0
2,169,85,[1209.7874182023593 106.19758387325464 1579.7590847426463 585.6175506371316],[1267.5164794921875 334.40087890625 1365.26806640625 385.22784423828125],0.2716023027896881,,0
0,107,14,[1635.9430655858953 135.18559534674142 1838.7309781953975 364.6413722311007],[1723.6658935546875 306.75177001953125 1782.2288818359375 349.32562255859375],0.41269516944885254,,0
2,171,85,[1209.8436401989873 106.52571472082846 1581.4154147953534 585.1174849731472],[1267.5850830078125 334.3974914550781 1365.152099609375 384.9288330078125],0.2676350474357605,,0
0,108,14,[1635.8582662961346 135.17455847197988 1838.741833226383 364.69105584646474],[1723.6810302734375 306.7795104980469 1782.200439453125 349.3070068359375],0.41126373410224915,,0
0,109,14,[1635.816450006815 135.16220816309848 1838.7667362234138 364.720772520869],[1723.67626953125 306.7669372558594 1782.2073974609375 349.3268737792969],0.41054946184158325,,0
2,172,85,[1209.9469705244117 106.56717372568033 1582.1853071573853 584.8172089096527],[1267.30859375 334.3265075683594 1365.1810302734375 384.955078125],0.25102636218070984,,0
0,110,14,[1635.789195346447 135.1519652052474 1838.787842643074 364.7412685276715],[1723.67626953125 306.7669372558594 1782.2073974609375 349.3268737792969],0.41054946184158325,,0
2,174,85,[1208.7422280367275 106.92973683095991 1580.2145816527793 584.9442767194238],[1266.941650390625 333.9002990722656 1365.4608154296875 385.4930419921875],0.25944891571998596,,0
0,111,14,[1635.7547735048374 135.1495645918888 1838.799387972405 364.7569665306593],[1723.6788330078125 306.7680358886719 1782.2176513671875 349.3354797363281],0.41150593757629395,,0
2,175,85,[1208.778762707711 107.00551337891926 1580.1147422861009 585.0736605946458],[1266.9248046875 333.6730041503906 1365.7021484375 385.6824645996094],0.2696230709552765,,0
0,112,14,[1635.6464992823849 135.13681282295767 1838.7748801249795 364.76092450188685],[1723.6885986328125 306.787841796875 1782.1973876953125 349.3226013183594],0.41197651624679565,,0
2,176,85,[1209.620792628252 107.09755608472412 1581.9229545533096 585.3876089828867],[1266.9649658203125 333.8027648925781 1365.67626953125 385.38934326171875],0.25504040718078613,,0
0,113,14,[1635.6197205234625 135.1466565661819 1838.791424915294 364.78453831519005],[1723.683837890625 306.7677917480469 1782.218994140625 349.3539123535156],0.41174134612083435,,0
0,114,14,[1635.5539378256817 135.1526679126431 1838.7854036629074 364.80135191459],[1723.6865234375 306.77484130859375 1782.212890625 349.3612976074219],0.41198572516441345,,0
2,177,85,[1210.1852044754673 107.0892499774786 1583.6155498400367 585.5592001465773],[1267.4017333984375 333.88311767578125 1365.6676025390625 385.5146484375],0.26115018129348755,,0
0,115,14,[1635.5904965217273 135.1509510429068 1838.8180362642443 364.81123556314236],[1723.6497802734375 306.7692565917969 1782.2156982421875 349.3835754394531],0.41136279702186584,,0
2,179,85,[1208.9516638724258 106.52819452267215 1584.306626630847 584.4203841288479],[1267.045654296875 334.00286865234375 1365.37060546875 385.3359375],0.2714885473251343,,0
0,116,14,[1635.5983582964293 135.15173837998438 1838.8264796830056 364.82386496984816],[1723.6539306640625 306.77069091796875 1782.21875 349.36175537109375],0.4124767780303955,,0
0,117,14,[1635.614169091933 135.1532492854688 1838.8355877402264 364.82917887203655],[1723.66162109375 306.784423828125 1782.209228515625 349.34344482421875],0.41306090354919434,,0
2,182,85,[1208.4446818600477 106.43696411694233 1584.0603412747228 583.1759713069193],[1267.934814453125 334.568603515625 1365.15869140625 384.9486999511719],0.28143686056137085,,0
0,118,14,[1635.6464157748364 135.15316138796743 1838.848833166399 364.8305623412985],[1723.6607666015625 306.78253173828125 1782.2098388671875 349.34521484375],0.41287294030189514,,0
0,119,14,[1635.6672366210958 135.15228839344047 1838.8531495985965 364.82991169883223],[1723.6715087890625 306.8035888671875 1782.1971435546875 349.32696533203125],0.4139457941055298,,0
2,183,85,[1206.6551938964615 106.38010763497002 1579.37933021282 582.6002381440337],[1268.0010986328125 334.6628723144531 1365.1802978515625 385.2681884765625],0.2926871180534363,,0
0,120,14,[1635.6856981721603 135.15332094364493 1838.8546231898445 364.8305136131644],[1723.67724609375 306.8134765625 1782.1904296875 349.3104248046875],0.4143447279930115,,0
2,184,85,[1209.7703312242309 106.89577292077414 1586.3954396579904 583.0643133183391],[1267.68896484375 334.83270263671875 1365.1746826171875 385.23797607421875],0.2574829161167145,,0
0,121,14,[1635.6706370088536 135.1519551974962 1838.8395246302407 364.8361930501515],[1723.682861328125 306.8258056640625 1782.182861328125 349.294921875],0.4147008955478668,,0
0,122,14,[1635.6885247841617 135.14906737669548 1838.8439815353265 364.8364480947682],[1723.6776123046875 306.8164978027344 1782.1907958984375 349.3039245605469],0.4145805537700653,,0
2,188,85,[1209.533497624488 109.14392271088204 1593.0710265052144 586.6892811286461],[1267.8006591796875 334.403076171875 1364.7335205078125 385.2154846191406],0.35525307059288025,,0
0,123,14,[1635.7077918418352 135.1428657349795 1838.8402443839093 364.83020819273645],[1723.677734375 306.81591796875 1782.1890869140625 349.3033447265625],0.41422000527381897,,0
2,189,85,[1208.65771321855 109.08462796414526 1593.3795124664073 587.2554293692061],[1267.783203125 334.4651184082031 1364.6829833984375 385.23577880859375],0.34460368752479553,,0
0,124,14,[1635.7541106168392 135.1442623500775 1838.8477136164888 364.8205426839769],[1723.682373046875 306.82598876953125 1782.176513671875 349.2935485839844],0.41348132491111755,,0
2,190,85,[1214.2763987999263 108.78714088328479 1609.1191174081453 587.7730068468396],[1277.02392578125 336.28546142578125 1366.310546875 387.90087890625],0.5211889147758484,,0
0,125,14,[1635.7887315830303 135.145899847366 1838.8483252910614 364.811514717416],[1723.67724609375 306.8152160644531 1782.181640625 349.3030700683594],0.4134107530117035,,0
2,191,85,[1214.2676122020575 108.58517031801165 1615.624136519266 588.1032843226646],[1277.1634521484375 336.5106201171875 1366.2418212890625 387.6377868652344],0.5064595937728882,,0
0,126,14,[1635.7992969465417 135.14845590334278 1838.837301205418 364.80669227802485],[1723.6776123046875 306.815673828125 1782.1834716796875 349.3037414550781],0.41357406973838806,,0
0,127,14,[1635.8123126213982 135.15411514644873 1838.8319335732554 364.8050905799886],[1723.677734375 306.8159484863281 1782.1832275390625 349.30364990234375],0.4135347306728363,,0
2,192,85,[1203.1235573802498 107.89927348007535 1594.9687856318808 587.6395516438981],[1278.87451171875 337.43218994140625 1366.234375 385.5613708496094],0.4497015178203583,,0
0,128,14,[1635.8164567704787 135.15847168490296 1838.8245917999827 364.8047442464919],[1723.677734375 306.8157653808594 1782.18359375 349.302001953125],0.4134387671947479,,0
2,193,85,[1202.2457640059038 107.6595505743006 1588.262152509128 586.7732694383434],[1278.876708984375 337.37811279296875 1366.3421630859375 385.5863342285156],0.4595526456832886,,0
0,129,14,[1635.8204026369795 135.1603377861427 1838.8200507538209 364.8018274399876],[1723.677734375 306.81591796875 1782.18359375 349.3025207519531],0.4134387671947479,,0
2,194,85,[1202.737718725504 107.74167150854933 1584.0876302404224 586.3835640471059],[1278.9390869140625 337.4582824707031 1366.3038330078125 385.5408630371094],0.4526786506175995,,0
0,130,14,[1635.8166229186968 135.16005305508963 1838.8142164403757 364.7983548122637],[1723.6768798828125 306.8118896484375 1782.1878662109375 349.305908203125],0.41344964504241943,,0
2,195,85,[1184.7792975569002 70.24402431658325 1553.502166897292 489.15802003969657],[1269.1680908203125 334.5916442871094 1364.9608154296875 383.5049743652344],0.25933074951171875,,0
0,131,14,[1635.7901279843945 135.16363013933181 1838.801330513641 364.80127053323605],[1723.6790771484375 306.81549072265625 1782.1878662109375 349.29925537109375],0.41358494758605957,,0
2,196,85,[1182.5659815556382 65.52294940198746 1537.7990597416124 442.9262585718824],[1269.31005859375 334.5134582519531 1364.9632568359375 383.6023864746094],0.27339985966682434,,0
0,132,14,[1635.7904195081228 135.16441115913176 1838.8051284658736 364.8006546139218],[1723.67724609375 306.8101501464844 1782.192626953125 349.3063659667969],0.4136006534099579,,0
2,197,85,[1185.4927153152848 71.00773906899394 1528.243287600057 418.6488775025101],[1269.2113037109375 334.71588134765625 1364.886474609375 383.46807861328125],0.2703893482685089,,0
0,133,14,[1635.856123367897 135.16337696938047 1838.8427496055465 364.796960031736],[1723.6666259765625 306.790771484375 1782.2054443359375 349.3316345214844],0.4132472574710846,,0
2,198,85,[1189.7487399699378 78.46486487895965 1521.9484678908827 404.43905589261544],[1268.9027099609375 334.65234375 1364.9342041015625 383.43438720703125],0.26089778542518616,,0
0,134,14,[1635.881049201684 135.16404925905005 1838.8501258418867 364.79640722504774],[1723.6732177734375 306.8042907714844 1782.1959228515625 349.30975341796875],0.4132236838340759,,0
0,135,14,[1635.8977267575938 135.16618365604023 1838.851509548991 364.79773239462037],[1723.672607421875 306.8045959472656 1782.1923828125 349.3096008300781],0.4129175841808319,,0
2,200,85,[1196.8447900893127 91.20700010743423 1514.524709957226 389.9433099153744],[1269.236572265625 334.798828125 1364.8524169921875 383.3147277832031],0.252280056476593,,0
0,136,14,[1635.8511660892516 135.1681203599868 1838.8250791631206 364.8013651010598],[1723.6746826171875 306.80377197265625 1782.194091796875 349.3050231933594],0.4125884175300598,,0
2,201,85,[1199.2069463618927 95.46921362916342 1512.4200589742159 385.8635658468652],[1269.409912109375 334.6919250488281 1364.8953857421875 383.3111877441406],0.2605365216732025,,0
0,137,14,[1635.8472676027359 135.17584116535187 1838.8266627492835 364.79571021628465],[1723.6768798828125 306.80816650390625 1782.1885986328125 349.303466796875],0.4125014841556549,,0
2,202,85,[1201.3799826182028 98.70974107818628 1510.5386318711737 383.0043095646555],[1271.11669921875 336.5081481933594 1364.1090087890625 382.7051086425781],0.28972306847572327,,0
0,138,14,[1635.869417231035 135.1795971356094 1838.8379516473094 364.78785234249824],[1723.6759033203125 306.80712890625 1782.1876220703125 349.30731201171875],0.41227778792381287,,0
0,139,14,[1635.8656330669373 135.18080007709864 1838.8345235158922 364.78198107311727],[1723.675048828125 306.8029479980469 1782.194091796875 349.3125305175781],0.41303709149360657,,0
0,140,14,[1635.8632597962956 135.17808280044656 1838.8320014108608 364.7789721948801],[1723.6805419921875 306.8160095214844 1782.185302734375 349.2955627441406],0.4133816361427307,,0
0,141,14,[1635.8609078665427 135.17756328388512 1838.829500992466 364.77291259104766],[1723.681396484375 306.8138122558594 1782.1839599609375 349.29949951171875],0.4123609662055969,,0
0,142,14,[1635.844221841283 135.17862462928088 1838.8259202393901 364.7643904497946],[1723.677734375 306.8068542480469 1782.19091796875 349.3085632324219],0.41208162903785706,,0
0,143,14,[1635.8343011392058 135.1789536724427 1838.8270689477918 364.7552123930909],[1723.677978515625 306.80731201171875 1782.1907958984375 349.3070983886719],0.4121093451976776,,0
0,144,14,[1635.828450281408 135.17446819003834 1838.8276904460117 364.74130047102284],[1723.678466796875 306.8073425292969 1782.19091796875 349.30621337890625],0.4124968647956848,,0
0,145,14,[1635.82162924888 135.17920967705692 1838.8277049346166 364.7368252052881],[1723.6787109375 306.80731201171875 1782.191162109375 349.3062744140625],0.412496417760849,,0
0,146,14,[1635.8180671982814 135.18265281456712 1838.8286651561452 364.7336190761403],[1723.6787109375 306.80731201171875 1782.191162109375 349.3062744140625],0.412496417760849,,0
0,147,14,[1635.815955180089 135.18526811585667 1838.8297877565815 364.7313073310455],[1723.6787109375 306.80731201171875 1782.191162109375 349.3062744140625],0.412496417760849,,0
0,148,14,[1635.8099627852266 135.1837715327527 1838.8287130202207 364.72705480725375],[1723.6805419921875 306.81201171875 1782.1878662109375 349.29632568359375],0.4128463566303253,,0
0,149,14,[1635.8125320542017 135.1839650794349 1838.8316056243843 364.7260275018159],[1723.6790771484375 306.8080749511719 1782.1915283203125 349.29998779296875],0.4129411578178406,,0
0,150,14,[1635.815266791191 135.18444066813373 1838.83351274657 364.72582095246645],[1723.6788330078125 306.8083190917969 1782.19091796875 349.298583984375],0.41283339262008667,,0
0,151,14,[1635.828978382938 135.17250254196006 1838.8422090301335 364.7263658901726],[1723.6802978515625 306.8109130859375 1782.188720703125 349.29510498046875],0.4127354323863983,,0
0,152,14,[1635.8367209139192 135.1685297448429 1838.8450099076167 364.73036002805065],[1723.6805419921875 306.811279296875 1782.188232421875 349.2951354980469],0.41272565722465515,,0
0,153,14,[1635.8675984214633 135.18956690345482 1838.850174657071 364.7522407766349],[1723.6783447265625 306.80657958984375 1782.1915283203125 349.3069152832031],0.41291317343711853,,0
0,154,14,[1635.886100041889 135.2091803807126 1838.846172630557 364.76716913344563],[1723.67431640625 306.7984619140625 1782.198486328125 349.3149719238281],0.41300123929977417,,0
0,155,14,[1635.847939557919 135.22664780431495 1838.8126337243714 364.7510389811339],[1723.661865234375 306.74505615234375 1782.26953125 349.3594665527344],0.4094937741756439,,0
0,156,14,[1635.8571430227794 135.27114957382213 1838.81690460223 364.76942208557244],[1723.6461181640625 306.73052978515625 1782.3416748046875 349.3788146972656],0.41811487078666687,,0
0,157,14,[1635.8870627646704 135.34592064824045 1838.8268467757205 364.7870821687554],[1723.636962890625 306.7097473144531 1782.53173828125 349.4066467285156],0.4340245723724365,,0
0,158,14,[1635.9075293341846 135.26333113664094 1838.8281288061378 364.79233094461165],[1723.6519775390625 306.7598876953125 1782.4383544921875 349.3302001953125],0.4277426302433014,,0
0,159,14,[1635.9316460556329 135.29232417722616 1838.811145722545 364.7809761239546],[1723.6171875 306.6720275878906 1782.56982421875 349.42144775390625],0.4338432848453522,,0
0,160,14,[1635.9776240393821 135.21654983850937 1838.7949400376183 364.8837328278675],[1723.6358642578125 306.6939697265625 1782.5555419921875 349.340087890625],0.43278616666793823,,0
0,161,14,[1636.0987882683432 135.29572595887743 1838.8252166605891 364.9477531633551],[1723.6358642578125 306.7288513183594 1782.5474853515625 349.39739990234375],0.4365915358066559,,0
0,162,14,[1636.2403990581192 135.26869527228007 1838.84004055461 364.9949443926953],[1723.669677734375 306.7798767089844 1782.46923828125 349.3909606933594],0.43897920846939087,,0
0,163,14,[1636.1573964906095 135.16141272824729 1838.7068888435258 365.05174903080064],[1723.7017822265625 306.8204345703125 1782.4566650390625 349.3114318847656],0.4346464276313782,,0
0,164,14,[1636.0131846952302 135.1934903957969 1838.6319764802645 365.0362310903669],[1723.6842041015625 306.7843322753906 1782.4266357421875 349.2880859375],0.43402644991874695,,0
0,165,14,[1636.1528245144473 135.1921003571415 1838.6487006522157 364.9960330247077],[1723.6920166015625 306.7826843261719 1782.4736328125 349.30426025390625],0.433914452791214,,0
0,166,14,[1636.2546287364382 135.164380003901 1838.6584938502208 364.9675253822345],[1723.6988525390625 306.7886657714844 1782.4339599609375 349.2451171875],0.43125036358833313,,0
0,167,14,[1636.4794455031806 135.1893992448337 1838.6957351398428 364.9601606882386],[1723.6995849609375 306.78070068359375 1782.427734375 349.2596130371094],0.432552307844162,,0
0,168,14,[1636.5855901641376 135.19371727605247 1838.6457107541196 364.957966451472],[1723.6907958984375 306.7547607421875 1782.4661865234375 349.3226623535156],0.4360445737838745,,0
0,169,14,[1636.5952135847767 135.20919819646608 1838.595342760744 364.96203033034396],[1723.6973876953125 306.7432556152344 1782.4625244140625 349.2759094238281],0.43525442481040955,,0
0,170,14,[1636.45714154475 135.2343635498146 1838.5140873821179 364.94433820162106],[1723.7059326171875 306.7677001953125 1782.447265625 349.2481384277344],0.4340381324291229,,0
0,171,14,[1636.1538372679443 135.26732496835484 1838.413712478969 364.88238854500366],[1723.7039794921875 306.8065185546875 1782.4149169921875 349.208251953125],0.43351298570632935,,0
0,172,14,[1636.0127602477212 135.3122801724608 1838.4166109233163 364.86975328378526],[1723.706298828125 306.8033142089844 1782.428955078125 349.2147216796875],0.4340210556983948,,0
0,173,14,[1635.9142993615105 135.32532756386806 1838.4438326511804 364.8639277160653],[1723.7186279296875 306.8167419433594 1782.429931640625 349.18670654296875],0.4341578483581543,,0
0,174,14,[1635.7936762310596 135.35804316396764 1838.4314913873473 364.8526496913295],[1723.7220458984375 306.8437805175781 1782.4190673828125 349.1978759765625],0.43382707238197327,,0
0,175,14,[1635.7531846918048 135.36603355117884 1838.4737421921297 364.84874451414146],[1723.64208984375 306.8204345703125 1782.3779296875 349.2497863769531],0.431735098361969,,0
0,176,14,[1634.8600731215572 135.30769394303573 1838.1458555382499 364.82061749544346],[1723.6435546875 306.7635803222656 1782.4599609375 349.30291748046875],0.4320257306098938,,0
0,177,14,[1634.6994045638933 135.20424617004352 1838.2322544707179 364.81403042991076],[1723.6810302734375 306.8247985839844 1782.4088134765625 349.235595703125],0.4319712221622467,,0
0,178,14,[1634.595104008482 135.06287581412198 1838.2873566578746 364.89396460334785],[1723.69775390625 306.8630676269531 1782.361083984375 349.2322998046875],0.43243643641471863,,0
0,179,14,[1634.6985102125695 134.90771832532903 1838.3797996235608 364.9508920790489],[1723.7025146484375 306.8778076171875 1782.3079833984375 349.1952209472656],0.4283331334590912,,0
0,180,14,[1634.5127517275853 134.865822825302 1838.3244224011166 365.0014984901429],[1723.7010498046875 306.866943359375 1782.3138427734375 349.2001953125],0.42811012268066406,,0
0,1,13,[1647.393310546875 143.269775390625 1813.905029296875 348.8418273925781],[1724.3192138671875 310.0014953613281 1776.1622314453125 346.67828369140625],0.3947545289993286,,0
0,2,13,[1647.3717187267714 143.24095449550873 1813.933212255464 348.81077877978555],[1724.328369140625 310.016357421875 1776.08935546875 346.663818359375],0.39386576414108276,,0
0,3,13,[1647.3673346446908 143.25729032568006 1813.9007610791919 348.8116407371696],[1724.3232421875 309.99700927734375 1776.1783447265625 346.681640625],0.3974662125110626,,0
2,1,28,[1203.4677734375 107.52484893798828 1603.76708984375 454.6087646484375],[1270.3089599609375 334.8206787109375 1366.51318359375 380.9466247558594],0.3169249892234802,,0
0,4,13,[1647.398990262183 143.2742931382994 1813.8717242357056 348.81327885062416],[1724.3280029296875 310.0098571777344 1776.1409912109375 346.6611633300781],0.3960946500301361,,0
2,2,25,[1206.8642370327673 109.82917964535875 1505.6211866355886 388.18106830795176],[1270.5645751953125 335.2203674316406 1366.1346435546875 380.7753601074219],0.3207966685295105,,0
0,5,13,[1647.4030558041143 143.27000000482374 1813.8572846420013 348.82263595676545],[1724.3331298828125 310.0040588378906 1776.1336669921875 346.6570129394531],0.3958437442779541,,0
2,3,25,[1206.7758662915353 109.74455917196343 1506.279695319939 388.608917253197],[1270.01123046875 334.7948303222656 1366.4158935546875 381.0996398925781],0.3232659697532654,,0
0,6,13,[1647.4474105851095 143.28741622465935 1813.8146601090507 348.82116532232385],[1724.3101806640625 309.98712158203125 1776.1671142578125 346.6672058105469],0.39830586314201355,,0
2,4,25,[1206.188617202488 110.24982538645983 1505.9030066863531 390.41516109344354],[1270.3245849609375 335.1698303222656 1366.535888671875 380.6643981933594],0.29379019141197205,,0
0,7,13,[1647.4657179311303 143.28954242598292 1813.7885504668216 348.8366487712574],[1724.30126953125 309.9897155761719 1776.15380859375 346.6562194824219],0.39766424894332886,,0
2,5,25,[1206.3207139648553 110.15084857448434 1505.9842892893348 390.85790400853],[1270.118408203125 334.9332275390625 1366.6688232421875 380.8934326171875],0.3104070723056793,,0
0,8,13,[1647.4898142134016 143.2710338538662 1813.7641496134588 348.82517253543386],[1724.2935791015625 310.02130126953125 1776.0780029296875 346.5989074707031],0.3925624191761017,,0
2,6,25,[1206.6471585684428 110.00700873035387 1506.701327026534 391.3538947952603],[1270.128662109375 335.20806884765625 1366.4754638671875 380.7226867675781],0.28422248363494873,,0
0,9,13,[1647.5231959181326 143.26848960111477 1813.7400471264611 348.8248665426907],[1724.3323974609375 310.0446472167969 1776.057861328125 346.5914001464844],0.3919144868850708,,0
2,7,25,[1206.447072732038 109.99377567865298 1506.6269428266025 391.8826269627557],[1270.1722412109375 335.1896667480469 1366.4315185546875 380.8067321777344],0.26869380474090576,,0
0,10,13,[1647.7446129575478 143.35063420902017 1813.748515491423 348.8268059083874],[1724.30712890625 310.09820556640625 1776.056396484375 346.6205749511719],0.3915172517299652,,0
0,11,13,[1647.9333431553164 143.3983181152638 1813.7219153608444 348.8071170384712],[1724.2913818359375 310.1078796386719 1776.0450439453125 346.6090393066406],0.3893342912197113,,0
0,12,13,[1648.0203975635281 143.42639702022302 1813.662042618666 348.8070318112425],[1724.2576904296875 310.1340026855469 1776.0347900390625 346.590087890625],0.39078274369239807,,0
0,13,13,[1648.0913662111045 143.4274276192734 1813.6513640892679 348.7865090902826],[1724.2694091796875 310.1402282714844 1776.0582275390625 346.583984375],0.39404425024986267,,0
0,14,13,[1647.9510855803298 143.39165154864776 1813.5936724549945 348.76417707204797],[1724.328369140625 310.1395263671875 1776.064453125 346.5900573730469],0.39788976311683655,,0
0,15,13,[1647.6910283777006 143.34830663003572 1813.5339796597427 348.7713344255945],[1724.3822021484375 310.15740966796875 1775.9718017578125 346.6130676269531],0.39366385340690613,,0
0,16,13,[1647.4345295406354 143.3236759739743 1813.487867613035 348.79351126115466],[1724.3704833984375 310.1201477050781 1776.0377197265625 346.705810546875],0.39484795928001404,,0
0,17,13,[1647.4046216932213 143.30167135508273 1813.5531627879525 348.7863330437334],[1724.350341796875 310.10797119140625 1776.079833984375 346.76568603515625],0.3955882787704468,,0
0,18,13,[1647.387405788229 143.2867470568682 1813.6048307136648 348.77910768850325],[1724.347900390625 310.0976257324219 1776.0938720703125 346.78076171875],0.39657196402549744,,0
0,19,13,[1647.4203511479689 143.2686939809316 1813.688190549978 348.7657683897522],[1724.3746337890625 310.1258544921875 1776.0389404296875 346.7475891113281],0.3965984284877777,,0
0,20,13,[1647.4220242771792 143.3552964497348 1813.4862618919444 348.8317795073401],[1724.4024658203125 310.1241149902344 1776.1004638671875 346.81268310546875],0.39997047185897827,,0
0,21,13,[1647.4186785168752 143.36014177571008 1813.3815579380682 348.8525074889335],[1724.882568359375 310.12164306640625 1776.20556640625 346.8968200683594],0.39695703983306885,,0
0,22,13,[1647.4397022767675 143.39016002370653 1813.3501033991593 348.8634197737438],[1724.8450927734375 310.21221923828125 1776.1109619140625 346.7738952636719],0.3905561864376068,,0
0,23,13,[1647.4578414018242 143.4199307319809 1813.2634507649955 348.87197958583005],[1724.8250732421875 310.19012451171875 1776.1436767578125 346.7947082519531],0.3985269069671631,,0
0,24,13,[1647.5384806703064 143.4348512956565 1813.2546956674646 348.8751374579706],[1724.9637451171875 310.2261047363281 1776.0545654296875 346.84674072265625],0.39535439014434814,,0
0,25,13,[1647.565381282813 143.3935787050412 1813.357093244574 348.81208614639786],[1724.7650146484375 310.2256774902344 1776.0323486328125 346.8229675292969],0.4026471674442291,,0
0,26,13,[1647.5092407128407 143.36096094770852 1813.4288480941575 348.7838269253096],[1724.736328125 310.2525329589844 1775.9849853515625 346.8017578125],0.40135458111763,,0
0,27,13,[1647.4989305020163 143.34837015918396 1813.518332411892 348.78121806311754],[1724.759033203125 310.2618713378906 1775.96630859375 346.7534484863281],0.39831408858299255,,0
0,1,1,[662.634521484375 45.40365982055664 934.8956909179688 191.09312438964844],[666.9195556640625 117.04351043701172 764.6734619140625 171.57618713378906],0.26452624797821045,,0
4,1,20,[385.3355712890625 100.35603332519531 668.4796142578125 353.0184631347656],[476.3301086425781 282.3438720703125 588.3992309570312 332.628662109375],0.5982853770256042,,0
0,1,6,[1132.5977783203125 26.891624450683594 1410.8271484375 242.06346130371094],[1179.780517578125 167.8975067138672 1231.986083984375 208.5750274658203],0.26439693570137024,,0
4,2,20,[385.97555254701797 100.15771504273201 668.3110824887419 352.2264170880055],[476.5161437988281 282.6089172363281 588.4166259765625 332.3402099609375],0.5935651063919067,,0
0,2,6,[1132.5743405920332 26.8855824052835 1410.905146145464 242.03954570925907],[1180.0994873046875 168.2035675048828 1231.89599609375 208.46351623535156],0.2615237236022949,,0
0,3,6,[1132.5613441731994 26.891104263043403 1410.9175636112373 242.03092448563007],[1180.1016845703125 168.204345703125 1231.895263671875 208.46200561523438],0.2614542841911316,,0
4,3,20,[386.04514824602677 100.1830229891799 668.2658837387722 352.16584892672137],[476.49755859375 282.55487060546875 588.4780883789062 332.36865234375],0.5940371155738831,,0
0,4,6,[1132.5549493663295 26.894919269361694 1410.925840740442 242.02777191941124],[1180.0982666015625 168.2021484375 1231.89697265625 208.46484375],0.26156294345855713,,0
4,4,20,[385.97616583812504 100.20886623150221 668.294478846007 352.2581822029177],[476.4793395996094 282.54742431640625 588.469482421875 332.372802734375],0.5946006774902344,,0
0,5,6,[1132.5489440922377 26.89748585416052 1410.9249368427434 242.0252856551149],[1180.0953369140625 168.20004272460938 1231.9031982421875 208.46951293945312],0.261361300945282,,0
4,5,20,[386.01265256907493 100.19980137907322 668.2689567943806 352.180651708856],[476.44366455078125 282.50347900390625 588.5034790039062 332.4347839355469],0.5949447751045227,,0
0,6,6,[1132.5498066664313 26.89968953584713 1410.9295240383449 242.02202494967793],[1180.0947265625 168.19949340820312 1231.9036865234375 208.46951293945312],0.26148420572280884,,0
4,6,20,[386.30983942031634 100.13524443939939 668.2885697357947 352.05363571368383],[476.357666015625 282.53814697265625 588.3806762695312 332.48748779296875],0.5963487029075623,,0
0,7,6,[1132.5462575561696 26.899936396341445 1410.9203490642303 242.01273714599273],[1180.0938720703125 168.1977996826172 1231.908447265625 208.47532653808594],0.26102158427238464,,0
0,8,6,[1132.5476276809484 26.903821577548328 1410.9164262908373 242.0053746406204],[1180.0894775390625 168.19459533691406 1231.913818359375 208.47962951660156],0.2608678340911865,,0
4,7,20,[386.5660626096872 100.0464135418688 668.4837678042079 352.05726299257805],[476.3865966796875 282.4863586425781 588.2721557617188 332.4347839355469],0.5974216461181641,,0
0,9,6,[1132.5514078168314 26.904464819997102 1410.920153302526 241.99810925505142],[1180.072265625 168.18426513671875 1231.921142578125 208.4896697998047],0.2612191140651703,,0
4,8,20,[386.49494862323036 99.76879526943442 668.4813035851682 351.87909627508026],[476.39373779296875 282.541015625 588.3092651367188 332.4237060546875],0.59648597240448,,0
0,10,6,[1132.549583412767 26.90592874293499 1410.9137452536481 241.99198572507464],[1180.07080078125 168.18017578125 1231.9228515625 208.49066162109375],0.26119130849838257,,0
4,9,20,[386.56371855453716 99.61028144043763 668.5072105328886 351.62346682882287],[476.15496826171875 282.6177062988281 588.2371215820312 332.8011779785156],0.5985539555549622,,0
0,11,6,[1132.5526692373544 26.909889892349284 1410.917727556771 241.99259371616893],[1180.077392578125 168.18722534179688 1231.91455078125 208.48040771484375],0.26149147748947144,,0
0,12,6,[1132.5517715462079 26.911469612304984 1410.9176110444314 241.99525289414203],[1180.07861328125 168.18772888183594 1231.9139404296875 208.4798126220703],0.26134049892425537,,0
4,10,20,[386.5752820884198 99.50461054952734 668.5156266540048 351.5120567035871],[476.1744689941406 282.6434326171875 588.2443237304688 332.7820129394531],0.599315881729126,,0
0,13,6,[1132.5508525581267 26.914286663528287 1410.9149862941995 241.9990687933199],[1180.0745849609375 168.180908203125 1231.928466796875 208.49020385742188],0.26080623269081116,,0
4,11,48,[387.0209902046689 98.96900978345116 668.4258091594744 352.48018694497756],[476.12530517578125 282.8180236816406 588.4345092773438 332.9247741699219],0.5955060720443726,,0
0,14,6,[1132.554197989603 26.915260363547517 1410.9240707200497 242.00363360295796],[1180.0665283203125 168.17161560058594 1231.9366455078125 208.49954223632812],0.2603404223918915,,0
4,12,48,[386.76346171159685 99.24029695834362 668.2631327211732 352.553090614863],[476.1558837890625 282.8587646484375 588.2942504882812 332.8812561035156],0.5934095978736877,,0
0,15,6,[1132.5546213177734 26.917473764749573 1410.9281596247567 242.00579895895078],[1180.052490234375 168.1560516357422 1231.9552001953125 208.50709533691406],0.2598876357078552,,0
4,13,48,[386.704036875212 99.36523736725108 668.2364029287073 352.433367029888],[476.2754821777344 283.1912536621094 588.3894653320312 332.9512634277344],0.5929713845252991,,0
0,16,6,[1132.5545931806987 26.919337165949315 1410.9279181421202 242.0049254905555],[1180.0521240234375 168.15513610839844 1231.9537353515625 208.50869750976562],0.2600746154785156,,0
0,17,6,[1132.5536961470632 26.920326542191333 1410.9245730498885 242.00199723606863],[1180.04833984375 168.1504669189453 1231.964599609375 208.51048278808594],0.2596904933452606,,0
4,14,48,[386.63998653485527 99.53553616844133 668.2574498967331 352.4396463562666],[476.31170654296875 283.195556640625 588.3270263671875 332.7245788574219],0.5918138027191162,,0
0,18,6,[1132.5523560942354 26.922931914936157 1410.920989513699 242.00320360286327],[1180.056884765625 168.1626434326172 1231.9537353515625 208.49656677246094],0.2601067125797272,,0
4,15,48,[386.56056968226886 99.69439919608463 668.4107860928264 352.61661388889195],[476.4858703613281 283.1411437988281 588.0944213867188 332.60552978515625],0.5909433364868164,,0
0,19,6,[1132.5492046745783 26.921823517608615 1410.9168985913605 241.99826638082095],[1180.0611572265625 168.17483520507812 1231.9422607421875 208.48316955566406],0.2609020471572876,,0
4,16,48,[386.4380383302728 99.82730449814181 668.6432271014505 352.8808602914103],[476.4668884277344 283.1117248535156 588.1395874023438 332.6311950683594],0.5923624634742737,,0
0,20,6,[1132.5500984253042 26.920131262615712 1410.916713207607 241.99430322668104],[1180.05078125 168.17202758789062 1231.946044921875 208.48846435546875],0.2612825930118561,,0
4,17,48,[386.31629455948865 99.89572853973198 668.7231511016178 352.9991952001334],[476.4920654296875 283.1611633300781 588.0985107421875 332.5983581542969],0.5931681990623474,,0
0,21,6,[1132.5484021058203 26.91890086487237 1410.9079021414002 241.98888266546388],[1180.0565185546875 168.18133544921875 1231.9356689453125 208.4807891845703],0.2617153227329254,,0
4,18,48,[386.15155997932686 99.85377898244492 668.6464974547524 352.75193850094246],[476.48675537109375 283.11749267578125 588.227783203125 332.63214111328125],0.5942252278327942,,0
0,22,6,[1132.5492110232915 26.91756605742404 1410.9026637779973 241.98531720592422],[1180.0518798828125 168.17674255371094 1231.9351806640625 208.4886932373047],0.26197242736816406,,0
4,19,48,[386.1350305240869 99.91477704265112 668.6179881759551 352.58175900202536],[476.5132141113281 283.0660705566406 588.1973876953125 332.5702819824219],0.5929709076881409,,0
0,23,6,[1132.5479331392858 26.918520983057377 1410.8940881977492 241.98349644712528],[1180.0528564453125 168.1790771484375 1231.9327392578125 208.49267578125],0.26157739758491516,,0
0,24,6,[1132.551680557323 26.91755394157596 1410.8995300344177 241.97918774643173],[1180.0552978515625 168.18470764160156 1231.927001953125 208.49400329589844],0.2616634666919708,,0
4,20,48,[386.13174224393106 99.98247931698253 668.5676750401865 352.405828875217],[476.4987487792969 283.05023193359375 588.2212524414062 332.6175231933594],0.5930095911026001,,0
0,25,6,[1132.5537123831639 26.917988711230933 1410.9052016748312 241.97658429305704],[1180.0546875 168.1878662109375 1231.925048828125 208.48416137695312],0.26222291588783264,,0
4,21,48,[386.10206182349555 100.0970321364595 668.6828511204009 352.5901639496607],[476.49078369140625 283.06378173828125 588.2025146484375 332.57293701171875],0.5927621126174927,,0
0,26,6,[1132.5548062902412 26.91701895051358 1410.9116135420322 241.97067479139093],[1180.05517578125 168.195556640625 1231.9090576171875 208.47381591796875],0.26311761140823364,,0
4,22,48,[386.1594297040142 100.13282429999705 668.7045312259149 352.5456535702107],[476.50213623046875 283.1068420410156 588.1519775390625 332.6815490722656],0.5908184051513672,,0
0,27,6,[1132.54590433407 26.918486443356585 1410.8937709159884 241.96400474983585],[1179.90380859375 168.06216430664062 1231.9613037109375 208.57205200195312],0.2684289216995239,,0
0,28,6,[1132.5470659225937 26.918290133550684 1410.8958139138597 241.95854002765202],[1179.9063720703125 168.0604248046875 1231.968017578125 208.58294677734375],0.2677117586135864,,0
4,23,48,[386.2260584836273 100.12659289169139 668.7566911654491 352.4786210477846],[476.5117492675781 283.0955810546875 588.1732788085938 332.7091064453125],0.5902047753334045,,0
0,29,6,[1132.5469476366534 26.915676190064318 1410.892191768247 241.95021329609264],[1179.91015625 168.06639099121094 1231.9661865234375 208.5877227783203],0.2669242024421692,,0
4,24,48,[386.2876638300112 100.17454583776357 668.7227091564677 352.2827431604293],[476.4927978515625 283.0657958984375 588.1796264648438 332.6961669921875],0.5889953374862671,,0
0,30,6,[1132.54840586786 26.917905640946415 1410.8934429904286 241.94930643125167],[1179.9232177734375 168.0651397705078 1231.9716796875 208.5839080810547],0.26620617508888245,,0
0,31,6,[1132.5446441191343 26.91602588332681 1410.8893604525106 241.944798755041],[1179.92626953125 168.06451416015625 1231.968505859375 208.5841064453125],0.26587721705436707,,0
4,25,48,[386.37953417218546 100.26081000215783 668.602152449329 352.1016148018559],[476.4609375 283.06927490234375 588.1666259765625 332.7109069824219],0.5889157056808472,,0
0,1,3,[1131.0733642578125 26.661827087402344 1409.52880859375 242.0638427734375],[1177.379150390625 165.0172576904297 1232.87109375 207.5138397216797],0.2515582740306854,,0
3,1,12,[1.332550048828125 615.0732421875 706.0209350585938 1067.796142578125],[580.56005859375 917.9091796875 678.5101318359375 976.4022216796875],0.5914377570152283,,0
4,1,32,[386.1431884765625 100.14921569824219 666.1693725585938 353.1354675292969],[477.0910949707031 282.1449279785156 586.262939453125 331.6169128417969],0.5936366319656372,,0
0,2,3,[1131.073288853629 26.66252516836613 1409.5270531261322 242.06349560956897],[1177.3790283203125 165.01817321777344 1232.8687744140625 207.5126495361328],0.25175368785858154,,0
3,2,12,[1.5308557103662679 615.2759980093183 704.3176832907571 1066.2463533428872],[576.8782348632812 917.0420532226562 674.9288330078125 980.0226440429688],0.562393844127655,,0
4,2,32,[386.44082139322904 100.90137659740947 665.5593318835322 352.30084111273726],[477.478271484375 282.1318359375 586.3853759765625 332.1266784667969],0.6043972969055176,,0
0,3,3,[1131.0736381573784 26.662181004938915 1409.5283193286832 242.06353731471353],[1177.3787841796875 165.01817321777344 1232.867431640625 207.5122833251953],0.2518431544303894,,0
3,3,12,[1.8181784692795304 615.8124147376425 703.2739603997504 1065.282865398823],[578.7369995117188 916.9557495117188 672.8981323242188 977.732666015625],0.5245425701141357,,0
4,3,32,[386.41829717246907 101.02185594117113 665.5181684474746 352.04994956161903],[477.48541259765625 282.156005859375 586.3859252929688 332.1295166015625],0.6041914224624634,,0
0,4,3,[1131.0734400771248 26.662054174716303 1409.5282277017855 242.06344692493192],[1177.3787841796875 165.01821899414062 1232.867431640625 207.5123291015625],0.2518378496170044,,0
3,4,12,[0.7872101750403431 616.4019295921272 699.5976204701121 1064.0384143425977],[574.3831787109375 915.421142578125 667.9308471679688 977.3199462890625],0.4518446922302246,,0
4,4,32,[386.35110963217573 101.12645500088406 665.6351623735867 352.24993038430614],[477.44415283203125 282.1370849609375 586.4300537109375 332.0284423828125],0.6031787991523743,,0
4,5,32,[386.1014815299337 100.99012841389646 665.5385797800601 351.9957703354284],[477.52728271484375 282.314208984375 586.4248657226562 331.9499816894531],0.6010681986808777,,0
3,8,12,[-0.24470875916915702 607.6641232056761 693.9207536605254 1061.009254059623],[571.957275390625 911.406005859375 668.2676391601562 971.556884765625],0.4325747787952423,,0
4,6,32,[386.2420791521446 100.5291370399854 665.6466867657094 351.6190222819289],[477.4768981933594 282.2851867675781 586.5817260742188 332.0880432128906],0.6047171950340271,,0
4,7,32,[386.3616072028336 100.28448828000667 665.4865705321171 351.1472789422033],[477.5838317871094 282.36273193359375 586.5521850585938 331.9974060058594],0.6048008799552917,,0
3,10,12,[0.1942525613482644 607.8007658855172 690.6187913062749 1058.89121154051],[568.3672485351562 910.6402587890625 654.2962646484375 969.9093017578125],0.34929707646369934,,0
4,8,32,[386.46196653622417 100.20921205196068 665.4440530704884 350.90307300616263],[477.6700744628906 282.39642333984375 586.4425659179688 331.8245544433594],0.6030578017234802,,0
3,11,12,[0.498411972777717 607.9987907335841 690.1121999194374 1057.9942778040647],[567.7313232421875 909.1463012695312 652.9539184570312 969.2384033203125],0.3483792245388031,,0
4,9,32,[386.5234241524913 100.25996141767705 665.4648014576962 350.7889180174027],[477.73919677734375 282.4880065917969 586.4542236328125 331.7404479980469],0.602059543132782,,0
3,12,12,[-0.3882660934419846 603.4233750812278 687.6355667741398 1056.1026706553141],[568.3392944335938 902.3168334960938 660.0333862304688 965.2739868164062],0.33130204677581787,,0
4,10,32,[386.5611880657233 100.23363087068147 665.4181812069115 350.6502731965688],[477.7142028808594 282.49029541015625 586.6005859375 331.76416015625],0.6025760173797607,,0
3,14,12,[-0.8692718517625053 590.2921225197651 685.3583108837341 1048.9076554074954],[569.76123046875 901.7940673828125 661.15234375 962.6385498046875],0.38227903842926025,,0
4,11,32,[386.68379292267304 100.21215400446974 665.4702135000607 350.5760645127484],[477.7174072265625 282.4420166015625 586.6378784179688 331.7669677734375],0.6036181449890137,,0
3,15,12,[-1.0185353114614486 585.1662808733087 684.6947228904965 1048.221874625811],[569.41064453125 902.7141723632812 658.1045532226562 956.5376586914062],0.40039852261543274,,0
4,12,32,[386.7501354876121 100.1792699839359 665.5157163981637 350.4766373933319],[477.7143859863281 282.4554748535156 586.7022094726562 331.8505554199219],0.6046113967895508,,0
3,16,12,[-1.0366901151663228 589.2708143874952 682.0627037574791 1050.569448129814],[571.4124755859375 899.9443359375 659.890869140625 956.4781494140625],0.46547242999076843,,0
4,13,32,[386.7560033037405 100.21566449177254 665.5656498342264 350.5497461484776],[477.7349853515625 282.4378967285156 586.722900390625 331.8664855957031],0.6057059168815613,,0
3,17,12,[-1.3909943159150657 578.5237496209566 681.1044584614312 1046.3087838938989],[563.8930053710938 898.503662109375 654.9068603515625 954.0236206054688],0.4753325581550598,,0
4,14,32,[386.7404048971036 100.16422867408681 665.6021287259291 350.52807151280746],[477.6513366699219 282.40521240234375 586.757568359375 331.99212646484375],0.6063489317893982,,0
3,18,12,[-2.1224430105303327 566.1356490941714 679.1716503573581 1041.745854135041],[565.9810180664062 898.3273315429688 652.8098754882812 952.7437133789062],0.3897019028663635,,0
4,15,32,[386.68093790851134 100.18455958969183 665.5928716440469 350.54815764763225],[477.67071533203125 282.4219970703125 586.9019165039062 331.9996337890625],0.6058222651481628,,0
3,19,12,[-2.48401105416184 559.4385742526092 677.1478356888817 1041.0998818562314],[563.4672241210938 895.4236450195312 650.0219116210938 953.4182739257812],0.34002017974853516,,0
0,1,5,[1659.4288330078125 114.61221313476562 1854.0128173828125 348.5285339355469],[1722.1029052734375 219.83505249023438 1782.5291748046875 274.4486389160156],0.3745998740196228,,0
0,1,2,[1132.7139892578125 29.65276336669922 1379.078369140625 237.30941772460938],[1177.4276123046875 169.82867431640625 1231.0423583984375 211.12472534179688],0.3142031133174896,,0
0,2,5,[1659.3393717990534 114.501045544095 1854.108869730057 348.72868189577014],[1721.87548828125 219.77755737304688 1782.533935546875 274.5442199707031],0.38597795367240906,,0
0,2,2,[1132.6791218141761 29.624105174728598 1379.119949780867 237.24182546024895],[1177.7772216796875 170.18133544921875 1230.5350341796875 211.11135864257812],0.3093003034591675,,0
0,3,5,[1659.327227617655 114.47198573838057 1854.1207126551149 348.75845690388786],[1721.87548828125 219.77752685546875 1782.533935546875 274.54412841796875],0.3859797716140747,,0
0,3,2,[1132.6690089647982 29.63534079734019 1379.1268963903135 237.22996358714454],[1177.77880859375 170.18174743652344 1230.5347900390625 211.11163330078125],0.30916544795036316,,0
0,4,5,[1659.3254542494303 114.46351994140117 1854.1216522695688 348.774584263052],[1721.87548828125 219.77755737304688 1782.533935546875 274.5442199707031],0.3859797716140747,,0
0,4,2,[1132.6640358575019 29.637780272872178 1379.134661221431 237.22413917855278],[1177.771484375 170.17776489257812 1230.5394287109375 211.1129150390625],0.30940911173820496,,0
0,5,5,[1659.3041485045442 114.44174540788475 1854.1154494137018 348.79989224316887],[1721.8743896484375 219.77732849121094 1782.5343017578125 274.5449523925781],0.3859688937664032,,0
0,5,2,[1132.6669038303928 29.655073401109277 1379.1275872410718 237.21482937504055],[1177.7568359375 170.15267944335938 1230.5911865234375 211.13626098632812],0.3081706166267395,,0
0,6,5,[1659.2973247009306 114.44184283052647 1854.110009521614 348.8204064366575],[1721.8743896484375 219.77732849121094 1782.5343017578125 274.54498291015625],0.38596802949905396,,0
0,6,2,[1132.6671600135248 29.673919376433275 1379.1236835583852 237.21491811168772],[1177.7608642578125 170.15391540527344 1230.5849609375 211.13511657714844],0.30808815360069275,,0
0,7,5,[1659.3017698368863 114.4402456226977 1854.1077061445203 348.82073269138215],[1721.8743896484375 219.77732849121094 1782.5343017578125 274.54498291015625],0.3859657347202301,,0
0,7,2,[1132.6665595559466 29.68218112525662 1379.1219926650188 237.21086830961778],[1177.759033203125 170.15309143066406 1230.588623046875 211.1356658935547],0.3080064356327057,,0
0,8,5,[1659.3042399966769 114.44073683747428 1854.105332166803 348.82201831055494],[1721.8743896484375 219.77732849121094 1782.5343017578125 274.5450744628906],0.3859630525112152,,0
0,8,2,[1132.666339554199 29.68856367243889 1379.1216651615127 237.210042669799],[1177.754150390625 170.14956665039062 1230.5841064453125 211.13580322265625],0.3083401024341583,,0
0,9,5,[1659.3102583698324 114.44041899718903 1854.1032782679804 348.8152244772748],[1721.874755859375 219.77737426757812 1782.5343017578125 274.5447082519531],0.3859627842903137,,0
0,9,2,[1133.1223775160706 29.865920535928993 1379.4094459873418 237.31706025583065],[1177.7607421875 170.15377807617188 1230.5810546875 211.13516235351562],0.3080558478832245,,0
0,10,5,[1659.3073533923412 114.43863364709614 1854.0999321185286 348.8155840579225],[1721.874755859375 219.77737426757812 1782.5343017578125 274.544677734375],0.3859671354293823,,0
0,10,2,[1132.8630399050776 29.76565141894224 1379.2026295945643 237.23746251489462],[1177.770263671875 170.1584930419922 1230.580810546875 211.1359405517578],0.30751264095306396,,0
0,11,5,[1659.3087441387768 114.43608931850376 1854.0997932915968 348.81697416782055],[1721.8743896484375 219.77732849121094 1782.5343017578125 274.5447998046875],0.3859671354293823,,0
0,11,2,[1132.7566849594214 29.723694466176283 1379.1320102655104 237.20921784217674],[1177.7659912109375 170.1565399169922 1230.5816650390625 211.13485717773438],0.3079126477241516,,0
0,12,5,[1659.3072690119252 114.4264868726607 1854.099550591715 348.8110430132535],[1721.874755859375 219.77737426757812 1782.5343017578125 274.54449462890625],0.38596823811531067,,0
0,12,2,[1132.710756565317 29.702149754141317 1379.1105763374023 237.19797619366022],[1177.7786865234375 170.1635284423828 1230.5794677734375 211.13621520996094],0.30705395340919495,,0
0,13,5,[1659.3069844717488 114.42669396049709 1854.099750492118 348.81485022172205],[1721.874755859375 219.77737426757812 1782.5343017578125 274.54449462890625],0.38596686720848083,,0
0,13,2,[1133.12567428154 29.855783607486018 1379.395133819798 237.30961110249703],[1177.77880859375 170.16311645507812 1230.5797119140625 211.13644409179688],0.3071122169494629,,0
0,14,5,[1659.3053417166184 114.42266351057958 1854.0985841957922 348.8134691542276],[1721.8751220703125 219.7774200439453 1782.5343017578125 274.54412841796875],0.38597163558006287,,0
0,14,2,[1132.8694119906181 29.756605806561822 1379.1951058871596 237.23272664916522],[1177.78759765625 170.1690673828125 1230.5775146484375 211.13424682617188],0.3068017065525055,,0
0,15,5,[1659.3038041334116 114.41926006523101 1854.0982985803812 348.81138223166613],[1721.8751220703125 219.7774200439453 1782.5343017578125 274.5441589355469],0.3859698176383972,,0
0,15,2,[1132.7628110993903 29.713717609420883 1379.1285831629114 237.20570437052157],[1177.781982421875 170.16590881347656 1230.580078125 211.13539123535156],0.30702048540115356,,0
2,1,45,[1131.64111328125 72.87620544433594 1411.0146484375 371.1614990234375],[1222.6868896484375 329.96270751953125 1272.228271484375 369.0498962402344],0.337504118680954,,0
4,1,28,[368.73358154296875 99.39954376220703 662.1383056640625 378.7576904296875],[465.40869140625 287.1422424316406 586.552001953125 336.1480712890625],0.606947660446167,,0
0,16,5,[1659.3055779709935 114.42997989955501 1854.097078634632 348.82146935944945],[1721.875244140625 219.7775115966797 1782.5340576171875 274.54388427734375],0.38597071170806885,,0
0,16,2,[1132.716546811976 29.706229619863606 1379.111209803838 237.2055334313681],[1177.7861328125 170.1689453125 1230.5787353515625 211.134765625],0.30700862407684326,,0
2,2,45,[1131.1690283165913 71.24744268113093 1412.1113048027087 371.7594046760761],[1222.5633544921875 329.437255859375 1272.8111572265625 368.99774169921875],0.3617132306098938,,0
0,17,5,[1659.3051067407105 114.42749670327899 1854.0952927643234 348.8217109974116],[1721.875244140625 219.7774658203125 1782.5340576171875 274.5440368652344],0.38597002625465393,,0
4,2,28,[377.77860868179494 100.19117664185464 663.1410114282479 376.4628050001578],[464.1263122558594 286.9658203125 585.9002075195312 336.5502014160156],0.6032799482345581,,0
2,2,48,[1645.097086207581 14.114238759495663 1919.1356860160436 417.15370873122544],[1742.5374755859375 347.3055725097656 1832.126220703125 394.31781005859375],0.2929576635360718,,0
0,17,2,[1133.1222975308208 29.85809610153032 1379.3958958536325 237.3204741035498],[1177.776611328125 170.16403198242188 1230.5802001953125 211.1344757080078],0.3075188398361206,,0
4,3,28,[378.99075302453866 100.175627728785 662.5551689289598 376.3593449258223],[464.17822265625 286.89019775390625 585.8252563476562 336.5769958496094],0.6058917045593262,,0
0,18,5,[1659.309268232611 114.43292516994123 1854.094702898126 348.8242690636812],[1721.875244140625 219.7775115966797 1782.5340576171875 274.5439758300781],0.3859691619873047,,0
2,3,45,[1130.8937674473796 70.76094198360855 1412.0331828033022 371.77928813181825],[1221.315673828125 329.1676330566406 1272.588134765625 369.1261901855469],0.3640470802783966,,0
0,18,2,[1133.296025481872 29.921356100085532 1379.483217274604 237.35911299236176],[1177.77294921875 170.16148376464844 1230.5802001953125 211.1351318359375],0.30775994062423706,,0
2,3,48,[1644.7856496621205 13.728431754457233 1918.959816409125 418.8103906308711],[1742.75537109375 347.1356506347656 1832.2130126953125 394.25701904296875],0.2697238326072693,,0
4,4,28,[379.1952110207957 100.04146554253296 662.1894616905112 376.5258354034821],[464.1858215332031 286.89862060546875 585.79248046875 336.57257080078125],0.6058915257453918,,0
0,19,5,[1659.312602247292 114.43421662847227 1854.095125778511 348.8234832178489],[1721.875244140625 219.77748107910156 1782.5340576171875 274.54400634765625],0.3859686851501465,,0
0,19,2,[1133.374412231557 29.948312246588927 1379.4999093699112 237.36893054969218],[1177.7725830078125 170.16114807128906 1230.5819091796875 211.1356658935547],0.30772826075553894,,0
2,4,45,[1130.9459205019577 70.60845868384226 1412.1455248385362 371.80018319894907],[1219.7274169921875 328.90155029296875 1272.857177734375 369.2486572265625],0.37662917375564575,,0
0,20,5,[1659.3162177673648 114.43289490343365 1854.0970754603773 348.81940344477175],[1721.8751220703125 219.77743530273438 1782.5343017578125 274.544189453125],0.3859761357307434,,0
4,5,28,[379.5096878358845 99.9305555024257 662.056974353723 376.59740149227605],[464.1856384277344 286.89581298828125 585.8082885742188 336.5726013183594],0.6059106588363647,,0
2,4,48,[1644.6449086500138 13.400719981095193 1918.8354924000546 419.1866054700321],[1742.443359375 347.0386047363281 1832.02734375 394.2673645019531],0.286134272813797,,0
0,20,2,[1133.4117796028295 29.961075061201825 1379.492805513311 237.36974409810676],[1177.7706298828125 170.15863037109375 1230.5811767578125 211.1366729736328],0.30780261754989624,,0
2,1,13,[1131.0963134765625 70.38734436035156 1410.26953125 372.8564758300781],[1215.6842041015625 327.8607177734375 1270.315185546875 369.33721923828125],0.34569069743156433,,0
0,1,4,[1132.88623046875 29.686729431152344 1379.17041015625 237.8737030029297],[1176.6016845703125 170.28114318847656 1229.47998046875 211.89488220214844],0.3251563310623169,,0
0,1,7,[1659.67822265625 114.39366149902344 1853.939208984375 350.2532043457031],[1722.7376708984375 219.63272094726562 1783.07861328125 276.16552734375],0.28591176867485046,,0
4,1,28,[385.8636779785156 100.4241943359375 662.1323852539062 372.216552734375],[466.6317443847656 288.4214172363281 570.0068359375 335.4410705566406],0.5998955965042114,,0
1,56,50,[1428.3526104812624 240.969056815252 1898.2416011082435 676.9963712628703],[1523.49169921875 496.4270324707031 1642.7655029296875 584.1350708007812],0.537140965461731,,0
0,2,4,[1132.8861621847077 29.68688996229406 1379.1704784402923 237.87377895939568],[1176.601806640625 170.28131103515625 1229.479736328125 211.894775390625],0.32516980171203613,,0
2,2,13,[1130.9080692780785 70.61899834915442 1410.3846626345444 373.1816357279048],[1215.514892578125 327.55224609375 1270.55859375 369.03955078125],0.35261422395706177,,0
0,2,7,[1659.678309250697 114.39398316780095 1853.939122389928 350.2528521623956],[1722.7379150390625 219.63272094726562 1783.0784912109375 276.16552734375],0.28591060638427734,,0
0,3,4,[1132.8820764859283 29.676985721230494 1379.1811126866023 237.88391253681579],[1176.5950927734375 170.27288818359375 1229.47412109375 211.90328979492188],0.3254880905151367,,0
2,3,13,[1130.9609749383878 70.41645824453369 1410.385240393153 373.0627775542746],[1216.3858642578125 327.5127868652344 1270.6634521484375 369.0343322753906],0.35795408487319946,,0
4,2,28,[383.88104397368875 98.8457840093754 662.7001215305381 373.8541154773904],[466.2516174316406 288.54998779296875 569.5558471679688 335.2615661621094],0.5966603755950928,,0
0,3,7,[1659.7065726513572 114.417142140186 1853.9418784249385 350.2404045874021],[1722.734619140625 219.63262939453125 1783.078857421875 276.1656188964844],0.28598693013191223,,0
1,57,50,[1428.5849201833691 240.94452244232312 1898.9734494712282 677.1547899619115],[1523.33447265625 496.33465576171875 1642.8035888671875 584.2153930664062],0.5377668738365173,,0
2,4,13,[1130.811104883666 70.46592110248153 1410.0170392512243 372.3504478455785],[1216.7513427734375 327.7312316894531 1270.8106689453125 368.9861755371094],0.3582732379436493,,0
4,3,28,[383.81555897040965 99.65310224088566 662.0960921406268 373.07297008743865],[466.1133728027344 288.16778564453125 569.5203247070312 335.484375],0.6003444194793701,,0
0,4,4,[1132.8810690550222 29.673421164063882 1379.1836942058553 237.88737627878965],[1176.5943603515625 170.27281188964844 1229.47412109375 211.90330505371094],0.3255097568035126,,0
1,58,50,[1428.6800884197787 240.89447544797846 1899.514861706532 677.1542175036086],[1523.3316650390625 496.2451477050781 1642.760009765625 584.1651611328125],0.5440106391906738,,0
2,5,13,[1130.8150960502744 70.44972853123295 1409.9958172903866 372.0784050673373],[1215.80029296875 327.4993591308594 1270.990478515625 368.9178161621094],0.3549318313598633,,0
0,4,7,[1659.7135320175669 114.42428750931961 1853.9410364616076 350.2359982893619],[1722.734619140625 219.63262939453125 1783.078857421875 276.16571044921875],0.2859867215156555,,0
4,4,28,[382.1979370709337 99.3586480322065 661.9884914597844 373.0442075123018],[466.0701904296875 288.1471862792969 570.03125 335.54449462890625],0.6022571325302124,,0
1,59,50,[1429.2405014778847 241.31026426767204 1900.0862862690315 676.8960073818757],[1523.65478515625 496.05230712890625 1642.6715087890625 584.1066284179688],0.5477598309516907,,0
0,5,4,[1132.880813318583 29.671846280280363 1379.1841675038677 237.88882844770848],[1176.5943603515625 170.27279663085938 1229.4742431640625 211.90333557128906],0.3255098760128021,,0
2,6,13,[1131.0934514965936 70.66939426605339 1410.328807988559 372.52794722754084],[1217.69384765625 328.0293273925781 1270.9368896484375 369.0010070800781],0.33276721835136414,,0
0,5,7,[1659.7137988788877 114.42762352016454 1853.9408894163425 350.2401559533732],[1722.734619140625 219.6326446533203 1783.078857421875 276.1660461425781],0.2859945297241211,,0
4,5,28,[383.34523327192824 98.72388567761126 662.6613934312554 372.07847629069636],[466.0473937988281 288.0778503417969 569.6456909179688 335.5482177734375],0.601834237575531,,0
2,7,13,[1131.0064528179373 70.68118762726323 1410.1841865361284 372.3218295941454],[1218.1680908203125 328.5877380371094 1270.9383544921875 368.9271545410156],0.33949413895606995,,0
0,6,4,[1132.8809600738973 29.6711510226542 1379.1839464141867 237.8894785796694],[1176.5943603515625 170.2727508544922 1229.4742431640625 211.90333557128906],0.3255096673965454,,0
4,6,28,[382.6111777044126 98.32615067505742 662.5764062888803 372.4218034255712],[466.004150390625 287.9945983886719 570.1453857421875 335.6357116699219],0.6054596304893494,,0
0,6,7,[1659.7134066209667 114.42800178543025 1853.9406833189898 350.24163954520435],[1722.734619140625 219.6326446533203 1783.078857421875 276.1660461425781],0.2859945297241211,,0
1,60,50,[1429.294716705021 241.56083871323528 1899.9076726697108 676.6369598882616],[1523.4598388671875 495.8424987792969 1642.7171630859375 584.1967163085938],0.5484486818313599,,0
2,8,13,[1131.1545013621196 70.91573607916376 1410.2104036573526 372.295664853756],[1216.5662841796875 327.7590026855469 1271.00537109375 369.1025695800781],0.3544064462184906,,0
0,7,4,[1132.8811763823037 29.6711956124569 1379.1835197605687 237.88998046542795],[1176.5941162109375 170.27276611328125 1229.4742431640625 211.90335083007812],0.3255150020122528,,0
4,7,28,[382.40301933915 99.4676727148406 662.5253122370311 373.33128042949625],[465.9759521484375 287.9013671875 570.6954345703125 335.73834228515625],0.6064320206642151,,0
0,7,7,[1659.7125571742808 114.42780447124045 1853.940552952558 350.2427955702096],[1722.734619140625 219.63267517089844 1783.078857421875 276.166015625],0.28599393367767334,,0
2,9,13,[1131.1636773084629 71.0336903948828 1410.2176760345205 372.32309162201295],[1219.72705078125 328.2177429199219 1271.0775146484375 368.8699035644531],0.3523247241973877,,0
1,61,50,[1428.8875351801305 241.80697638941487 1898.2989591775624 676.2290691862731],[1523.326904296875 495.51544189453125 1642.7567138671875 584.338623046875],0.54234379529953,,0
0,8,4,[1132.8813280493289 29.671177802904623 1379.183054259542 237.88999675478115],[1176.593994140625 170.2726593017578 1229.4744873046875 211.90342712402344],0.32552096247673035,,0
2,10,13,[1131.3643566073383 71.37155967528162 1410.2481124336005 372.21310691703144],[1220.2677001953125 328.26263427734375 1271.3038330078125 368.8587646484375],0.35399436950683594,,0
0,8,7,[1659.712496640258 114.4276844654458 1853.9405622553986 350.2428865608452],[1722.734619140625 219.6326446533203 1783.078857421875 276.1660461425781],0.28599444031715393,,0
4,8,28,[383.2880280030893 100.2728151017917 662.8358185497007 373.6516740416148],[465.9931640625 287.7881774902344 569.3159790039062 335.69049072265625],0.6011672019958496,,0
1,62,50,[1428.8376552101947 242.02649506976385 1897.4049252866591 676.0650411380901],[1523.5689697265625 495.8412780761719 1642.68310546875 584.1760864257812],0.5406411290168762,,0
2,11,13,[1131.396000776323 71.40699366228034 1410.193159597592 371.91964244081055],[1219.6885986328125 328.04547119140625 1271.3883056640625 368.95654296875],0.3510255515575409,,0
0,9,4,[1132.8814356037649 29.671554734122296 1379.1822807144383 237.8900857302488],[1176.593994140625 170.2726593017578 1229.4744873046875 211.90342712402344],0.32552558183670044,,0
0,9,7,[1659.7116406171729 114.42733291731261 1853.940422369796 350.24348952969603],[1722.734619140625 219.6326446533203 1783.078857421875 276.1660461425781],0.28599435091018677,,0
4,9,28,[385.1383574962035 97.44450233794353 663.4912923441682 370.21391867569093],[466.1338195800781 288.3583679199219 569.867431640625 335.35504150390625],0.5958568453788757,,0
2,12,13,[1131.5736044494117 71.25539702102998 1410.2642916029597 371.62727479352725],[1217.6937255859375 327.6021423339844 1271.2822265625 369.2773132324219],0.3605066239833832,,0
1,63,50,[1428.5714033088416 241.72274351633547 1896.9778480703612 676.113686942211],[1523.5712890625 495.8162841796875 1642.68212890625 584.1295166015625],0.5484609603881836,,0
0,10,4,[1132.8816841195019 29.67197792677939 1379.181669664318 237.89013328089317],[1176.5941162109375 170.272705078125 1229.4742431640625 211.90338134765625],0.32552558183670044,,0
0,10,7,[1659.7105617682166 114.4266515600492 1853.9404679451357 350.2438228252793],[1722.734619140625 219.6326446533203 1783.078857421875 276.1660461425781],0.28599435091018677,,0
2,13,13,[1131.6884284573928 71.42593910033241 1410.2718146965356 371.7726972796718],[1219.3367919921875 327.9881591796875 1271.6243896484375 369.2398986816406],0.36047056317329407,,0
4,10,28,[386.0836187192108 96.59071105168465 663.4778622966983 368.39208270356556],[466.1549377441406 288.0618896484375 568.0966796875 335.3757629394531],0.5923734903335571,,0
1,64,50,[1428.4965725649863 241.48016235601793 1896.7163677007793 676.0942800885557],[1523.724365234375 495.8692932128906 1642.67041015625 584.1453247070312],0.5414711236953735,,0
2,14,13,[1131.9950436718057 71.51565310754128 1410.410684256757 371.6642209677765],[1220.4434814453125 328.4620666503906 1271.8133544921875 369.3072509765625],0.37850889563560486,,0
0,11,4,[1132.8820215298133 29.672179932217034 1379.1813370034238 237.89005712937734],[1176.5941162109375 170.27272033691406 1229.4742431640625 211.9033966064453],0.3255245089530945,,0
4,11,28,[386.7190023572276 96.80566455801312 663.3335711097599 367.72268786370313],[466.1538391113281 288.11224365234375 568.385009765625 335.36993408203125],0.5949652791023254,,0
0,11,7,[1659.7100569652057 114.42617537132514 1853.940705046124 350.2441087559552],[1722.734619140625 219.63267517089844 1783.078857421875 276.166015625],0.28599435091018677,,0
2,15,13,[1132.0632529785482 71.55840604024914 1410.482464727773 371.6758412943291],[1221.1077880859375 328.8651123046875 1271.52880859375 369.62255859375],0.3738340735435486,,0
4,12,28,[384.55701735578316 98.9173869731404 662.1217191260208 370.0865595952547],[466.33172607421875 288.2082824707031 566.7009887695312 335.2707824707031],0.5894052982330322,,0
0,12,4,[1132.8822807013032 29.67231946942404 1379.1810599413354 237.88997192868277],[1176.5943603515625 170.27285766601562 1229.47412109375 211.90330505371094],0.3255236744880676,,0
1,65,50,[1428.5539483067698 241.69527303167374 1895.5667779931994 675.659878053604],[1523.5250244140625 495.577880859375 1642.7025146484375 584.2239990234375],0.5451629757881165,,0
2,16,13,[1132.2344979735815 71.13746874334416 1411.1414624362376 371.9411666658875],[1222.1063232421875 328.9466857910156 1271.783935546875 369.7167663574219],0.37800469994544983,,0
0,12,7,[1659.709655763422 114.42579373580499 1853.9409021249119 350.24436902324805],[1722.734619140625 219.63267517089844 1783.078857421875 276.166015625],0.28599435091018677,,0
2,17,13,[1132.1218591117768 70.69240388477746 1411.3274027911802 371.89208600612767],[1220.1053466796875 328.3568115234375 1271.2652587890625 369.7365417480469],0.36694809794425964,,0
4,13,28,[385.84951749916513 97.00117295737374 662.8421835579484 367.0826694224184],[466.2719421386719 288.0869140625 567.5599975585938 335.2903137207031],0.5918301343917847,,0
0,13,4,[1132.8822302595863 29.673080690075423 1379.1801942680813 237.89035032903706],[1176.5943603515625 170.27297973632812 1229.47412109375 211.90328979492188],0.32553163170814514,,0
0,13,7,[1659.7082572086686 114.42543700105979 1853.9408390967903 350.2458121106461],[1722.734619140625 219.6326446533203 1783.078857421875 276.1660461425781],0.28599414229393005,,0
1,66,50,[1429.2935395459733 241.98648944074608 1896.4825738079664 675.7640166455344],[1523.928955078125 496.1236267089844 1642.6314697265625 584.1202392578125],0.5400851368904114,,0
2,18,13,[1132.3136654211958 70.52289081617471 1411.4155669162446 371.86996561479975],[1219.8223876953125 328.6679992675781 1271.271728515625 369.7707824707031],0.3608923554420471,,0
0,14,4,[1132.882446916545 29.67327737151247 1379.1797832705995 237.8902192559579],[1176.5947265625 170.2730712890625 1229.47412109375 211.9032440185547],0.32553038001060486,,0
4,14,28,[384.2382569993357 99.72216030875768 662.0376582209034 370.1680190952756],[466.190673828125 288.0165710449219 566.9904174804688 335.39044189453125],0.5900061130523682,,0
2,19,13,[1132.4958539988354 70.15043971442486 1411.5936681991718 371.68665593429],[1220.6334228515625 329.27801513671875 1271.19384765625 370.0122985839844],0.3444005846977234,,0
0,14,7,[1659.7081507155249 114.42504442017855 1853.9411355505536 350.24570711870865],[1722.734619140625 219.6326446533203 1783.078857421875 276.1660461425781],0.285993754863739,,0
1,67,50,[1429.3829565993983 242.1058898826329 1896.4678980960143 675.6927502054027],[1523.570068359375 495.8191223144531 1642.63916015625 584.1427612304688],0.5427813529968262,,0
2,20,13,[1132.6256313921142 70.20638053364948 1411.6090668504946 371.7091622794885],[1219.69775390625 329.50830078125 1271.1610107421875 370.04876708984375],0.3622889816761017,,0
2,21,13,[1132.4938450645998 70.261365225785 1411.514625482909 371.625557755409],[1216.10546875 328.99798583984375 1270.9210205078125 369.9134521484375],0.3685126304626465,,0
0,15,4,[1132.88249103112 29.673466470820344 1379.1794161910193 237.88990863064583],[1176.59326171875 170.2723846435547 1229.474853515625 211.903564453125],0.3255513310432434,,0
0,15,7,[1659.7081230594472 114.42520499461034 1853.9411775079825 350.24572377699894],[1722.734619140625 219.63262939453125 1783.078857421875 276.16607666015625],0.285993367433548,,0
4,15,28,[384.6307023957362 100.14637453288265 662.406708101868 370.63776035195156],[466.13043212890625 288.3050537109375 568.7132568359375 335.30950927734375],0.5939722657203674,,0
2,22,13,[1131.9878005165365 70.36105711906978 1411.3148260653497 371.6390871226515],[1216.4718017578125 329.17724609375 1270.906982421875 369.7373962402344],0.3677253723144531,,0
1,68,50,[1429.422180205652 242.12545836304292 1896.4278172898773 675.5904942876628],[1523.7679443359375 496.2183837890625 1642.6220703125 584.141845703125],0.5405383110046387,,0
0,16,4,[1132.8829003240812 29.673200074218343 1379.1790401697622 237.88912978387827],[1176.593505859375 170.27252197265625 1229.4744873046875 211.90347290039062],0.3255578279495239,,0
0,16,7,[1659.7082718300946 114.42410441358139 1853.9417080382393 350.2440648959772],[1722.734619140625 219.63262939453125 1783.078857421875 276.16607666015625],0.2859935462474823,,0
2,23,13,[1131.6623825349177 70.60501119871498 1411.2219367752266 371.6565498828534],[1216.1444091796875 328.5087585449219 1270.6470947265625 369.3336181640625],0.3822031319141388,,0
4,16,28,[384.2358817262608 100.71124693849094 662.3454905943155 370.7737140659346],[465.82470703125 287.8165588378906 569.3292846679688 335.6624450683594],0.5983098745346069,,0
1,69,50,[1429.5522941499144 242.12747821310913 1896.5806235860641 675.5345372458028],[1523.6722412109375 496.0342712402344 1642.6505126953125 584.0821533203125],0.544305682182312,,0
0,17,4,[1132.8834721688256 29.672856917074924 1379.1791188895288 237.8885605470973],[1176.5943603515625 170.2734832763672 1229.474853515625 211.9035186767578],0.3255411684513092,,0
2,24,13,[1131.5455426272852 70.86547665445826 1411.1573896559526 371.7799209229029],[1217.0531005859375 328.1884460449219 1270.8033447265625 368.8326416015625],0.3909035623073578,,0
0,17,7,[1659.7068672726034 114.42856819332626 1853.9457333132839 350.26082640067875],[1722.7314453125 219.63388061523438 1783.0789794921875 276.1693420410156],0.28539955615997314,,0
4,17,28,[382.41326714387054 100.7602216368312 661.7980182246688 370.3912558541221],[466.0591735839844 288.1847229003906 567.90625 335.29779052734375],0.5925294160842896,,0
2,25,13,[1131.8655699657925 71.10926811343697 1411.3803675533072 371.78554988660176],[1217.1397705078125 328.2262878417969 1270.6102294921875 368.8229675292969],0.39802318811416626,,0
0,18,4,[1132.8830327663009 29.67436458655166 1379.1772327812487 237.88888690518897],[1176.5947265625 170.2733612060547 1229.47412109375 211.90335083007812],0.32552242279052734,,0
4,18,28,[381.6661580928705 100.64916733936087 661.9398346002422 370.3891515667258],[466.11236572265625 288.3702392578125 568.3775024414062 335.18035888671875],0.589942455291748,,0
1,70,50,[1429.5373601066503 242.1243882641143 1896.427904314507 675.4155207968149],[1523.5938720703125 496.0589904785156 1642.6541748046875 584.0623779296875],0.5449995994567871,,0
0,18,7,[1659.7159244207264 114.41068436273622 1853.9433956675452 350.20373514770455],[1722.7349853515625 219.63336181640625 1783.0784912109375 276.16717529296875],0.28584519028663635,,0
2,26,13,[1131.8945750785888 71.15354700962413 1411.4256644789443 371.6310131714355],[1218.0234375 328.59051513671875 1270.6669921875 368.8486633300781],0.408659964799881,,0
4,19,28,[380.215505469188 100.64398446244564 661.8922632253605 370.66887377126375],[465.8997802734375 288.0099792480469 568.559326171875 335.39031982421875],0.5919623374938965,,0
0,19,4,[1132.8830173526871 29.675425739454823 1379.1762860223448 237.88916316726798],[1176.5960693359375 170.27508544921875 1229.473388671875 211.90228271484375],0.3255140483379364,,0
1,71,50,[1429.5258388160744 242.11708489417953 1896.2127000011048 675.2837219735741],[1523.4649658203125 495.90582275390625 1642.6585693359375 584.0707397460938],0.5454720258712769,,0
0,19,7,[1659.7224482641552 114.40922992939629 1853.9403195875173 350.1704418799946],[1722.75048828125 219.6400146484375 1783.07421875 276.1592102050781],0.28568917512893677,,0
2,27,13,[1131.9030776913978 71.15383651986238 1411.523736686367 371.649694259842],[1219.212646484375 328.9817199707031 1270.8758544921875 368.8267822265625],0.40586626529693604,,0
4,20,28,[378.0940707902912 100.33645541851286 661.553797748481 370.28664443085586],[465.7770080566406 287.7970275878906 573.7094116210938 335.841064453125],0.596647322177887,,0
0,20,4,[1132.8828734601689 29.676578098188813 1379.1755892941583 237.88959003526986],[1176.5955810546875 170.27481079101562 1229.4735107421875 211.90228271484375],0.32553979754447937,,0
2,28,13,[1131.7181510760292 70.87123810493614 1411.5347137551794 371.701932422753],[1217.776611328125 328.697509765625 1271.1090087890625 368.8899841308594],0.41486990451812744,,0
0,20,7,[1659.724126789489 114.41429033131276 1853.9369976806981 350.1564662344207],[1722.7547607421875 219.64141845703125 1783.07373046875 276.15435791015625],0.2855527698993683,,0
1,72,50,[1429.506197349634 241.825434461824 1896.9656871601123 675.6157535322602],[1523.7601318359375 496.15557861328125 1642.616455078125 584.0072021484375],0.5437783002853394,,0
4,21,28,[376.38221032829244 99.97477481754834 661.6469077399462 369.6171111099656],[465.9939880371094 287.83154296875 573.3140869140625 335.74169921875],0.5887367129325867,,0
2,29,13,[1131.7273879296513 70.76138946309115 1411.763880795802 371.8820221193788],[1216.244873046875 328.0990905761719 1271.3336181640625 368.85406494140625],0.4161653220653534,,0
0,21,4,[1132.882834345332 29.67688637910973 1379.1749965312893 237.8893286611848],[1176.5950927734375 170.274169921875 1229.4744873046875 211.90264892578125],0.3255372941493988,,0
0,21,7,[1659.7258015511127 114.41967236178063 1853.9352757200948 350.14781580830606],[1722.7479248046875 219.6387176513672 1783.074951171875 276.1582336425781],0.2855244576931,,0
1,73,50,[1429.417806670784 241.49896778306348 1897.4248266395534 675.7047049933836],[1523.847412109375 496.2753601074219 1642.6011962890625 583.9805908203125],0.5430521368980408,,0
2,30,13,[1131.7452938708443 70.63180169117615 1411.9510880966109 371.91072652756804],[1215.9591064453125 328.3088073730469 1270.8695068359375 368.88848876953125],0.4287128448486328,,0
4,22,28,[380.80829597126626 98.03682446627937 663.8929063840978 366.8860194502053],[465.97210693359375 287.9258728027344 573.3394775390625 335.593994140625],0.5840439200401306,,0
1,74,50,[1429.354109811572 241.37469677581916 1897.918994031419 675.9473892364298],[1523.9180908203125 496.3692626953125 1642.5916748046875 583.8607177734375],0.5471961498260498,,0
0,22,4,[1132.8831372492803 29.67654822201503 1379.17510173619 237.88853246963242],[1176.5950927734375 170.2748565673828 1229.4759521484375 211.90223693847656],0.32549217343330383,,0
2,31,13,[1131.8358436684364 70.7327988766879 1412.1378268144247 372.2029421489242],[1215.6536865234375 328.64971923828125 1270.982666015625 368.949951171875],0.4308527410030365,,0
2,32,13,[1131.7870737033081 70.8831231946746 1412.1119359045333 372.1127195361446],[1216.8531494140625 329.112060546875 1271.031494140625 369.1141052246094],0.42825257778167725,,0
0,22,7,[1659.7277052240972 114.42422949206201 1853.9343383062603 350.1415532080683],[1722.749267578125 219.63922119140625 1783.074462890625 276.1571960449219],0.2855985760688782,,0
4,23,28,[383.4748101632578 97.60563927016781 664.6055676200697 365.92130878156206],[465.17486572265625 287.6085205078125 574.140380859375 335.7680358886719],0.5783097743988037,,0
1,75,50,[1429.1380212912782 241.2403691259291 1897.9671470805388 676.0237665435483],[1523.949462890625 496.3298034667969 1642.603271484375 583.8900756835938],0.5481789112091064,,0
0,23,4,[1132.883046791838 29.676931489596413 1379.1749554064493 237.88844270031842],[1176.596923828125 170.27682495117188 1229.47412109375 211.90122985839844],0.3254767656326294,,0
2,33,13,[1131.6228570931382 70.86877572073945 1412.0136710846293 372.0112197999271],[1214.8704833984375 328.91876220703125 1271.004638671875 369.097412109375],0.4267529249191284,,0
0,23,7,[1659.7286072677236 114.42834773469343 1853.9335122851642 350.1387257895169],[1722.74853515625 219.63912963867188 1783.074462890625 276.1578674316406],0.2856230139732361,,0
2,34,13,[1131.5379574964923 71.33390331921905 1411.5149517290556 372.0371181735213],[1211.4727783203125 328.48004150390625 1270.7301025390625 369.0242614746094],0.41096702218055725,,0
0,24,4,[1132.8832036469043 29.676937845407025 1379.1749550689487 237.88804575347345],[1176.597412109375 170.27774047851562 1229.473876953125 211.9003143310547],0.32545793056488037,,0
2,35,13,[1131.6069826574158 71.610715768913 1411.2844994365328 372.0074646964007],[1207.2447509765625 327.7933044433594 1270.6204833984375 369.0341491699219],0.41555050015449524,,0
4,24,28,[380.4505919412323 98.56849670800901 663.0337566141989 367.3669317805908],[465.567626953125 287.6014709472656 574.65234375 335.6847839355469],0.5720848441123962,,0
1,76,50,[1428.8349134816242 241.04732392943052 1897.579459315158 675.9020051442864],[1524.0516357421875 496.3422546386719 1642.6146240234375 583.8909912109375],0.5489348769187927,,0
0,24,7,[1659.7291566181107 114.4310219035127 1853.9329443166857 350.1362994213076],[1722.7496337890625 219.63958740234375 1783.0740966796875 276.15728759765625],0.2856859564781189,,0
2,36,13,[1131.5906426258157 71.75770549453301 1411.0726643951448 371.96064430041014],[1208.6663818359375 326.8932800292969 1270.68603515625 368.7524719238281],0.410258024930954,,0
0,25,4,[1132.8834701955077 29.67675644318018 1379.1749936507497 237.8875331762872],[1176.59619140625 170.2763214111328 1229.4755859375 211.9010467529297],0.3254520893096924,,0
0,25,7,[1659.729493667865 114.43257668108875 1853.9324774223742 350.1339648355357],[1722.7503662109375 219.6397247314453 1783.0740966796875 276.1567687988281],0.28567036986351013,,0
4,25,28,[382.48276974144596 99.35457296571923 664.048235867587 368.69248538287303],[465.45098876953125 287.4120788574219 577.0902099609375 336.0632019042969],0.5755665898323059,,0
2,37,13,[1131.769484441182 71.5433486839209 1411.4899989516896 372.0310094319772],[1208.0406494140625 326.6373596191406 1270.1859130859375 368.62567138671875],0.3873558044433594,,0
0,26,4,[1132.883457574941 29.67672645175456 1379.1744886062793 237.88672657241403],[1176.59716796875 170.2773895263672 1229.475830078125 211.90101623535156],0.32540035247802734,,0
0,26,7,[1659.729372831149 114.43071036765008 1853.9311537069436 350.1254765516778],[1722.7603759765625 219.6441650390625 1783.072021484375 276.1513366699219],0.285164475440979,,0
1,77,50,[1428.3508385729453 240.94567063053037 1896.3866652934364 675.7350899964962],[1523.8077392578125 496.4455261230469 1642.614990234375 583.8838500976562],0.5502762794494629,,0
2,1,1,[1126.386962890625 67.55625915527344 1497.728515625 408.10565185546875],[1197.9180908203125 331.5260314941406 1271.640380859375 368.8099670410156],0.4213739335536957,,0
2,2,1,[1124.7401540429744 67.27939113679216 1497.1774239040167 411.4558212799386],[1200.504638671875 331.85809326171875 1271.6380615234375 368.72711181640625],0.39908549189567566,,0
2,3,1,[1124.6814057802583 66.91814149024663 1496.964537187777 411.76257062366057],[1200.2777099609375 331.7324523925781 1271.7276611328125 368.7098693847656],0.40316587686538696,,0
2,4,1,[1126.2741658750901 66.7621817286836 1497.4865142417884 409.36151124451897],[1200.8782958984375 331.6579284667969 1271.810302734375 368.6689453125],0.42567354440689087,,0
2,5,1,[1126.7942552697427 66.8870078955899 1497.6367382765184 408.1003954519555],[1201.546630859375 331.72027587890625 1271.84521484375 368.6514587402344],0.4269860088825226,,0
2,6,1,[1126.9435578124449 67.14569624581372 1497.696100133157 407.6756447257771],[1201.657470703125 331.88232421875 1271.9857177734375 368.6997985839844],0.4269413948059082,,0
2,7,1,[1126.8723193961346 67.42456993620004 1497.6881001070528 407.75504449443434],[1199.4034423828125 331.78216552734375 1271.816162109375 368.72259521484375],0.43620428442955017,,0
2,8,1,[1125.758286372003 67.29497444319813 1497.1629253014767 409.2218883947704],[1199.9647216796875 331.8027038574219 1272.0487060546875 368.63812255859375],0.4276854693889618,,0
2,9,1,[1126.2759763855092 67.04291150008163 1497.5427560705502 408.1956106972977],[1204.9903564453125 332.1007080078125 1272.1842041015625 368.6407775878906],0.4249199330806732,,0
2,10,1,[1126.5275898942086 66.97882280495116 1497.7271637142567 407.54710287325014],[1204.11767578125 331.9901428222656 1272.1842041015625 368.67626953125],0.42201370000839233,,0
2,11,1,[1126.5708604842805 67.05421211325813 1497.7304559183997 407.37868755979304],[1204.27001953125 331.93377685546875 1272.322998046875 368.6832275390625],0.4216306507587433,,0
2,12,1,[1126.61447190123 67.11537579845799 1497.7179281616745 407.11444393986983],[1204.8212890625 331.82867431640625 1272.3974609375 368.69677734375],0.4181728661060333,,0
2,13,1,[1125.961080253027 67.4186620189692 1497.1641358873485 408.9922972528016],[1205.487060546875 332.0329284667969 1272.4556884765625 368.58599853515625],0.4159887731075287,,0
2,14,1,[1125.6673516202716 67.40331026593302 1496.8919822263258 409.9824233920514],[1205.490478515625 331.9917907714844 1272.3958740234375 368.612548828125],0.4155801236629486,,0
2,15,1,[1125.6587086434708 67.36495785015586 1496.8011261294698 410.60720553495406],[1206.0341796875 332.2094421386719 1272.3238525390625 368.5762023925781],0.4106552004814148,,0
2,16,1,[1126.2458212781821 67.09031556426012 1497.291797229299 409.41379803892414],[1206.07275390625 332.4473876953125 1272.3021240234375 368.5348205566406],0.39966726303100586,,0
2,17,1,[1126.522242251902 67.14550295886332 1497.5259871666883 408.89365366682387],[1206.6456298828125 332.3398132324219 1272.305419921875 368.5172424316406],0.39278116822242737,,0
2,18,1,[1126.0094913656994 67.33020550500291 1497.062619789871 410.1057656334177],[1203.745361328125 332.2789611816406 1271.8258056640625 368.5365905761719],0.40186041593551636,,0
2,19,1,[1125.9332478632 67.28489231900383 1496.9373972124595 410.6806370812243],[1202.2479248046875 331.499755859375 1271.818115234375 368.4851379394531],0.4528827667236328,,0
2,20,1,[1125.9864990218764 67.11083829363486 1496.929031525836 410.98257510794406],[1201.7750244140625 331.55841064453125 1271.615478515625 368.5776672363281],0.4356534481048584,,0
2,21,1,[1126.3905515566357 66.78468698988164 1497.3602760545791 409.70145659319166],[1201.223876953125 331.60198974609375 1271.652099609375 368.6360778808594],0.4401306211948395,,0
2,22,1,[1126.506179600637 66.78906696565659 1497.5162645182895 409.0198071870095],[1201.780517578125 331.4330749511719 1271.5872802734375 368.619140625],0.44082513451576233,,0
2,23,1,[1126.4760980476694 66.8512497953723 1497.5463913177596 408.44760514452946],[1202.0303955078125 331.4039306640625 1271.6719970703125 368.6379089355469],0.44759705662727356,,0
2,24,1,[1126.4357133677256 67.0144185007681 1497.5534816621737 408.30996039835907],[1203.7098388671875 331.7000427246094 1271.647705078125 368.5804138183594],0.4463886618614197,,0
2,25,1,[1125.8044645391822 67.43662656076592 1497.0062521154316 410.2100718255134],[1199.6456298828125 331.4046630859375 1271.516357421875 368.6917419433594],0.45414969325065613,,0
2,25,1,[1125.8044645391822 67.43662656076592 1497.0062521154316 410.2100718255134],[1183.8182373046875 327.1293640136719 1270.3641357421875 366.18218994140625],0.26585590839385986,,0
2,26,1,[1125.4655296826775 67.40127382328498 1496.7139977802365 411.1730808381974],[1203.2620849609375 331.53094482421875 1271.50927734375 368.5023193359375],0.4414561986923218,,0
2,26,1,[1125.4655296826775 67.40127382328498 1496.7139977802365 411.1730808381974],[1184.157470703125 326.8565673828125 1270.072021484375 365.64874267578125],0.2511453330516815,,0
2,27,1,[1126.0654857705301 66.9834676176767 1497.306561942686 409.8737690502852],[1202.89208984375 331.5125732421875 1271.5577392578125 368.5138854980469],0.4441800117492676,,0
2,27,1,[1126.0654857705301 66.9834676176767 1497.306561942686 409.8737690502852],[1184.1278076171875 326.8194580078125 1270.1943359375 365.7257995605469],0.25425174832344055,,0
2,1,10,[1126.01806640625 67.14112091064453 1496.41943359375 408.2846374511719],[1198.99267578125 330.4640808105469 1271.110595703125 369.2416076660156],0.47402051091194153,,0
2,2,10,[1125.9970518574962 67.14103489198382 1496.4404481425038 408.3031161028051],[1197.243408203125 330.2340393066406 1271.46044921875 369.21728515625],0.47787466645240784,,0
2,3,10,[1126.0339080263534 66.82585281635082 1496.3119123082201 407.43363442567545],[1199.458740234375 330.4109802246094 1271.378662109375 369.2340087890625],0.4857262074947357,,0
2,4,10,[1126.159428605595 66.6022378117251 1496.3178055003484 406.61059083793344],[1199.238525390625 330.2217712402344 1271.426513671875 369.1618957519531],0.48084768652915955,,0
2,5,10,[1125.9937951716402 67.04688155017323 1496.5163619118803 407.7776630436027],[1197.71337890625 330.1707763671875 1271.4598388671875 369.12188720703125],0.47117477655410767,,0
2,6,10,[1125.9157871973628 66.98363549677501 1496.5851405374713 408.1268810171929],[1197.2958984375 330.1331787109375 1271.411376953125 369.1654357910156],0.4744585156440735,,0
2,7,10,[1125.978676688028 66.80698257413533 1496.5230566438076 407.8095849380569],[1195.190185546875 330.0372009277344 1270.8709716796875 369.2689208984375],0.47931966185569763,,0
2,8,10,[1125.9357195816863 66.94146226549375 1496.4658892295204 408.27064429211293],[1196.0313720703125 330.2527770996094 1270.71142578125 369.192626953125],0.48105841875076294,,0
2,9,10,[1125.9775973344088 66.81624141021734 1496.3875439502801 408.08983270064965],[1196.0013427734375 330.204345703125 1270.78564453125 369.15142822265625],0.4822321832180023,,0
2,10,10,[1126.0231478459928 66.68037597419195 1496.3470396145312 407.7347768990754],[1197.342041015625 330.4620666503906 1270.807861328125 369.15765380859375],0.4775049388408661,,0
2,11,10,[1126.1112997049638 66.43690280164674 1496.3478486481624 406.9252588080677],[1196.35302734375 330.4018249511719 1270.7293701171875 369.18878173828125],0.4845775365829468,,0
2,12,10,[1126.1425626548753 66.57686627378237 1496.3733965547367 406.91636887325194],[1196.118896484375 330.2647399902344 1270.721923828125 369.2113037109375],0.4869140684604645,,0
2,13,10,[1126.2010911333132 66.42401759327126 1496.3885149890261 406.2278594322414],[1195.2479248046875 330.27056884765625 1270.7625732421875 369.24310302734375],0.4899987578392029,,0
2,14,10,[1126.235838439954 66.57381561537139 1496.4170225331713 406.1634006579844],[1195.4410400390625 330.16717529296875 1270.7706298828125 369.2548828125],0.4890907108783722,,0
2,15,10,[1126.2513222448647 66.6942198341967 1496.4191760229792 406.1588742320678],[1197.948974609375 330.35589599609375 1270.8231201171875 369.19732666015625],0.4871661365032196,,0
2,16,10,[1126.2270105028742 66.79030272341927 1496.3630442933481 406.25902549977525],[1199.0692138671875 330.521240234375 1270.993408203125 369.1364440917969],0.48322588205337524,,0
2,17,10,[1126.1811114950995 66.87063995658337 1496.3021881591924 406.431341948169],[1198.078369140625 330.5653991699219 1270.9656982421875 369.19189453125],0.485028475522995,,0
2,18,10,[1126.1659771537468 66.67442880201784 1496.2703960529568 405.95570984471294],[1197.6602783203125 330.53521728515625 1270.8870849609375 369.204345703125],0.4814845025539398,,0
2,19,10,[1126.1717768506862 66.62662732846078 1496.3031475551577 405.65765089415765],[1195.3895263671875 330.33062744140625 1270.934326171875 369.2216796875],0.4781043231487274,,0
2,20,10,[1126.1563708278275 66.46192260046104 1496.35605272084 405.0801622571479],[1195.289794921875 330.3412170410156 1270.81201171875 369.2434387207031],0.4815214276313782,,0
2,21,10,[1126.1308774427146 66.61475970065555 1496.4007484135639 405.1554756731891],[1195.218994140625 330.42236328125 1270.9237060546875 369.1673889160156],0.4790290892124176,,0
2,22,10,[1126.0888295433826 66.74905012739646 1496.4182129241187 405.34741969952984],[1195.681640625 330.5438232421875 1271.0135498046875 369.1703796386719],0.48430174589157104,,0
2,22,11,[1536.0905521410875 111.36526900365658 1777.1266708883588 408.28747251485794],[1613.2779541015625 326.0534362792969 1696.989013671875 371.71380615234375],0.26114943623542786,,0
2,23,10,[1126.0397416286755 66.72699404383232 1496.381576207521 405.29414418663237],[1195.9466552734375 330.4571228027344 1271.1273193359375 369.1351318359375],0.47710949182510376,,0
2,23,11,[1536.0772575982153 111.39906355803686 1777.1224601836582 408.2308423746402],[1613.2979736328125 326.0596618652344 1697.003173828125 371.7444763183594],0.2584021985530853,,0
2,24,10,[1125.9897480828552 66.84344282126608 1496.3170330996675 405.5853343983853],[1195.052978515625 330.4151916503906 1271.08935546875 369.1480407714844],0.4780329465866089,,0
2,24,11,[1536.0969286517789 111.41112087946851 1777.165610509208 408.1892490014827],[1613.381103515625 326.0332336425781 1696.9892578125 371.7105407714844],0.26361456513404846,,0
2,25,10,[1125.9268252493896 67.05533366207413 1496.241799336561 406.2189793794449],[1195.17919921875 330.3367614746094 1271.13037109375 369.17425537109375],0.47782325744628906,,0
2,25,11,[1536.071831985596 111.46415140045033 1777.1392093458571 408.2885839508891],[1613.4290771484375 326.0307312011719 1696.9588623046875 371.7195739746094],0.2670479416847229,,0
2,26,10,[1125.9212372633233 67.181798409387 1496.2327117424757 406.78280000479134],[1195.7156982421875 330.6714782714844 1271.3272705078125 369.12042236328125],0.4675162136554718,,0
2,26,11,[1536.043968856205 111.50070637551099 1777.1493849998787 408.45665255437143],[1613.3719482421875 326.0064697265625 1696.8988037109375 371.6683044433594],0.2668780982494354,,0
2,27,10,[1125.9425970154778 66.85950224959078 1496.2314892744187 406.3470362836571],[1195.11376953125 330.62548828125 1271.3907470703125 369.1827392578125],0.4747500717639923,,0
2,27,11,[1536.272658675056 111.16234474274012 1776.6420599885805 407.4380639043572],[1613.349609375 326.0953369140625 1696.966552734375 371.6450500488281],0.26975294947624207,,0
2,28,10,[1125.9442158881377 66.81176500829238 1496.2403912195703 406.2719115532367],[1195.7955322265625 330.6116638183594 1271.18115234375 369.2150573730469],0.4768884479999542,,0
2,28,11,[1536.4493283227362 111.12913926860924 1776.2738289595327 406.89642655184605],[1613.25439453125 325.9402160644531 1696.98779296875 371.6397705078125],0.2664644420146942,,0
2,29,10,[1125.9296597491664 66.99169604000375 1496.2508491323636 406.76600769541676],[1196.020751953125 330.5754089355469 1271.1529541015625 369.19830322265625],0.4763886034488678,,0
2,29,11,[1536.630074630854 111.1799674348936 1776.014700207332 406.507838849608],[1613.3111572265625 326.0517578125 1696.9200439453125 371.6124572753906],0.2770429849624634,,0
2,30,10,[1125.9853617740669 66.76549427747219 1496.2866306119404 406.29307683629975],[1196.445556640625 330.65728759765625 1271.089599609375 369.2085876464844],0.4783037006855011,,0
2,30,11,[1536.5446047359387 111.59549641923385 1776.3449905489033 407.22662251889165],[1613.2735595703125 326.01519775390625 1696.989013671875 371.67987060546875],0.2687065601348877,,0
2,31,10,[1126.0084070281139 66.80305647315495 1496.2965105997057 406.3612663306709],[1196.038330078125 330.43408203125 1271.1221923828125 369.267822265625],0.47755178809165955,,0
2,31,11,[1536.6729261602388 111.40924081535951 1776.0421938463712 406.61028877899383],[1613.1800537109375 325.9306640625 1696.9940185546875 371.7158203125],0.26394960284233093,,0
2,32,10,[1126.0047073232065 66.77058672620629 1496.306689527081 406.28852005581405],[1195.9312744140625 330.5043640136719 1271.125 369.1727600097656],0.4706306457519531,,0
2,32,11,[1536.7766630414214 111.40796106510675 1775.8672476327545 406.2934999951473],[1613.126220703125 325.9128112792969 1696.9625244140625 371.696044921875],0.2705065608024597,,0
2,33,10,[1126.0048058905973 66.67694166864794 1496.3309374585965 406.07502380936546],[1196.031982421875 330.42333984375 1271.100830078125 369.161865234375],0.46760979294776917,,0
2,33,11,[1536.8873413108677 111.42696853867432 1775.8258077946202 406.0248158046333],[1613.1851806640625 325.9433288574219 1697.0599365234375 371.7283935546875],0.26459044218063354,,0
2025-09-01 13:58:35,1,3,10,[0.6789093017577841 645.7076416015625 468.3135681152344 1071.638427734375],[258.1510009765625 806.69677734375 329.1527099609375 873.3175048828125],0.5583716630935669,,0
2025-09-01 13:58:38,2,3,29,[1126.4715576171875 67.32342529296875 1495.5911865234375 422.79119873046875],[1197.45458984375 331.03302001953125 1268.895751953125 368.6964416503906],0.5606945753097534,,0
2025-09-01 13:58:47,1,6,10,[0.8163026512607416 646.6875464512339 467.8856459253643 1071.630349636937],[260.089599609375 803.55029296875 327.5772399902344 872.5389404296875],0.5781653523445129,,0
2025-09-01 13:58:48,2,6,29,[1126.4872639564833 67.27285871838617 1495.6554282528068 422.6058574734287],[1198.781494140625 331.0176086425781 1268.9874267578125 368.6280212402344],0.5614891052246094,,0
2025-09-01 13:58:48,1,9,10,[1.2728228498423277 650.0066169730133 467.19755541715153 1072.3788505477455],[257.8006896972656 804.173583984375 328.11859130859375 874.3212890625],0.5363297462463379,,0
2025-09-01 13:58:49,2,9,29,[1126.362887535716 67.2864756772326 1495.7586622219267 423.08149059589516],[1199.3895263671875 331.2645568847656 1268.9290771484375 368.567626953125],0.5584617257118225,,0
2025-09-01 13:58:50,1,12,10,[1.7281003552228356 651.2805087670636 468.20618361639174 1072.5713614620843],[256.81689453125 805.283935546875 329.9371337890625 875.849853515625],0.5286434292793274,,0
2025-09-01 13:58:50,2,12,29,[1126.3878544935326 67.22726724949177 1495.7579955629992 423.0420794920545],[1200.82080078125 331.1691589355469 1268.83935546875 368.4822082519531],0.5504751801490784,,0
2025-09-01 13:58:51,1,15,10,[1.2923591292673677 649.2039094271578 468.76342501614585 1071.6543851512192],[255.97801208496094 806.6292724609375 330.01824951171875 876.52685546875],0.5246356129646301,,0
2025-09-01 13:58:52,2,15,29,[1126.3961566894159 67.18070146624248 1495.8252210864207 423.1276774106336],[1202.01171875 331.4447021484375 1268.7939453125 368.4027099609375],0.5450693368911743,,0
2025-09-01 13:58:52,1,18,10,[1.2805712985387174 650.876686514094 468.2404040282423 1071.9614008510719],[257.160888671875 807.9966430664062 329.1233825683594 876.3396606445312],0.4100729823112488,,0
2025-09-01 13:58:53,2,18,29,[1126.363405946425 67.1262430710783 1495.8362796414692 423.2720285134196],[1202.1654052734375 331.3868408203125 1268.808837890625 368.39080810546875],0.543520450592041,,0
2025-09-01 13:58:54,1,21,10,[1.2015285314191146 650.7196699116585 468.2659655023496 1071.6963812566405],[258.02618408203125 805.59326171875 328.1225891113281 876.0306396484375],0.4269748032093048,,0
2025-09-01 13:58:54,2,21,29,[1126.2792408641496 67.11628027148745 1495.7556720387468 423.31039465365905],[1200.346435546875 331.2792053222656 1268.9139404296875 368.453369140625],0.5527175068855286,,0
2025-09-01 13:58:55,1,24,10,[1.2757845427361758 652.2692643710063 468.0496949632725 1072.0311229534],[258.30645751953125 804.6588134765625 326.83697509765625 874.9535522460938],0.3899836242198944,,0
2025-09-01 13:58:56,2,24,29,[1126.1525727049468 66.96563015734608 1495.748495009757 423.08177386138317],[1201.499755859375 331.4082946777344 1268.825439453125 368.3395690917969],0.5453391671180725,,0
2025-09-01 13:58:57,1,27,10,[0.9389848546415749 650.5938153131544 467.71933138275165 1071.1427010124523],[258.42724609375 805.191650390625 324.9643249511719 873.623291015625],0.3888314962387085,,0
2025-09-01 13:58:58,2,27,29,[1126.0604715915454 66.96771096852484 1495.7008388343922 423.1099230490225],[1201.8125 331.4474182128906 1268.8876953125 368.34521484375],0.5449040532112122,,0
2025-09-01 13:58:59,2,30,29,[1126.0953776302194 67.02681370529007 1495.6821981048993 423.2461025297093],[1202.4124755859375 331.5458068847656 1268.8533935546875 368.27520751953125],0.540534496307373,,0
2025-09-01 13:59:01,2,33,29,[1126.2105395513213 67.09142523674055 1495.7000984807787 423.42118936433235],[1205.6387939453125 331.8597717285156 1268.8526611328125 368.30657958984375],0.5411326885223389,,0
2025-09-01 13:59:01,1,39,10,[0.6617280136658223 648.5414667966501 467.2334908737774 1071.2379550402834],[257.697998046875 806.7467651367188 327.3934020996094 876.4092407226562],0.3072786331176758,,0
2025-09-01 13:59:02,2,36,29,[1126.2317821015156 67.06343435288079 1495.6737074490763 423.37722176767],[1203.8983154296875 331.85772705078125 1268.514892578125 368.22796630859375],0.5389621257781982,,0
2025-09-01 13:59:03,1,42,10,[0.7660592459207862 649.5882753486477 467.1914451801015 1071.781089436291],[257.80548095703125 805.4016723632812 324.177001953125 876.0188598632812],0.3238639831542969,,0
2025-09-01 13:59:03,2,39,29,[1126.258394177971 67.07449727274658 1495.7255191909574 423.48740875056944],[1206.303466796875 331.9187927246094 1268.55322265625 368.1658020019531],0.5316002368927002,,0
2025-09-01 13:59:04,2,42,29,[1126.302813652074 66.94418812144875 1495.7134931210346 423.4437868370196],[1206.0516357421875 331.9591979980469 1268.5242919921875 368.127685546875],0.5361768007278442,,0
2025-09-01 13:59:04,1,48,10,[0.9582227019601248 650.5033089579617 467.3528347584614 1071.641644509852],[256.8063659667969 808.0900268554688 326.9022521972656 875.2820434570312],0.43961742520332336,,0
2025-09-01 13:59:05,2,45,29,[1126.2752440548277 66.95621301544773 1495.5928029190925 423.3696345603056],[1203.658447265625 331.7826232910156 1268.458740234375 368.2200622558594],0.5335294008255005,,0
2025-09-01 13:59:06,1,51,10,[0.8684362834938781 649.023393649329 467.4133122707457 1071.1173967744458],[257.4950866699219 803.3153686523438 319.8741760253906 875.8544311523438],0.3504313826560974,,0
2025-09-01 13:59:07,2,48,29,[1126.3431142305988 67.01577723825875 1495.504367816078 423.26013776542635],[1202.6072998046875 331.78106689453125 1268.4608154296875 368.21649169921875],0.5346476435661316,,0
2025-09-01 13:59:07,1,57,10,[-0.18881723446170895 644.1270543842052 465.27655309038323 1070.8017707639724],[256.59783935546875 803.3446655273438 320.7259521484375 875.5431518554688],0.3537224531173706,,0
2025-09-01 13:59:08,2,51,29,[1125.3892757094502 66.93949045130313 1494.4436191431334 422.6045550810628],[1197.4530029296875 330.6299743652344 1268.389892578125 368.3846740722656],0.5276735424995422,,0
2025-09-01 13:59:09,1,60,10,[-0.21515612541224982 644.2805987241029 464.3949126100789 1071.4295749021114],[255.51023864746094 801.2191772460938 320.0635681152344 875.2227172851562],0.4121477007865906,,0
2025-09-01 13:59:09,2,54,29,[1125.8088104410006 67.07759196514479 1494.4188491851257 422.7168048533924],[1204.0792236328125 331.11199951171875 1268.6876220703125 368.0283508300781],0.5299010872840881,,0
2025-09-01 13:59:11,2,57,29,[1125.1594686032938 66.3778198828144 1494.1335108634896 421.08778434283545],[1197.3204345703125 330.2392272949219 1269.681884765625 368.5168762207031],0.5701321959495544,,0
2025-09-01 13:59:13,2,60,29,[1124.786383837258 64.3079062271419 1494.2912150271989 419.912144056418],[1198.302001953125 330.3428955078125 1270.345947265625 368.6610107421875],0.5878936648368835,,0
2025-09-01 13:59:14,2,63,29,[1128.3003461026353 57.881158467135975 1492.546920409872 406.74640304190086],[1207.795654296875 332.0690002441406 1268.85400390625 367.9944763183594],0.507134199142456,,0
2025-09-01 13:59:15,1,81,10,[0.19026645118927377 652.1448941671968 460.63755987898855 1072.7321553338804],[252.00729370117188 811.833984375 320.9728698730469 873.5905151367188],0.42716237902641296,,0
2025-09-01 13:59:15,2,66,29,[1130.5227296159123 57.440798601849394 1490.9718520627189 402.6519057949408],[1208.2540283203125 332.18695068359375 1268.8414306640625 367.9334411621094],0.5050011277198792,,0
2025-09-01 13:59:16,2,69,29,[1131.9112826288024 58.16803300840695 1489.7450809583852 401.74120847155746],[1208.34423828125 332.0799560546875 1269.034912109375 367.9681091308594],0.5013535022735596,,0
2025-09-01 13:59:17,2,72,29,[1132.8653538791455 63.67279823188096 1488.343213446075 407.55892883849066],[1207.6337890625 331.6388854980469 1268.9027099609375 367.9219665527344],0.5097443461418152,,0
2025-09-01 13:59:17,1,90,10,[-0.22782030757522875 648.02272705365 459.05272905467245 1070.9275241334674],[250.5397491455078 809.5057983398438 324.1980895996094 876.9142456054688],0.5452041625976562,,0
2025-09-01 13:59:18,1,93,10,[0.017692823514067868 645.8798249241852 458.69193721171393 1070.3685059871864],[250.37667846679688 808.739501953125 325.3030700683594 877.7677001953125],0.5447526574134827,,0
2025-09-01 13:59:18,2,75,29,[1131.0990527955794 63.79104898233575 1481.154298905031 402.9489394286255],[1207.910888671875 331.6269836425781 1268.8553466796875 367.8805847167969],0.5109085440635681,,0
2025-09-01 13:59:20,1,96,10,[0.44114719669900637 645.6336013535316 458.99421847366955 1070.921150047717],[250.56678771972656 808.4534912109375 323.3256530761719 877.9405517578125],0.531467080116272,,0
2025-09-01 13:59:20,2,78,29,[1127.9437031332614 63.696108870697714 1467.7047195885516 397.81197257892336],[1208.095947265625 331.7569885253906 1268.8155517578125 367.8815002441406],0.5060098171234131,,0
2025-09-01 13:59:21,2,81,29,[1124.0177830869316 63.951446997558264 1449.4988683862803 393.11251109634776],[1207.749267578125 331.65985107421875 1268.5355224609375 367.7650451660156],0.517802357673645,,0
2025-09-01 13:59:21,1,102,10,[0.010882591414571152 645.7586965027814 457.50886720868937 1071.7567275697054],[250.23202514648438 811.2469482421875 318.68316650390625 877.56884765625],0.5026297569274902,,0
2025-09-01 13:59:22,2,84,29,[1125.1534042864182 64.95820083422467 1440.4742389222097 390.12060993291664],[1206.586669921875 331.5032958984375 1268.523193359375 367.8128356933594],0.5193163752555847,,0
2025-09-01 13:59:22,1,105,10,[-0.8638805969757186 646.4374937113082 454.4205916112659 1072.9330509229592],[247.97406005859375 816.419921875 319.7666015625 877.0082397460938],0.47499880194664,,0
2025-09-01 13:59:22,2,84,29,[1125.1534042864182 64.95820083422467 1440.4742389222097 390.12060993291664],[1191.98291015625 326.4802551269531 1268.9122314453125 366.46466064453125],0.3000905513763428,,0
2025-09-01 13:59:24,2,87,29,[1127.9605542456397 66.07584034458372 1436.6971438225864 389.1795824676042],[1205.7957763671875 331.4554748535156 1268.6455078125 367.8087158203125],0.5233263969421387,,0
2025-09-01 13:59:24,1,111,10,[0.24020565923785853 645.259960292341 455.0604790329225 1072.8858534130054],[249.93516540527344 823.2848510742188 311.8356018066406 880.8012084960938],0.4323636591434479,,0
2025-09-01 13:59:24,2,87,29,[1127.9605542456397 66.07584034458372 1436.6971438225864 389.1795824676042],[1191.84326171875 326.5950927734375 1268.96923828125 366.56781005859375],0.31158846616744995,,0
2025-09-01 13:59:25,2,90,29,[1131.547449498057 66.56669598219906 1437.8327028135761 388.70230833074464],[1205.1046142578125 331.51275634765625 1268.606689453125 367.8472900390625],0.5185078382492065,,0
2025-09-01 13:59:25,2,90,29,[1131.547449498057 66.56669598219906 1437.8327028135761 388.70230833074464],[1191.4305419921875 326.6078186035156 1268.88232421875 366.5133361816406],0.3115874230861664,,0
2025-09-01 13:59:28,2,93,29,[1141.9400949000392 69.38371025222014 1460.3037435943252 399.16376034115274],[1204.834716796875 331.2769470214844 1268.5863037109375 367.71917724609375],0.534876823425293,,0
2025-09-01 13:59:28,1,126,10,[1.0171719496634637 651.8831832928604 455.02565783082684 1076.001451533825],[252.9318389892578 829.7871704101562 303.09271240234375 885.1370239257812],0.3764646053314209,,0
2025-09-01 13:59:29,1,129,10,[1.1697759066238973 650.9046788623887 455.2895894746816 1074.7995686609897],[254.12710571289062 832.2251586914062 309.087158203125 891.7789306640625],0.35746482014656067,,0
2025-09-01 13:59:29,2,96,29,[1139.440716325903 67.63966260325881 1459.5416594381231 396.8560275554065],[1204.0308837890625 331.23663330078125 1268.5689697265625 367.7827453613281],0.5404042601585388,,0
2025-09-01 13:59:30,2,99,29,[1140.1594706182232 71.52538702848108 1474.0077815922627 408.8491128725429],[1198.7703857421875 330.1917419433594 1268.8243408203125 368.0907287597656],0.544198751449585,,0
2025-09-01 13:59:31,2,102,29,[1137.9286337476765 71.46535669498434 1481.4021627205543 414.26040148022287],[1198.8021240234375 330.1076354980469 1268.935546875 368.1353759765625],0.5403062105178833,,0
2025-09-01 13:59:32,2,105,29,[1135.247540993675 70.53730775254797 1485.8824163127933 417.15733270684],[1199.5609130859375 330.2562561035156 1268.7613525390625 368.1185302734375],0.5367630124092102,,0
2025-09-01 13:59:33,2,108,29,[1132.8265034471228 69.47362951004672 1488.8505758096458 418.60948239274273],[1202.177490234375 330.5223388671875 1268.982421875 368.0692138671875],0.5329305529594421,,0
2025-09-01 13:59:34,2,111,29,[1130.516606684383 68.47607675535525 1490.4598648991655 419.13934505005807],[1198.8695068359375 330.144775390625 1268.8670654296875 368.0420227050781],0.5318695306777954,,0
2025-09-01 13:59:35,2,114,29,[1130.5117505005437 67.88089006913006 1492.3887531135456 419.6656338797045],[1199.8265380859375 330.5299072265625 1270.1265869140625 368.34429931640625],0.5496198534965515,,0
2025-09-01 13:59:37,2,117,134,[1129.5141339543607 68.79875295259689 1418.8753912573866 383.11236001640816],[1196.4898681640625 330.5899963378906 1270.0894775390625 368.56927490234375],0.5939092040061951,,0
2025-09-01 13:59:38,2,120,134,[1126.6589415934582 68.18205818555327 1414.3951805477045 380.6181004028893],[1194.180908203125 330.1781921386719 1268.4146728515625 368.3730773925781],0.5344694256782532,,0
2025-09-01 13:59:41,2,123,134,[1125.9129461559712 67.84884341294634 1412.4699121410947 378.49530904668705],[1196.1019287109375 330.243896484375 1268.3946533203125 368.31298828125],0.5220482349395752,,0
2025-09-01 13:59:48,2,126,134,[1125.8126383418767 68.1049184994362 1411.8485573866492 378.05836939911296],[1196.53076171875 330.4416809082031 1268.2476806640625 368.2655029296875],0.5190027952194214,,0
2025-09-01 13:59:50,2,129,134,[1125.893513039339 68.29858530969705 1411.5992539961273 378.02776761184657],[1197.5311279296875 330.4097900390625 1268.1463623046875 368.2048645019531],0.5202606916427612,,0
2025-09-01 13:59:59,2,132,134,[1125.9701202070537 68.32386721724617 1411.5181567624436 377.9722387795978],[1198.0484619140625 330.53759765625 1267.9820556640625 368.1131286621094],0.5165544748306274,,0
2025-09-01 14:00:08,2,135,134,[1126.0477551258373 68.18902818540414 1411.487191351036 377.53805406849114],[1195.408447265625 330.5762939453125 1268.0980224609375 368.3700256347656],0.5301528573036194,,0
2025-09-01 14:00:15,2,138,134,[1126.1218726215743 68.15029536826361 1411.6056468775978 377.2521749173684],[1195.30419921875 330.45166015625 1268.0706787109375 368.305419921875],0.5361514091491699,,0
2025-09-01 14:00:02,3,420,171,[321.0592316724236 410.7592843502234 731.1189922271716 787.7825782887849],[394.3255310058594 679.4156494140625 499.9391174316406 728.0036010742188],0.6526174545288086,,0
2025-09-01 14:00:17,2,141,134,[1126.1440949155985 68.27203250144294 1411.788378940781 377.53668270286636],[1195.951904296875 330.6575622558594 1268.0277099609375 368.2723693847656],0.5309975147247314,,0
2025-09-01 14:00:18,3,423,171,[307.37367635371857 408.2338857724214 735.884796425624 789.7714299588392],[394.07501220703125 679.4595336914062 499.50860595703125 728.0987548828125],0.6516923904418945,,0
2025-09-01 14:00:18,2,144,134,[1126.1678696605723 68.22317566684424 1411.887074971512 377.6361684031647],[1194.4239501953125 330.3404846191406 1268.0023193359375 368.2906494140625],0.5285999774932861,,0
2025-09-01 14:00:20,3,426,171,[301.2477160566857 407.6710214516439 739.4995808910153 789.7851246572003],[394.3272705078125 679.5567626953125 500.0224304199219 727.9569702148438],0.6475464701652527,,0
2025-09-01 14:00:20,2,147,134,[1127.0059024776579 67.29423011009519 1412.3350044093204 375.95966414556426],[1193.3876953125 330.2803039550781 1268.107177734375 368.323974609375],0.5301875472068787,,0
2025-09-01 14:00:21,3,429,171,[298.90320164352926 407.6736882280326 742.0272383716531 787.9301989025358],[392.3478698730469 679.3154296875 501.0636291503906 729.4830322265625],0.6553122997283936,,0
2025-09-01 14:00:21,2,150,134,[1126.6531915333987 67.87205493265404 1412.0942688007592 376.6856401140923],[1193.741943359375 330.4737243652344 1268.00830078125 368.2564392089844],0.5275276303291321,,0
2025-09-01 14:00:23,3,432,171,[297.31943766061227 408.57169897840015 743.4288105427856 788.1551185151258],[393.8469543457031 678.5436401367188 499.5476989746094 728.3638916015625],0.6532699465751648,,0
2025-09-01 14:00:24,2,153,29,[1125.197659584514 66.10717202501311 1494.1324217331621 420.45969767443796],[1194.2984619140625 330.6068115234375 1268.066162109375 368.26812744140625],0.5279942154884338,,0
2025-09-01 14:00:24,3,435,171,[296.7347728428157 409.27552675455206 744.5105315389886 787.9456042954404],[393.7987976074219 678.5687866210938 499.3607482910156 728.1953125],0.6530871391296387,,0
2025-09-01 14:00:25,2,156,29,[1125.2509730252484 66.29851796082409 1494.1318718167383 420.83943237646383],[1195.719482421875 330.7294921875 1267.996337890625 368.2203369140625],0.5310727953910828,,0
2025-09-01 14:00:26,3,438,171,[296.614267243386 409.7500308793998 745.1832364043737 787.4385780836884],[394.0055236816406 678.5216674804688 499.4226379394531 728.1766357421875],0.6504884958267212,,0
2025-09-01 14:00:26,2,159,29,[1125.3575179225297 66.32060403559626 1494.1731413017676 420.9509892492925],[1195.5047607421875 330.7523498535156 1267.9775390625 368.27142333984375],0.5343859195709229,,0
2025-09-01 14:00:27,3,441,171,[296.66201684791866 410.04423273623445 745.6894740074149 786.9854677146319],[394.04638671875 678.7337036132812 499.36553955078125 728.0010375976562],0.6480845212936401,,0
2025-09-01 14:00:27,2,162,29,[1125.82104872103 66.73684136181734 1494.5283907731105 421.6693719437428],[1195.4232177734375 330.8389892578125 1267.89306640625 368.2481689453125],0.5335254073143005,,0
2025-09-01 14:00:28,3,444,171,[296.82347424345255 410.43741041780174 746.0542353414857 786.5498181402503],[393.8277282714844 678.7615356445312 499.2059326171875 728.0811767578125],0.6487666964530945,,0
2025-09-01 14:00:29,2,165,29,[1125.804446282636 66.39931002813825 1494.363362072735 421.3512687693636],[1195.3443603515625 330.9723205566406 1267.865478515625 368.24078369140625],0.5273462533950806,,0
2025-09-01 14:00:29,3,447,171,[296.46708890065145 411.519351575462 745.9072293420071 786.7587083920259],[394.7807922363281 679.2167358398438 498.6964416503906 727.7728271484375],0.6395546793937683,,0
2025-09-01 14:00:30,2,168,29,[1126.021486743795 66.39436255510398 1494.5312795455768 421.50620380487464],[1195.473876953125 330.8822937011719 1267.9840087890625 368.2547607421875],0.5302250981330872,,0
2025-09-01 14:00:30,3,450,171,[296.1619322170781 411.77693701344765 745.505830719444 786.3789784790235],[394.8007507324219 679.39306640625 499.0057067871094 727.77880859375],0.6387146711349487,,0
2025-09-01 14:00:31,2,171,29,[1126.5679524677819 66.47912997535946 1495.2618118855933 421.9793655641429],[1190.66162109375 330.5227966308594 1268.6744384765625 368.8865051269531],0.554793655872345,,0
2025-09-01 14:00:32,3,453,171,[296.17683767665403 411.9642561095677 745.4024580895441 785.6402499971468],[394.75469970703125 679.929931640625 498.8099670410156 727.7450561523438],0.6282497644424438,,0
2025-09-01 14:00:32,2,174,29,[1126.6663415904284 66.44391098825105 1495.2471294485456 422.12808975191314],[1193.963134765625 330.3984375 1268.5218505859375 368.6404724121094],0.5363532304763794,,0
2025-09-01 14:00:33,3,456,171,[296.0205521972331 412.2548103894022 745.1699570943084 784.9909242573382],[394.6153564453125 680.1377563476562 498.76519775390625 727.9022827148438],0.6320120692253113,,0
2025-09-01 14:00:34,2,177,29,[1125.9564969721587 66.18949863690668 1494.6817596355022 421.30302641763853],[1193.2138671875 330.768310546875 1268.81591796875 368.56365966796875],0.5734787583351135,,0
2025-09-01 14:00:35,3,459,171,[298.96818663173167 411.7700172786175 751.3230812284021 784.1613920768747],[388.26983642578125 681.9217529296875 496.8614501953125 728.6716918945312],0.6123549342155457,,0
2025-09-01 14:00:35,2,180,29,[1125.558430314279 66.00862565598175 1494.291786637243 420.8993461644735],[1189.7724609375 330.37274169921875 1266.554443359375 368.56781005859375],0.5597347617149353,,0
2025-09-01 14:00:36,3,462,171,[299.45503053535475 411.9261659876098 753.8600746304496 783.9007261574983],[387.7689514160156 682.0060424804688 497.4397888183594 728.4688720703125],0.6063928604125977,,0
2025-09-01 14:00:37,2,183,29,[1126.8482434061486 64.8327421029185 1494.4098039129178 418.82347684508295],[1193.826904296875 331.9110107421875 1268.8583984375 368.9222106933594],0.5756410956382751,,0
2025-09-01 14:00:37,3,465,171,[299.32805369038135 412.36253275168224 756.1618633342333 785.0595730331061],[388.0450744628906 682.2361450195312 497.63836669921875 727.7522583007812],0.5936571359634399,,0
2025-09-01 14:00:38,2,186,29,[1127.518184957651 63.76330205305891 1494.1541552196213 415.84064706461686],[1193.4873046875 332.01104736328125 1268.75830078125 368.8818054199219],0.5727129578590393,,0
2025-09-01 14:00:39,3,468,171,[300.11456517704744 413.21863649530883 757.8576101902373 785.3791401470803],[388.2924499511719 683.5277709960938 496.9721374511719 727.7443237304688],0.5346490740776062,,0
2025-09-01 14:00:39,2,189,29,[1128.0114486467535 63.69299614258415 1493.935877880789 414.11530085164344],[1193.8084716796875 332.0396728515625 1268.6839599609375 368.8435363769531],0.5712060928344727,,0
2025-09-01 14:00:40,2,192,29,[1128.5944864287044 63.616911470535285 1494.2844914559869 412.55692474655075],[1193.855712890625 332.0475158691406 1268.6234130859375 368.81207275390625],0.5708488821983337,,0
2025-09-01 14:00:40,3,471,171,[300.0556296816674 413.74541100999033 757.8761962439726 785.5033518119777],[388.16729736328125 683.427978515625 496.6475830078125 727.8768310546875],0.5488763451576233,,0
2025-09-01 14:00:41,2,195,29,[1128.0472109555267 67.32206254005862 1494.74393444108 417.83650964963044],[1207.344482421875 331.4697570800781 1268.8741455078125 367.60986328125],0.4715564250946045,,0
2025-09-01 14:00:43,2,198,29,[1127.5956754429253 68.41865215205854 1494.9611414129663 420.1806088247699],[1207.8717041015625 331.3090515136719 1269.103759765625 367.5474548339844],0.48176833987236023,,0
2025-09-01 14:00:42,3,474,171,[300.0574392799681 414.0995786668127 757.9237359027693 785.529565740771],[388.49737548828125 683.3204956054688 496.5088195800781 727.467041015625],0.549911618232727,,0
2025-09-01 14:00:44,2,201,29,[1127.319209602878 68.48008947938354 1495.0625070142396 421.2075316611749],[1206.78857421875 331.3169860839844 1268.94775390625 367.5942077636719],0.48999491333961487,,0
2025-09-01 14:00:44,3,477,171,[300.0301830026163 414.29424744735525 757.8302138684114 785.4217120756407],[388.4414978027344 683.1478271484375 496.6394348144531 727.6922607421875],0.5569338798522949,,0
2025-09-01 14:00:45,2,204,29,[1127.2097047569132 68.34876131495784 1495.4749653224453 421.76446412877533],[1207.119140625 331.6530456542969 1269.16455078125 367.6644287109375],0.5004904270172119,,0
2025-09-01 14:00:45,3,480,171,[296.6105376269722 413.9720988624768 751.8679866829787 785.4134966653971],[393.69464111328125 679.6572875976562 498.65325927734375 728.6222534179688],0.6481167078018188,,0
2025-09-01 14:00:46,2,207,29,[1127.0080847603056 68.16931100790458 1495.6544660200973 422.15264689918376],[1207.09375 331.46722412109375 1269.0906982421875 367.6669921875],0.507110595703125,,0
2025-09-01 14:00:47,3,483,171,[295.94160960976546 413.74895106482825 749.4120363024911 785.1401656743682],[393.6396789550781 679.6908569335938 498.9916076660156 728.6358642578125],0.6447399258613586,,0
2025-09-01 14:00:47,2,210,29,[1126.8834930893127 67.9947100885133 1495.7376964959622 422.41009515406927],[1207.2747802734375 331.51190185546875 1269.3533935546875 367.6259765625],0.5068705081939697,,0
2025-09-01 14:00:48,3,486,171,[295.77937077787806 413.7408839693808 747.8882408874706 785.12179124505],[393.4302978515625 679.5612182617188 498.79229736328125 728.7874755859375],0.6470693945884705,,0
2025-09-01 14:15:29,3,164,278,[775.504258492319 198.6013409285028 1072.6348763399244 464.95081162845514],[881.09033203125 392.0855712890625 953.302001953125 427.15081787109375],0.5027987360954285,BX23ANO,0.062251226270457934
2025-09-01 14:15:33,2,92,302,[1126.3507565946952 69.40093631351522 1418.2859486602329 378.9094597202153],[1196.704833984375 328.6219482421875 1268.756103515625 367.71075439453125],0.5290709137916565,OA71AOI,0.07296645374502196
2025-09-01 14:15:34,2,93,302,[1126.5042564706864 69.86320674138375 1418.3050534136928 379.0515722073411],[1196.930908203125 328.64373779296875 1268.7445068359375 367.6914367675781],0.527786910533905,OA71AOI,0.07296645374502196
2025-09-01 14:15:40,2,102,267,[1126.5658988760574 66.7270703560034 1494.8555543192647 425.69155834054277],[1197.5347900390625 328.5667419433594 1268.864990234375 367.6192932128906],0.5320208072662354,II47AEY,0.044846429529716327
2025-09-01 14:15:48,3,182,278,[776.0452609934065 216.16358627423512 1084.148734961349 502.40591773925286],[885.8036499023438 413.5166015625 966.3748168945312 458.9359130859375],0.5545997619628906,OL34OFO,0.013602761627933998
2025-09-01 14:15:50,3,183,278,[776.1780561868557 216.62443399192279 1085.616841319746 503.78926625585103],[889.8202514648438 417.7502746582031 961.4273071289062 457.8408508300781],0.578086793422699,MH33NFO,0.01990525397565434
2025-09-01 14:16:35,3,231,278,[969.1334834462814 197.00704953668165 1248.677804125432 411.0272569574836],[1044.5504150390625 281.2865295410156 1108.543212890625 319.56573486328125],0.21748194098472595,IA38ASA,0.02623587593149805
2025-09-01 14:16:36,3,232,278,[969.3792398450535 196.68224573043042 1248.3998985788396 411.1666469855727],[1044.2413330078125 281.593505859375 1108.46630859375 319.6474914550781],0.21354608237743378,IA38ASA,0.02623587593149805
2025-09-01 14:17:54,3,328,632,[995.2460624662615 360.03918601774 1373.4756983681002 736.3216398428766],[1139.7396240234375 628.195068359375 1236.54345703125 670.8836059570312],0.5607422590255737,GS02AOI,0.27480148736957277
2025-09-01 14:17:56,3,329,632,[995.2633744807974 360.17541783215233 1373.0003096251537 736.1749040361258],[1139.6304931640625 628.1644287109375 1236.0206298828125 670.5772705078125],0.5486087799072266,GG02AOI,0.4339209627577537
2025-09-01 14:18:04,2,254,538,[1127.1812309816603 68.98874739152535 1494.1035457641358 423.4260510026943],[1198.2623291015625 329.03790283203125 1269.1138916015625 367.8043518066406],0.5342193245887756,AA77NVT,0.2915904823439519
2025-09-01 14:18:06,3,333,631,[536.3001777358166 333.138195031638 878.9250704130583 627.5803106647868],[654.693115234375 558.6956176757812 736.9860229492188 595.7030639648438],0.40185078978538513,JB22ERL,0.33860716988158146
2025-09-01 14:18:06,2,255,538,[1127.1778401871165 68.51907195369526 1494.1571577526715 423.7687668293853],[1201.4208984375 329.2489013671875 1269.0548095703125 367.7021484375],0.5274196863174438,AA77NVT,0.24429300123012687
2025-09-01 14:18:06,3,333,632,[994.9004078941607 360.3720542196181 1372.5956117806545 734.7104910714986],[1159.2469482421875 630.8140869140625 1244.83203125 669.8642578125],0.29299378395080566,IS62AOI,0.1978706603744347
2025-09-01 14:18:08,2,256,538,[1126.9309042383543 68.11687615795927 1494.1260168900835 423.8202028815016],[1200.251708984375 329.1907653808594 1269.0059814453125 367.7454528808594],0.5408803224563599,HA77PUT,0.2875213907821696
2025-09-01 14:18:08,3,334,631,[536.6017851898862 332.97572950494714 877.5561148422094 628.225624005525],[654.524658203125 558.6866455078125 737.0270385742188 595.728515625],0.3994867503643036,JB22ERL,0.33860716988158146
2025-09-01 14:18:08,3,334,632,[994.7402802460456 360.680606278474 1372.3075852635666 734.0718802649826],[1159.0440673828125 630.82861328125 1244.8743896484375 669.8775024414062],0.29271748661994934,IS62AOI,0.1978706603744347
2025-09-01 14:18:10,2,257,538,[1126.8734121009932 67.99430373914271 1494.1096598513457 424.1508189390301],[1199.8480224609375 329.133056640625 1269.010986328125 367.7685241699219],0.5420182347297668,OA77PUT,0.15890753307714656
2025-09-01 14:18:13,3,336,631,[527.1673566605986 334.64850889435564 873.7850233248854 637.6632334077522],[629.9046630859375 555.00244140625 727.5614013671875 601.8690185546875],0.5678397417068481,II12ENL,0.015021834763038247
2025-09-01 14:18:18,2,266,538,[1126.811879003956 67.9094181573094 1494.4071575129499 425.79959603390677],[1201.8250732421875 329.09033203125 1268.846923828125 367.688232421875],0.5422900319099426,AA77DVD,0.05102827476837909
2025-09-01 14:18:20,2,267,538,[1126.7917846019113 67.96286954237164 1494.5062160134285 425.9423104443789],[1201.4627685546875 329.0404357910156 1268.8260498046875 367.68988037109375],0.5427587032318115,AA77DVD,0.05102827476837909
2025-09-01 14:18:20,3,342,632,[997.9471151909222 359.4992565349171 1371.9412226938382 731.2837475029476],[1154.148193359375 628.5435791015625 1240.1390380859375 666.7362670898438],0.3379502594470978,IS02AOJ,0.12903850492349087
2025-09-01 14:18:22,3,343,632,[998.0263745441767 359.5422071010122 1372.14930041855 731.8654216503493],[1153.3685302734375 628.3361206054688 1241.322509765625 666.9805297851562],0.34087762236595154,AS02APJ,0.12292307052400742
2025-09-01 14:18:22,2,268,538,[1126.6854180444243 67.9717223825848 1494.5158016261394 425.96452927534057],[1201.4942626953125 329.06146240234375 1268.9334716796875 367.6967468261719],0.5436292886734009,AA77DVD,0.05102827476837909
2025-09-01 14:18:24,3,344,632,[998.0159339157354 359.3401741139325 1372.1456385476163 731.9953430061512],[1153.4649658203125 628.7833251953125 1241.2449951171875 666.9608154296875],0.3337555229663849,AS02APJ,0.12203671786246002
2025-09-01 14:18:25,2,269,538,[1126.611472119778 67.96215649093918 1494.547997127462 426.0067782694281],[1201.256591796875 329.0225830078125 1268.9730224609375 367.72119140625],0.5448877215385437,AA77DVD,0.05102827476837909
2025-09-01 14:18:26,3,345,632,[998.1754230133324 359.35475248507316 1372.2245452681282 732.4678417236659],[1153.9661865234375 628.8184814453125 1240.7156982421875 667.227783203125],0.34869712591171265,IS02AOJ,0.3499959332017611
2025-09-01 14:18:34,3,350,632,[998.0778951504026 358.1630624798754 1372.0108820782216 733.0055012758567],[1154.7012939453125 628.3969116210938 1241.730224609375 667.5899047851562],0.39465904235839844,AS02APJ,0.18343297679089743
2025-09-01 14:18:34,3,350,632,[998.0778951504026 358.1630624798754 1372.0108820782216 733.0055012758567],[1176.008056640625 632.9381103515625 1250.6004638671875 672.1838989257812],0.2950073480606079,SO94DJO,0.14735065932177907
2025-09-01 14:18:35,3,351,632,[997.9839657380496 358.1840047687157 1371.7539095475925 732.8819245773042],[1154.76611328125 628.272705078125 1243.1800537109375 667.76953125],0.4010787308216095,AS02ADJ,0.10255765088196948
2025-09-01 14:18:35,3,351,632,[997.9839657380496 358.1840047687157 1371.7539095475925 732.8819245773042],[1174.6524658203125 632.2987670898438 1250.3050537109375 672.1331787109375],0.328547865152359,SO24DJL,0.2622229581408845
2025-09-01 14:18:39,3,354,632,[998.0934228047731 358.6868372658605 1372.2131768749368 733.4871609561062],[1156.235595703125 628.8153686523438 1246.4022216796875 671.2680053710938],0.4063819646835327,IG02ADJ,0.10864314014138995
2025-09-01 14:18:42,3,356,632,[997.2773514279904 359.33178356517067 1371.9245709857103 733.9151001221597],[1139.3050537109375 624.927978515625 1235.1617431640625 671.66015625],0.6321405172348022,OG02API,0.0814865961011728
2025-09-01 14:18:44,3,357,632,[996.4316218223803 359.533373402855 1370.705497109977 733.8813279596056],[1138.629638671875 624.4270629882812 1235.51904296875 672.0027465820312],0.6380539536476135,OS02ANJ,0.09487061972228308
2025-09-01 14:19:02,3,370,632,[995.8791034441815 358.41225209237166 1359.3676314397558 702.9985996834963],[1169.437744140625 633.4320678710938 1252.5 674.5989990234375],0.3516986668109894,IS02AAJ,0.26642234541614995
2025-09-01 14:19:03,4,589,695,[481.2132614260165 35.48949046557587 854.173060574966 343.4220754645239],[645.2509155273438 195.3657989501953 726.769775390625 238.71803283691406],0.30699828267097473,AJ21ASO,0.41772846135083663
2025-09-01 14:19:05,3,372,632,[998.3390632858859 360.13028864163425 1363.0873512979788 702.065429441049],[1165.53857421875 632.5988159179688 1252.1646728515625 674.6577758789062],0.32885706424713135,IS02AOJ,0.3450773281998536
2025-09-01 14:19:07,3,373,632,[996.6176511431134 360.41496819094436 1359.353488620016 701.1178756577106],[1165.1058349609375 632.67431640625 1252.1080322265625 674.6111450195312],0.33523884415626526,IS02AOJ,0.3450773281998536
2025-09-01 14:19:10,3,375,632,[995.8655101590289 361.5562119704297 1355.417232554953 701.6290596829323],[1162.0623779296875 632.7075805664062 1252.04150390625 674.6625366210938],0.327505499124527,IS02APJ,0.44616915799543727
2025-09-01 14:19:11,3,376,632,[996.0432499083862 361.3940797275284 1354.465182115836 701.0009108071813],[1162.1556396484375 632.4419555664062 1251.8348388671875 674.5668334960938],0.3210844099521637,IS02APJ,0.45832818576535683
2025-09-01 14:19:15,3,378,632,[998.4699626049862 362.5941646115642 1359.6563979041846 702.9685744386551],[1142.9422607421875 631.27978515625 1237.470458984375 669.6043090820312],0.3642120361328125,AS02APJ,0.13561372124179538
2025-09-01 14:19:15,3,378,632,[998.4699626049862 362.5941646115642 1359.6563979041846 702.9685744386551],[1158.6153564453125 632.4945068359375 1251.4425048828125 674.5291137695312],0.33852672576904297,IS02APJ,0.5847136596920034
2025-09-01 14:19:55,3,408,632,[1007.7913962017687 359.91873250286244 1365.8761848581862 726.47011248589],[1161.7017822265625 629.2411499023438 1247.5482177734375 674.903076171875],0.4877077341079712,IS02AOI,0.299197154907207
2025-09-01 14:19:56,3,409,632,[1004.9299465940077 360.1102869419941 1368.520736458247 728.9905657828559],[1161.661376953125 629.0675048828125 1247.520263671875 674.571533203125],0.477252721786499,IS02AOI,0.299197154907207
2025-09-01 14:20:00,3,413,632,[998.9664690381784 359.06798367075754 1372.918575176285 731.9571827600073],[1161.8572998046875 629.3690185546875 1247.455078125 674.3805541992188],0.47925806045532227,IS02AOI,0.299197154907207
2025-09-01 14:20:01,3,414,632,[998.2955976399537 359.19755857802306 1373.4676890647895 732.2989978790208],[1161.6827392578125 628.5661010742188 1247.55078125 674.7885131835938],0.48975563049316406,IS02AOJ,0.2650117841794615
2025-09-01 14:20:02,3,415,632,[998.2416096046643 358.1368258745513 1374.0761904521817 731.7202150151716],[1161.870849609375 628.8692016601562 1247.5118408203125 674.6875],0.48587220907211304,IS02AOJ,0.2650117841794615
2025-09-01 14:20:03,3,416,632,[998.0880028174395 357.68677395446497 1374.401750418717 731.5422515960213],[1162.1328125 628.5921630859375 1247.678955078125 674.7069091796875],0.48562586307525635,IS02API,0.24737883921039674
2025-09-01 14:20:04,3,417,632,[997.970571449365 357.44246350622666 1374.5802398404192 731.5617252560546],[1162.2371826171875 628.7224731445312 1247.6690673828125 674.5909423828125],0.4819324016571045,IS02API,0.23983407392698558
2025-09-01 14:20:05,3,418,632,[997.8878524715228 357.2734794529015 1374.8310389909184 731.6249912673243],[1162.8212890625 629.04345703125 1247.6727294921875 674.560546875],0.47779399156570435,IS02ADJ,0.28140247220675896
2025-09-01 14:20:06,3,419,632,[997.7874114783294 356.42925575106983 1374.8787510525012 731.3882594524268],[1163.218505859375 629.1107177734375 1247.6337890625 674.6497802734375],0.4767218828201294,IS09ADJ,0.6027101865063833
2025-09-01 14:20:09,3,422,632,[997.6168850106689 356.2578475776911 1375.1291355598207 731.863304737361],[1162.28076171875 628.3533935546875 1247.702392578125 674.6140747070312],0.47762244939804077,IS02ADJ,0.5755975652126148
2025-09-01 14:20:10,3,423,632,[997.5759528774167 355.97733903279396 1375.10063772215 731.7706765718317],[1161.94677734375 628.5568237304688 1247.615234375 674.4891357421875],0.46960148215293884,IS02AOJ,0.3191144947740396
2025-09-01 14:20:11,3,424,632,[997.5724536049113 356.14906652137074 1375.0006279817446 731.8473126054398],[1161.8746337890625 628.434326171875 1247.6947021484375 674.4877319335938],0.472102552652359,IS02AOJ,0.3191144947740396
2025-09-01 14:20:12,3,425,632,[997.5696860395137 356.0544648536575 1374.9290960660314 731.8253014344843],[1162.257568359375 628.7694091796875 1247.5400390625 674.3275146484375],0.4716058671474457,IS02ADJ,0.5755975652126148
2025-09-01 14:20:13,3,426,632,[997.5602912749389 355.86004926075054 1375.0191351103265 731.692827015445],[1161.6951904296875 628.6849365234375 1247.5811767578125 674.470947265625],0.4756828546524048,IS02AOJ,0.3117800183826937
2025-09-01 14:20:13,3,427,632,[997.5030366778005 355.800175168298 1374.937796947317 731.7173132583234],[1162.1104736328125 628.5135498046875 1247.6873779296875 674.889404296875],0.4867990016937256,IS02ADJ,0.5755975652126148
2025-09-01 14:20:14,3,428,632,[997.3316580920985 355.45791243472934 1374.659574985257 731.466818681197],[1162.619873046875 629.0403442382812 1247.5125732421875 674.675537109375],0.48405829071998596,IS02ADJ,0.28140247220675896
2025-09-01 14:20:16,3,429,632,[997.3469699330832 355.65665279202096 1374.6546015667795 731.4984459610165],[1162.3294677734375 629.0167846679688 1247.567626953125 674.7107543945312],0.48457372188568115,IS02ADJ,0.28140247220675896
2025-09-01 14:20:20,3,430,632,[997.4014442156182 355.9253954853772 1374.8072863791767 731.7571454612013],[1162.2462158203125 628.8550415039062 1247.6077880859375 674.7493896484375],0.4861471354961395,IS02ADJ,0.5755975652126148
2025-09-01 14:20:25,3,431,632,[997.3327639411111 355.84801910773274 1375.1721197864324 731.8159310445527],[1161.441162109375 628.5527954101562 1247.7025146484375 674.7693481445312],0.4824993312358856,IS02AOJ,0.2918609219284101
2025-09-01 14:20:26,3,432,632,[996.2063388556139 356.42045969970206 1373.8236459553182 732.5575638174729],[1161.9224853515625 628.6001586914062 1247.6409912109375 674.6171264648438],0.4808364808559418,IS02AOJ,0.2918609219284101
2025-09-01 14:22:48,3,559,1085,[533.9129590071747 192.08651176395657 838.7331700194985 465.6333158835588],[618.8021850585938 387.4611511230469 688.9764404296875 426.77783203125],0.4837045669555664,MI40ZEW,0.12258148342072896
2,1,1,[1128.7415771484375 64.51342010498047 1404.8118896484375 371.7026672363281],[1202.752685546875 328.97955322265625 1269.677490234375 369.9466552734375],0.44228219985961914,,0
4,1,3,[1232.8143310546875 104.28598022460938 1673.44482421875 384.0455017089844],[1544.4691162109375 239.65370178222656 1601.5196533203125 276.5977783203125],0.38764098286628723,,0
2,2,1,[1128.7218622067685 64.73629870518855 1404.473241949494 371.77067602221496],[1202.252197265625 329.0660705566406 1269.673095703125 369.8879699707031],0.4508870840072632,,0
4,2,3,[1232.489671405436 104.16638614711181 1673.5353763936503 384.01075329361595],[1544.5089111328125 239.6967010498047 1601.48583984375 276.552490234375],0.38458052277565,,0
2,3,1,[1128.8158908318298 64.75899671247493 1404.339617341833 371.6365102729649],[1202.0057373046875 328.9620056152344 1269.6800537109375 369.9715881347656],0.4533006250858307,,0
4,3,3,[1232.5437936621574 104.18051345088034 1673.565583988654 384.00872824787405],[1544.4173583984375 239.5678253173828 1601.6341552734375 276.7024230957031],0.38860195875167847,,0
2,4,1,[1128.841410182494 64.81321127918511 1404.1669796323329 371.57346926925504],[1202.405029296875 329.0460205078125 1269.65185546875 369.90692138671875],0.46020784974098206,,0
4,4,3,[1232.9830897618162 104.32848694843508 1673.5964087421953 383.9728080333996],[1544.4251708984375 239.5762481689453 1601.62255859375 276.691162109375],0.38836950063705444,,0
2,5,1,[1128.9400896373209 64.69214016946 1404.293454805459 371.577458172843],[1202.80712890625 329.0983581542969 1269.6475830078125 369.85400390625],0.44057315587997437,,0
4,5,3,[1233.0315717521135 104.32709112077177 1673.541833098096 383.93887040272364],[1544.4158935546875 239.50099182128906 1601.5645751953125 276.6559143066406],0.3936139643192291,,0
2,6,1,[1128.994309172796 63.907594513090544 1404.7675837546713 371.4393784728304],[1202.43798828125 329.0299072265625 1269.4827880859375 369.8226013183594],0.4344038665294647,,0
4,6,3,[1232.9421679690483 104.28477485160525 1673.4892498740903 383.8821996062526],[1544.4202880859375 239.52484130859375 1601.6217041015625 276.6872863769531],0.3930559754371643,,0
2,7,1,[1128.9728342972712 63.678317530834136 1404.9317783928645 371.426879600407],[1203.10205078125 329.1466369628906 1269.4613037109375 369.82818603515625],0.4379509389400482,,0
4,7,3,[1232.8475508109457 104.30451866069188 1673.364037209972 383.85654729602106],[1544.41748046875 239.50955200195312 1601.6558837890625 276.708251953125],0.3918776512145996,,0
2,8,1,[1128.9409014176888 63.65297301994195 1405.0004383024914 371.46767776731315],[1202.8126220703125 329.004150390625 1269.5560302734375 369.9670715332031],0.4440808892250061,,0
4,8,3,[1232.6638400452575 104.2345232219335 1673.3643914658228 383.8543972354754],[1544.423583984375 239.49993896484375 1601.5711669921875 276.66448974609375],0.3925482928752899,,0
2,9,1,[1128.9337237599175 63.56696176328538 1405.0679320278728 371.47358382191317],[1203.249755859375 329.1362609863281 1269.523681640625 369.98565673828125],0.4441056251525879,,0
4,9,3,[1232.6975542438254 104.27710220022041 1673.381919499417 383.9003598137657],[1544.43310546875 239.5443878173828 1601.5576171875 276.64739990234375],0.39377105236053467,,0
2,10,1,[1128.7774391742084 63.546892199781865 1404.8586650976133 371.5295881412303],[1203.03271484375 329.0531005859375 1269.6263427734375 370.07879638671875],0.4303138256072998,,0
4,10,3,[1232.568643475988 104.24448255916411 1673.3349463236016 383.874193779258],[1544.571533203125 239.66232299804688 1601.39794921875 276.54901123046875],0.38632336258888245,,0
4,10,4,[357.71368534654755 66.92417608114737 629.7916237275701 298.9306963680742],[484.1080627441406 186.06541442871094 548.3306274414062 225.89547729492188],0.2644449770450592,,0
2,11,1,[1128.7790600935023 63.72464754579113 1404.798821356334 371.613310007468],[1202.9847412109375 329.1743469238281 1269.6669921875 369.95892333984375],0.4416264593601227,,0
4,11,3,[1232.7096276641541 104.23197897681015 1673.3682797260826 383.83172186198317],[1544.4605712890625 239.44593811035156 1601.5140380859375 276.7044982910156],0.39436769485473633,,0
4,11,4,[358.61021312528544 66.94934108130302 630.0383311518932 298.7791636882387],[483.80657958984375 185.6821746826172 548.4874877929688 226.08302307128906],0.2585389316082001,,0
2,12,1,[1128.9499165599086 63.56552695468562 1405.2934980002988 371.48882952087547],[1202.615966796875 329.1351013183594 1269.725830078125 370.0047912597656],0.44681334495544434,,0
4,12,3,[1232.465965053595 104.16718152351868 1673.3213111194136 383.88533905626855],[1544.478515625 239.51597595214844 1601.3671875 276.59991455078125],0.3953213393688202,,0
4,12,4,[359.1295703685347 66.98397079223562 630.0391858721715 298.6877393709897],[483.8526306152344 185.58920288085938 548.3855590820312 226.07752990722656],0.25200608372688293,,0
2,13,1,[1128.8752882105553 63.83415688374794 1405.4579841075386 371.5595041252461],[1202.4013671875 329.17657470703125 1269.6614990234375 370.024658203125],0.4501558840274811,,0
4,13,3,[1232.64871177884 104.16357936432809 1673.4425808532676 383.9435663482911],[1544.50927734375 239.51907348632812 1601.43603515625 276.6433410644531],0.3958170711994171,,0
2,14,1,[1128.7495013947403 63.876236137874656 1405.4993396375287 371.47734573870696],[1202.44482421875 329.08203125 1269.6895751953125 370.0335693359375],0.45640385150909424,,0
4,14,3,[1232.8089317897673 104.19137131174 1673.4956571642558 383.9957423993015],[1544.432861328125 239.50286865234375 1601.3702392578125 276.64581298828125],0.38682907819747925,,0
2,15,1,[1128.6995790906728 63.8017281450459 1405.5813618335849 371.39035998430387],[1201.751953125 328.9499816894531 1269.788818359375 370.049560546875],0.4595467150211334,,0
4,15,3,[1232.8753256681641 104.12978360734567 1673.556747449419 383.957173713834],[1544.3587646484375 239.5352325439453 1601.4049072265625 276.70068359375],0.3850930333137512,,0
2,16,1,[1128.6409515241514 63.815285085125595 1405.5408580133378 371.3000912115397],[1202.7293701171875 328.95465087890625 1269.7855224609375 369.9463806152344],0.444894939661026,,0
4,16,3,[1233.1509804301509 104.20205453619533 1673.6089296055438 383.9870830230776],[1544.3792724609375 239.485107421875 1601.4964599609375 276.703857421875],0.3834518790245056,,0
2,17,1,[1128.6329218817043 63.74465810721733 1405.6098586360902 371.22447298009087],[1202.9219970703125 328.9981384277344 1269.8057861328125 369.9029846191406],0.43966442346572876,,0
4,17,3,[1233.2904719711985 104.21127342421451 1673.5976012917301 383.96442760318905],[1544.3511962890625 239.46002197265625 1601.4346923828125 276.6835632324219],0.3845398724079132,,0
2,18,1,[1128.6136149125325 63.818539915132675 1405.6843898761683 371.24650485636505],[1201.9896240234375 328.8696594238281 1269.796142578125 370.00909423828125],0.4397929012775421,,0
4,18,3,[1233.371050123143 104.25201252832599 1673.5619392060185 384.04346572857446],[1544.1917724609375 239.4395751953125 1601.2020263671875 276.7379150390625],0.38597771525382996,,0
2,19,1,[1128.6058015345902 63.493163161749806 1405.8484464016724 371.13390175604366],[1201.846923828125 328.77642822265625 1269.775390625 370.02239990234375],0.44177013635635376,,0
4,19,3,[1233.3876614098162 104.22246069341176 1673.5012169042502 384.00925480796195],[1544.1962890625 239.42852783203125 1601.195556640625 276.7444152832031],0.38647034764289856,,0
2,20,1,[1128.572397803678 63.24481399691217 1406.0091300760187 371.07422985604387],[1201.760009765625 328.69580078125 1269.73291015625 370.0924987792969],0.4358161687850952,,0
4,20,3,[1233.1568437141011 104.15757665514874 1673.379296694621 384.0091053379415],[1544.137939453125 239.5052032470703 1600.885986328125 276.7120056152344],0.39333269000053406,,0
2,21,1,[1128.5453127276571 63.159672001252574 1406.1914481966553 371.1105423303269],[1201.335205078125 328.7104797363281 1269.7303466796875 370.1130065917969],0.44089475274086,,0
4,21,3,[1233.045486148631 104.11831556438057 1673.3587471399615 383.98171286747106],[1544.1505126953125 239.60179138183594 1600.8385009765625 276.66827392578125],0.3894127607345581,,0
2,22,1,[1128.4651934919452 63.26439591064624 1406.2793821369091 371.2230727756088],[1201.4033203125 328.6278991699219 1269.755859375 370.1353454589844],0.42942866683006287,,0
4,22,3,[1233.0435127290466 104.14077217958297 1673.384290947124 384.0345126695471],[1543.69091796875 239.71192932128906 1600.411865234375 276.55438232421875],0.3843640983104706,,0
2,23,1,[1128.390026301325 63.250588295702926 1406.3428501410124 371.2867699956172],[1201.043701171875 328.5054016113281 1269.5897216796875 370.0862731933594],0.4393385946750641,,0
4,23,3,[1233.055909142779 104.1467961691032 1673.3902032311753 384.0614955586861],[1543.6973876953125 239.72080993652344 1600.3897705078125 276.52252197265625],0.384280800819397,,0
2,24,1,[1128.2864480366509 63.073005248885465 1406.3290657542855 371.2794784319523],[1200.9273681640625 328.5320739746094 1269.60400390625 370.0628662109375],0.4465927481651306,,0
4,24,3,[1233.1295450940756 104.18314528795003 1673.3983831012815 384.1130128337554],[1543.714599609375 239.73788452148438 1600.36669921875 276.5012512207031],0.3862058222293854,,0
2,25,1,[1128.2424725052344 62.97145663214707 1406.3195849766514 371.2884293621618],[1200.4774169921875 328.57073974609375 1269.5906982421875 370.0168762207031],0.46113142371177673,,0
4,25,3,[1233.1280790738347 104.1821013871635 1673.3948866086266 384.16327939790904],[1543.4840087890625 239.63973999023438 1600.3660888671875 276.4977722167969],0.38765501976013184,,0
2,26,1,[1128.2585460867626 62.89674281403623 1406.2933497069116 371.34015034279196],[1200.68701171875 328.61785888671875 1269.6103515625 370.0215759277344],0.45779949426651,,0
4,26,3,[1233.3540636415196 104.21384273483287 1673.438174472562 384.2277434215116],[1543.5421142578125 239.9853057861328 1599.9796142578125 276.4924011230469],0.38545462489128113,,0
4,26,12,[1096.235576333288 26.808219511592526 1370.4090195217118 190.11904982282613],[1234.036865234375 79.36463928222656 1290.0594482421875 117.10121154785156],0.2639848291873932,,0
2,27,1,[1128.313057720309 62.764063264605454 1406.359280427437 371.41906772435794],[1200.6387939453125 328.6436462402344 1269.615966796875 369.9648742675781],0.46775078773498535,,0
4,27,3,[1233.3612369684379 104.2235330767877 1673.3655997665437 384.21699293248287],[1543.5916748046875 239.97193908691406 1599.9918212890625 276.49346923828125],0.38313156366348267,,0
4,27,12,[1075.0041970113903 19.15079640093839 1363.6012106166013 188.18033566821308],[1234.011962890625 79.29682922363281 1290.08837890625 117.19068908691406],0.25821784138679504,,0
2,28,1,[1128.3023020067337 62.74900341067092 1406.2320698956016 371.4906245906242],[1200.277099609375 328.5980529785156 1269.583984375 369.9749450683594],0.46402886509895325,,0
4,28,3,[1233.1880196276363 104.29385201094124 1673.2521996331182 384.076234486331],[1543.68896484375 239.89065551757812 1600.128662109375 276.4537048339844],0.38203585147857666,,0
4,28,12,[1065.2585661668277 13.306497052836988 1363.9183396909439 187.13675001211803],[1233.837158203125 79.27359771728516 1290.83642578125 117.58045196533203],0.2595403492450714,,0
2,29,1,[1128.2929350121813 62.734986403151225 1406.15972168476 371.5437869354239],[1199.6136474609375 328.5796813964844 1269.5797119140625 369.9999694824219],0.4654850363731384,,0
0,1,59,[1390.19384765625 70.11555480957031 1589.6107177734375 278.8578186035156],[1447.2603759765625 237.1094207763672 1500.8260498046875 276.11004638671875],0.3126407861709595,,0
0,1,57,[1666.9010009765625 138.1611328125 1860.7650146484375 390.01513671875],[1735.4315185546875 323.563720703125 1809.38818359375 374.6609802246094],0.26540571451187134,,0
4,29,3,[1233.1368900706318 104.31620640191247 1673.2285806456032 384.0196348060839],[1543.4871826171875 239.91412353515625 1600.1795654296875 276.5102233886719],0.3900805115699768,,0
4,29,81,[1051.296850457418 5.126543917475573 1375.1534992101172 190.44330015635498],[1233.82373046875 79.30377960205078 1290.9200439453125 117.60509490966797],0.26713138818740845,,0
2,30,1,[1128.3073089055747 62.68691325865163 1406.2365576832117 371.5818336535175],[1199.6505126953125 328.5565185546875 1269.619140625 370.0186462402344],0.46751120686531067,,0
4,30,3,[1233.2270769544093 104.33193445229708 1673.277441896531 383.99092508116655],[1543.6497802734375 239.861572265625 1600.3026123046875 276.4903564453125],0.3807103931903839,,0
4,30,81,[1060.1505856412398 13.407312587302613 1374.1099969830836 191.64049644716968],[1233.8822021484375 79.32481384277344 1290.3837890625 117.55952453613281],0.260825514793396,,0
0,2,59,[1390.148905426448 70.11018101827474 1589.615746997967 278.86219304395286],[1447.2208251953125 237.06698608398438 1500.84375 276.14813232421875],0.3113720715045929,,0
0,2,57,[1666.904807066534 138.15710030871958 1860.7795172764809 390.04306209953995],[1735.4853515625 323.5089111328125 1809.385986328125 374.7066650390625],0.2648181915283203,,0
2,31,1,[1128.3492743627853 62.64995256428949 1406.3333219189026 371.60634922569443],[1199.662353515625 328.5481262207031 1269.6177978515625 370.05560302734375],0.46458864212036133,,0
4,31,3,[1233.3098227036705 104.34560374145377 1673.3373619335923 384.0172921327301],[1543.6871337890625 239.95184326171875 1600.2425537109375 276.4397277832031],0.3764731287956238,,0
4,31,81,[1062.9585106549262 15.165876009838044 1372.6397047759128 190.74978616756908],[1233.8232421875 79.37690734863281 1290.267333984375 117.48033142089844],0.2609829604625702,,0
0,3,59,[1390.1497197288093 70.08215390925415 1589.6300455431704 278.847078764955],[1447.2294921875 237.00576782226562 1500.8193359375 276.1146240234375],0.3114968240261078,,0
0,3,57,[1666.8910073333914 138.1495732613576 1860.7775066070149 390.0436522267799],[1735.6707763671875 323.541259765625 1809.3582763671875 374.7056884765625],0.26464229822158813,,0
2,32,1,[1128.3876614660078 62.45465133948514 1406.4596341381418 371.59280270243084],[1199.66748046875 328.54217529296875 1269.4503173828125 370.0143127441406],0.467026948928833,,0
4,32,3,[1233.5172101948158 104.44190169189162 1673.432177298432 384.10208866700475],[1543.5693359375 239.64825439453125 1600.669677734375 276.42388916015625],0.3630144000053406,,0
4,32,81,[1070.7952138714702 23.579443084280726 1371.9633328240004 192.0190827992788],[1234.089111328125 79.13835144042969 1291.015625 117.5706558227539],0.27302491664886475,,0
0,4,59,[1390.1338157228827 70.04969604704141 1589.6379116600058 278.84166372687037],[1447.1107177734375 236.98471069335938 1500.8477783203125 276.2049865722656],0.31060248613357544,,0
0,4,57,[1666.8871086316096 138.14767446887157 1860.7775388173484 390.05014001786884],[1735.790771484375 323.4739685058594 1809.33984375 374.6866455078125],0.26733332872390747,,0
2,33,1,[1128.381784374648 62.466074464534756 1406.514603263455 371.69289173208114],[1199.509521484375 328.5215148925781 1269.4156494140625 370.039306640625],0.4675765335559845,,0
4,33,3,[1233.5663944287885 104.44469661161628 1673.4286772509558 384.0677939095612],[1543.5494384765625 239.63348388671875 1600.7156982421875 276.4928894042969],0.36281681060791016,,0
4,33,81,[1064.4785079661283 15.229173705373597 1370.6857353868477 188.42148453495898],[1234.0762939453125 79.09904479980469 1291.2623291015625 117.6954345703125],0.2863328158855438,,0
0,5,59,[1390.1119137318165 70.0450103218485 1589.6329264562182 278.8605204453635],[1447.2528076171875 237.02760314941406 1500.76611328125 276.08184814453125],0.3119514584541321,,0
0,5,57,[1666.8637089478077 138.14199547098409 1860.7691075333184 390.07167643646073],[1735.6278076171875 323.5609436035156 1809.3350830078125 374.6528625488281],0.2633943259716034,,0
2,34,1,[1128.3239330730928 62.64649446820499 1406.45355299392 371.80740387560473],[1199.957275390625 328.6593933105469 1269.2821044921875 369.96221923828125],0.4671819508075714,,0
4,34,3,[1233.8661527550594 104.40480911021763 1673.4241405572366 383.97639608867746],[1543.112548828125 239.22500610351562 1600.0308837890625 276.106201171875],0.3521566390991211,,0
4,34,81,[1076.7115371929478 27.898309994905205 1372.7160939666821 192.2781226890316],[1235.0706787109375 78.75315856933594 1291.1492919921875 117.31800842285156],0.26671820878982544,,0
0,6,59,[1390.096110050425 70.01320762367733 1589.6371800776728 278.8626270331969],[1447.1715087890625 236.84751892089844 1500.90380859375 276.1108093261719],0.3112984597682953,,0
0,6,57,[1666.864597568322 138.1408441491725 1860.7688332078733 390.0738745909832],[1735.562255859375 323.4859313964844 1809.327392578125 374.7088623046875],0.26003843545913696,,0
2,35,1,[1128.2788921474362 62.65975775748842 1406.4578137316894 371.79589943464816],[1200.3629150390625 328.74212646484375 1269.2724609375 369.9778747558594],0.46014106273651123,,0
4,35,3,[1233.9717064391318 104.45299801201557 1673.3608254160752 383.99370316424506],[1543.1209716796875 239.2110137939453 1600.00927734375 276.0885314941406],0.35446709394454956,,0
4,35,81,[1084.015349160246 32.17975404856951 1372.6151613685952 191.7571440628343],[1234.990478515625 78.77153778076172 1291.2137451171875 117.35396575927734],0.26579663157463074,,0
0,7,59,[1390.0945840652205 69.97809276736176 1589.6426060936512 278.8410071776039],[1447.1268310546875 236.8834991455078 1500.90087890625 276.125],0.3123171627521515,,0
0,7,57,[1666.84018568232 138.13015352443654 1860.761533382449 390.08523168520765],[1735.21484375 323.4347839355469 1809.3634033203125 374.7867126464844],0.26217254996299744,,0
2,36,1,[1128.34820370861 62.61535347388556 1406.6476005578738 371.7767108084073],[1200.714599609375 328.8432922363281 1269.231201171875 369.94390869140625],0.44949057698249817,,0
4,36,3,[1234.0370450072155 104.46450916127799 1673.3044544569975 383.98769117987405],[1543.138671875 239.2601776123047 1600.01123046875 276.0850524902344],0.35132670402526855,,0
4,36,81,[1093.5924186206348 37.375484843178995 1373.1593395913383 191.61015967983536],[1235.005126953125 78.77556610107422 1291.256591796875 117.31793975830078],0.25856560468673706,,0
0,8,59,[1390.0509164896916 69.95514681620548 1589.6355843699093 278.8476101223347],[1447.27099609375 237.01844787597656 1500.7646484375 276.0596923828125],0.31137165427207947,,0
0,8,57,[1666.8260581627353 138.11847340967392 1860.762101206965 390.08789991109927],[1735.5560302734375 323.5439758300781 1809.3197021484375 374.65997314453125],0.2639538645744324,,0
2,37,1,[1128.336726113978 62.35070231198878 1406.7225064030633 371.6835091551268],[1201.127685546875 328.889892578125 1269.200439453125 369.8687438964844],0.4499255418777466,,0
4,37,3,[1234.0062330886278 104.50698191537319 1673.2321470057639 384.0527919267055],[1543.2945556640625 239.18756103515625 1600.0792236328125 276.06280517578125],0.362896203994751,,0
4,37,81,[1095.4672434991169 38.7027802513297 1371.2109497403305 190.40850791226796],[1235.0450439453125 78.76344299316406 1291.183349609375 117.19892883300781],0.2539162039756775,,0
0,9,59,[1390.0654048735307 69.88747212212279 1589.6567820606253 278.83215442045594],[1447.2568359375 237.03338623046875 1500.8170166015625 276.10369873046875],0.3072126805782318,,0
0,9,57,[1666.8312026316062 138.12162590174606 1860.7658580767825 390.0774382445453],[1735.272216796875 323.47283935546875 1809.375732421875 374.69677734375],0.25903967022895813,,0
2,38,1,[1128.2188659904589 62.15083702784233 1406.6904834425584 371.66378357993585],[1201.1385498046875 328.8873596191406 1269.1898193359375 369.8738708496094],0.45077747106552124,,0
4,38,3,[1233.922957851551 104.50273855682227 1673.1670294319665 384.05949664410264],[1543.4146728515625 239.24871826171875 1599.8961181640625 276.0041198730469],0.3616410195827484,,0
0,10,59,[1390.0679175206708 69.84277770298831 1589.6670417488597 278.8295833615235],[1447.1964111328125 237.05429077148438 1500.86279296875 276.1731262207031],0.306918740272522,,0
0,10,57,[1666.8522982813142 138.12101383644645 1860.7838895244513 390.0521355976016],[1735.15869140625 323.4200439453125 1809.413818359375 374.75],0.263938307762146,,0
2,39,1,[1128.2179533929543 62.229607088403384 1406.661574992851 371.74375515664167],[1201.9720458984375 328.92828369140625 1269.201416015625 369.806396484375],0.44520774483680725,,0
4,39,3,[1234.0939255758963 104.54161317359029 1673.3363203702443 384.2263473709016],[1543.6864013671875 239.05133056640625 1599.4976806640625 275.8464660644531],0.37919676303863525,,0
0,11,59,[1390.0742602414728 69.82807185973353 1589.6770890119726 278.8312926088313],[1447.23486328125 236.99359130859375 1501.0169677734375 276.1824645996094],0.30648255348205566,,0
0,11,57,[1666.8816755666642 138.1203213285036 1860.8116841070653 390.02015469665355],[1735.228271484375 323.38458251953125 1809.422607421875 374.8162536621094],0.26362237334251404,,0
2,40,1,[1128.245192218785 62.54698628151948 1406.6092028045234 371.85573547202824],[1201.68603515625 328.954833984375 1269.1446533203125 369.8419189453125],0.4463820457458496,,0
4,40,3,[1234.1098764298126 104.55500024152113 1673.3759530887132 384.3516329790684],[1543.6754150390625 239.08383178710938 1599.4969482421875 275.8688049316406],0.3739066421985626,,0
0,12,59,[1390.082867643259 69.84582764074648 1589.6809130391896 278.8380036341579],[1447.127685546875 237.0413360595703 1501.064208984375 276.3235778808594],0.3082105815410614,,0
0,12,57,[1666.892018741286 138.13042695714176 1860.8228092437648 390.00564137373425],[1735.060546875 323.23681640625 1809.463623046875 374.9249267578125],0.26952889561653137,,0
2,41,1,[1128.2423922902867 62.696254752298614 1406.5130843336856 371.83464497525415],[1201.232666015625 328.9002685546875 1269.197021484375 369.8980407714844],0.44745582342147827,,0
4,41,3,[1234.1865869305889 104.49813233731652 1673.419621053496 384.3461290741109],[1543.658203125 239.05462646484375 1599.52294921875 275.8868408203125],0.37218067049980164,,0
0,13,59,[1390.136317111522 69.90474288901419 1589.6901085942052 278.8364898701013],[1447.245849609375 237.0602569580078 1500.9814453125 276.1875915527344],0.30906158685684204,,0
0,13,57,[1666.906520745774 138.1332804995771 1860.8254724862575 389.9670254953068],[1735.017333984375 323.316650390625 1809.42626953125 374.800048828125],0.26580414175987244,,0
2,42,1,[1128.2440366575947 62.70651862824323 1406.4546567790676 371.7698359891557],[1201.7061767578125 328.9274597167969 1269.060302734375 369.86004638671875],0.44866496324539185,,0
4,42,9,[1434.8940602411103 40.945550128695984 1917.9812382406599 276.2010980818273],[1543.613525390625 238.97776794433594 1599.876708984375 275.8675231933594],0.37628036737442017,,0
0,14,59,[1390.1610631010815 70.017537899414 1589.6685330567695 278.8505328802097],[1447.30224609375 236.99020385742188 1500.9459228515625 276.1014404296875],0.30908358097076416,,0
0,14,57,[1666.9084448251376 138.1435407625072 1860.8197812537871 389.94733463763407],[1735.3018798828125 323.4533996582031 1809.3892822265625 374.73797607421875],0.26420456171035767,,0
2,43,1,[1128.21846328539 62.72853985569765 1406.2385311183102 371.7201750994324],[1202.2176513671875 329.1178894042969 1268.88671875 369.8746032714844],0.4487963914871216,,0
4,43,9,[1435.3522933673762 41.86905118739098 1918.5333537219572 276.2009305616752],[1543.7479248046875 239.08763122558594 1599.8975830078125 275.9286193847656],0.3679901659488678,,0
0,15,59,[1390.102324581718 70.01590786033084 1589.6377938699363 278.8461565813713],[1447.3663330078125 236.96690368652344 1500.9052734375 276.0133056640625],0.30647310614585876,,0
2,44,1,[1128.223193529121 62.688607682790604 1406.094030591959 371.6426223133856],[1202.165771484375 329.0167541503906 1268.8348388671875 369.7981872558594],0.44466882944107056,,0
4,44,3,[1234.0789192899651 104.16868432263081 1673.4598328123816 384.34653247013784],[1543.73291015625 239.08554077148438 1599.9180908203125 275.95001220703125],0.36819934844970703,,0
0,16,59,[1390.0898167998969 70.00087806321427 1589.6331309744817 278.82526757120235],[1447.4010009765625 236.8790283203125 1500.95361328125 275.9265441894531],0.3042108118534088,,0
2,45,1,[1128.209978440574 62.73952924243807 1406.0556726840587 371.6524168514918],[1202.766357421875 329.1563720703125 1268.811767578125 369.73126220703125],0.44671866297721863,,0
4,45,9,[1437.0381553367397 42.89149209785998 1919.618550016106 276.2545566776448],[1543.789794921875 238.77804565429688 1599.9368896484375 275.8006286621094],0.3707038164138794,,0
4,45,81,[1083.8257392757273 40.9658490808126 1367.0025585592302 187.9648318242819],[1234.267333984375 79.3612060546875 1289.98095703125 117.0966796875],0.2564592957496643,,0
0,17,59,[1390.0736758647251 70.00054930500802 1589.6295991391087 278.82774461256685],[1447.2679443359375 236.93179321289062 1501.018798828125 276.0814208984375],0.30445754528045654,,0
2,46,1,[1128.1400767734228 62.75267052853897 1405.8831658065171 371.6579364699288],[1202.9432373046875 329.20953369140625 1268.822021484375 369.7742614746094],0.4429113566875458,,0
4,46,9,[1438.6542226274723 43.425605973909995 1920.0238730361584 276.00365712604196],[1543.830078125 238.81919860839844 1599.8460693359375 275.7041320800781],0.3746454417705536,,0
4,46,81,[1078.6773970544368 38.6889509983169 1366.7868077487888 187.44455019723057],[1234.3818359375 79.46026611328125 1290.1087646484375 117.08267211914062],0.26139703392982483,,0
0,18,59,[1390.0932260432864 69.96998147769295 1589.6415406195902 278.80561369412277],[1447.14697265625 236.97166442871094 1501.115234375 276.1876220703125],0.3017801344394684,,0
2,47,1,[1128.1329328877484 62.73801428605552 1405.7942512605402 371.680717437711],[1202.782958984375 329.2484130859375 1268.8770751953125 369.8284606933594],0.44027209281921387,,0
4,47,9,[1440.2344999394 43.67744386553085 1920.2642504821729 275.74580905091926],[1543.857421875 238.86085510253906 1599.74853515625 275.696044921875],0.3715302348136902,,0
4,47,81,[1079.9900446942902 38.693526497909346 1369.0300417430308 187.92680385764095],[1234.3671875 79.57301330566406 1290.0067138671875 117.09864807128906],0.2563221752643585,,0
0,19,59,[1390.1153263215442 69.9849503402459 1589.6488990357307 278.8039799847347],[1447.2918701171875 237.1684112548828 1500.9063720703125 276.1128845214844],0.3005202114582062,,0
2,48,1,[1128.145757708039 62.76115956033527 1405.7406939343239 371.64991729645357],[1202.63427734375 329.2443542480469 1268.939697265625 369.82025146484375],0.43127378821372986,,0
4,48,9,[1440.398654970595 44.42230920561387 1919.8379472442239 275.7728803794277],[1544.00244140625 238.87893676757812 1599.870849609375 275.62591552734375],0.3707262873649597,,0
0,20,59,[1390.1673812684785 69.91884277584495 1589.6608578524074 278.7611872859964],[1447.349609375 237.1033172607422 1500.888916015625 276.01898193359375],0.30266958475112915,,0
2,49,1,[1128.1841632040027 62.755210686792054 1405.7376151574958 371.6099555534861],[1202.4873046875 329.20703125 1268.927490234375 369.8960266113281],0.43050479888916016,,0
4,49,9,[1440.344240453067 45.784291497313774 1919.465556162144 276.1891585328141],[1544.0159912109375 238.9718780517578 1599.6822509765625 275.59521484375],0.36021116375923157,,0
0,21,59,[1390.1592664229731 69.91352255876396 1589.648886101961 278.77256864128435],[1447.3291015625 237.142333984375 1500.884521484375 276.0442810058594],0.3020589351654053,,0
2,50,1,[1128.2997079853958 62.72441177963722 1405.820204246133 371.59238552391616],[1202.428466796875 329.1944274902344 1268.8726806640625 369.9121398925781],0.42267149686813354,,0
4,50,9,[1440.8364766049403 46.75164327174386 1919.440516586947 276.2661374531608],[1543.8773193359375 239.01141357421875 1599.6937255859375 275.581787109375],0.3592188060283661,,0
0,22,59,[1390.163696783732 69.96375831214174 1589.643690412962 278.79981975163804],[1447.311279296875 237.07205200195312 1500.8765869140625 276.0661926269531],0.30665943026542664,,0
2,51,1,[1128.5616948921945 63.151798948406366 1406.2702851678248 371.80388145340794],[1201.769287109375 329.6347351074219 1269.4881591796875 370.249267578125],0.4196096658706665,,0
4,51,3,[1233.6994229557336 103.82341679415998 1673.6621629781393 383.9590920190456],[1546.9794921875 239.1253662109375 1602.83984375 276.4096984863281],0.2743297219276428,,0
0,23,59,[1390.168118567162 69.98869734561595 1589.6400455616442 278.81349206817254],[1447.2825927734375 236.93527221679688 1500.8804931640625 276.0560302734375],0.3073539733886719,,0
2,52,1,[1128.6543411278192 63.17101390721939 1406.507872965077 371.84205313904454],[1201.9586181640625 329.7752685546875 1269.3743896484375 370.1295166015625],0.4217357635498047,,0
4,52,3,[1233.5915617904411 103.80525093604078 1673.6283725316493 383.8224745798228],[1546.9793701171875 239.0606231689453 1602.8616943359375 276.4317932128906],0.2742374539375305,,0
0,24,59,[1390.1376272163864 70.02029667757184 1589.6237614651525 278.8442107461557],[1447.293701171875 236.96484375 1500.8653564453125 276.0528259277344],0.3102342188358307,,0
2,53,1,[1128.6432353747105 63.28514580079556 1406.5456482199625 371.8912576431445],[1201.4876708984375 329.64508056640625 1269.3824462890625 370.04400634765625],0.42313632369041443,,0
4,53,9,[1443.1109178881961 49.86749345726011 1919.0533977602363 278.44961492992],[1545.6749267578125 237.97677612304688 1600.1319580078125 275.2900085449219],0.350482702255249,,0
0,25,59,[1390.1471573741562 70.04253089831957 1589.627099245143 278.86279513192835],[1447.303466796875 236.9817352294922 1500.7255859375 276.0849914550781],0.31433144211769104,,0
0,25,57,[1666.8594002563082 138.14286616681238 1860.7586947217878 389.98902012603776],[1736.4466552734375 323.77508544921875 1809.2735595703125 374.5512390136719],0.26115626096725464,,0
2,54,1,[1128.645249234195 63.291445239876396 1406.5212016123469 371.8635765454165],[1201.4805908203125 329.60955810546875 1269.32958984375 370.0350341796875],0.412946492433548,,0
4,54,9,[1444.3778476331747 56.9204983487942 1919.207632099128 280.5009690757389],[1545.650146484375 237.9777374267578 1600.177490234375 275.3204345703125],0.3509175777435303,,0
0,26,59,[1390.1335362961513 70.02416490564295 1589.6166559358244 278.88207255581165],[1447.3997802734375 237.01190185546875 1500.6025390625 276.005615234375],0.3127368092536926,,0
0,26,57,[1666.879796050071 138.12942838539885 1860.760644983408 389.98401103368366],[1736.096923828125 323.7857666015625 1809.293701171875 374.57464599609375],0.25680214166641235,,0
2,55,1,[1128.7111322895853 63.02621090110347 1406.6561857641932 371.72892039287524],[1201.995849609375 329.8332824707031 1269.434814453125 369.9960021972656],0.4202449917793274,,0
4,55,9,[1444.8718035225502 59.656814454627394 1918.8936513403323 280.15621720517555],[1545.6416015625 237.98153686523438 1600.171875 275.3028259277344],0.3516930341720581,,0
0,27,59,[1390.1477728002424 70.03819022090251 1589.61733626276 278.90213091333425],[1447.3448486328125 237.09095764160156 1500.6771240234375 276.0331726074219],0.3108688294887543,,0
2,56,1,[1128.5834861018227 63.09461196765116 1406.3357847280697 371.7584625258254],[1202.2613525390625 329.93316650390625 1269.5811767578125 370.0674133300781],0.4194788932800293,,0
4,56,9,[1445.4698148587283 63.22073775109463 1918.7192780163557 280.2153790479814],[1545.686767578125 238.04067993164062 1600.0430908203125 275.1960754394531],0.3559029996395111,,0
0,28,59,[1390.1733157908336 69.95233362691017 1589.6357128462903 278.8666681972703],[1447.3817138671875 236.8612060546875 1500.73974609375 275.9805908203125],0.3075425922870636,,0
2,57,1,[1128.4627826760168 63.100786836322754 1406.021186327847 371.7775886258479],[1202.6590576171875 330.083251953125 1269.47705078125 370.0151672363281],0.40975716710090637,,0
4,57,9,[1445.970527589897 66.34468903240993 1918.5171686606852 280.1079911097258],[1545.7027587890625 238.0133056640625 1600.1341552734375 275.2869873046875],0.3494568467140198,,0
0,29,59,[1390.144782666214 69.93107817801246 1589.6192185491534 278.8937184083414],[1447.28759765625 236.9944610595703 1500.7137451171875 276.08050537109375],0.30579015612602234,,0
0,29,57,[1666.9056011876175 138.10545683842693 1860.7391301343712 389.9575802213757],[1736.013916015625 323.656494140625 1809.3267822265625 374.5285949707031],0.2563084661960602,,0
2,58,1,[1128.399747185007 63.212372972006506 1405.5951846126131 371.8389807440437],[1202.4293212890625 330.08837890625 1269.583984375 370.1268615722656],0.413720041513443,,0
4,58,9,[1446.1028543444895 66.73409753306554 1918.206961818867 278.94315200277487],[1545.6884765625 237.86512756347656 1600.093505859375 275.2634582519531],0.3528130352497101,,0
0,30,59,[1390.146871729101 69.92206680686236 1589.6237579273657 278.901137284319],[1447.3170166015625 236.98077392578125 1500.7196044921875 276.0498962402344],0.30484655499458313,,0
0,30,57,[1666.8992707722414 138.12224718353698 1860.7170579555864 389.9645275485592],[1735.9149169921875 323.7403564453125 1809.3636474609375 374.441162109375],0.2639003098011017,,0
2,59,1,[1128.578183736073 63.254750225875284 1405.6707743025602 371.8602432002229],[1201.9249267578125 330.02679443359375 1269.5562744140625 370.1487121582031],0.4121428430080414,,0
4,59,9,[1446.3580643502355 66.81523848588266 1918.0321150093196 278.1177103912034],[1545.7470703125 237.90870666503906 1600.1630859375 275.2573547363281],0.3446025848388672,,0
0,31,59,[1390.1905157283798 69.98090473597674 1589.6385511065926 278.9293599637232],[1447.3187255859375 237.04632568359375 1500.6983642578125 276.0494384765625],0.30211395025253296,,0
0,31,57,[1666.925225116594 138.14224461732076 1860.7191348584352 389.94639642347863],[1736.908447265625 323.8591613769531 1809.204345703125 373.97259521484375],0.2503071427345276,,0
2,60,1,[1128.5118222490155 63.33892153693873 1405.3568039684856 371.8945567039706],[1202.2034912109375 329.8741455078125 1269.4537353515625 370.0848388671875],0.4149099588394165,,0
4,60,9,[1457.4819099660447 73.86991967689994 1922.5092377331282 280.76672241913354],[1541.540771484375 238.2710418701172 1597.226806640625 275.05230712890625],0.32085952162742615,,0
0,32,59,[1390.2146709595845 70.02282668014098 1589.6380220939268 278.92823568683934],[1447.2943115234375 237.06861877441406 1500.74755859375 276.1073303222656],0.3030606210231781,,0
2,61,1,[1128.5895853468915 63.26513826408643 1405.4016668573267 371.8659557101124],[1202.4483642578125 329.9577941894531 1269.30712890625 370.0107421875],0.4181485176086426,,0
4,61,3,[1229.8031574026993 104.95953581929999 1674.2858790948605 385.4224032500663],[1541.6121826171875 238.17288208007812 1597.6036376953125 275.0457458496094],0.32459720969200134,,0
0,33,59,[1390.213965289061 69.94528027432473 1589.63666179969 278.86481527351333],[1447.2659912109375 237.02874755859375 1500.7169189453125 276.1071472167969],0.30148735642433167,,0
2,62,1,[1128.6733666155124 63.258013230030485 1405.4453406207535 371.82857685912705],[1202.5166015625 329.9817810058594 1269.1842041015625 369.9886779785156],0.4199657440185547,,0
4,62,3,[1229.9466312923016 104.99981133508419 1674.3742752897813 385.9261140155265],[1541.112060546875 238.09950256347656 1597.5455322265625 275.0859375],0.32441648840904236,,0
0,34,59,[1390.2304031526776 70.04108705217506 1589.6383652784791 278.8856571879099],[1447.22119140625 237.0581817626953 1500.7557373046875 276.1536560058594],0.2975059151649475,,0
2,63,1,[1128.7194170926286 63.366970020120306 1405.4381345432812 371.8080667691321],[1202.2108154296875 329.9358215332031 1269.240234375 369.9712829589844],0.4235234558582306,,0
4,63,3,[1230.0224297759087 104.92453945165411 1674.4010226231576 386.2041262453532],[1541.1456298828125 238.10545349121094 1597.5809326171875 275.0656433105469],0.3238080143928528,,0
0,35,59,[1390.2032636457095 70.07064264890504 1589.618127585704 278.89577887011694],[1447.3170166015625 237.1925811767578 1500.6021728515625 276.1217956542969],0.3000863492488861,,0
2,64,1,[1128.5592960152048 63.49125165671285 1405.593518606414 372.11573958389164],[1192.607666015625 330.0914611816406 1270.6146240234375 370.2929992675781],0.4063262939453125,,0
4,64,9,[1461.914167388707 76.90922812111896 1919.882015127443 278.51790313893855],[1541.06689453125 238.10748291015625 1597.52490234375 275.05517578125],0.32595810294151306,,0
2025-09-01 17:31:11,0,1,5,[1667.074951171875 136.6336212158203 1861.5703125 390.3948669433594],[1722.989990234375 318.51739501953125 1827.048828125 372.5003662109375],0.2316666841506958,,0
2025-09-01 17:31:13,0,2,5,[1667.0748872615006 136.63318616904888 1861.5703764103744 390.3949663303005],[1722.989990234375 318.51739501953125 1827.048828125 372.5003662109375],0.2316666841506958,,0
2025-09-01 17:31:13,0,3,5,[1667.0716883481011 136.63312896232128 1861.5687500782253 390.3978615836062],[1722.9715576171875 318.5 1827.0325927734375 372.497314453125],0.23135294020175934,,0
2025-09-01 17:31:13,0,4,5,[1667.0359820695319 136.63166923252527 1861.560068336585 390.4039297608962],[1722.9588623046875 318.4964294433594 1827.0008544921875 372.4883728027344],0.23121342062950134,,0
2025-09-01 17:31:14,0,5,5,[1667.013765884536 136.62494147962906 1861.5555520023236 390.4216258619769],[1722.9656982421875 318.5054016113281 1826.9271240234375 372.40777587890625],0.22922459244728088,,0
2025-09-01 17:31:14,0,6,5,[1667.004438938213 136.62730863135204 1861.5536824967428 390.43386803265327],[1722.92626953125 318.486083984375 1826.97412109375 372.4191589355469],0.2282690405845642,,0
2025-09-01 17:31:14,0,7,5,[1666.9967443749197 136.65726954015156 1861.5546991999 390.49706863215283],[1722.948486328125 318.5028381347656 1826.939208984375 372.3786926269531],0.22635605931282043,,0
2025-09-01 17:31:14,0,8,5,[1667.0004334109822 136.66046152556615 1861.562065462077 390.5216599710925],[1722.9847412109375 318.4779357910156 1826.98681640625 372.37054443359375],0.22612141072750092,,0
2025-09-01 17:31:14,0,9,5,[1667.0042425355052 136.69060130561888 1861.5607964886333 390.5628239249204],[1722.954833984375 318.4521179199219 1827.078857421875 372.382080078125],0.22583551704883575,,0
2025-09-01 17:31:14,0,10,5,[1667.0046540242997 136.69405753800686 1861.5556211082267 390.5842361269714],[1723.0107421875 318.422607421875 1826.970703125 372.2999267578125],0.2253316342830658,,0
2025-09-01 17:31:14,0,11,5,[1667.0050952360689 136.6901902897844 1861.553096837717 390.60597247466364],[1723.031005859375 318.453125 1826.9810791015625 372.302978515625],0.22543635964393616,,0
2025-09-01 17:31:14,0,12,5,[1666.991960450166 136.67149816755915 1861.553014637063 390.6262681420836],[1723.3626708984375 318.2834777832031 1828.5091552734375 371.72802734375],0.23819990456104279,,0
2025-09-01 17:31:14,0,13,5,[1666.974423994668 136.64368985733455 1861.5493863937827 390.6407369106939],[1723.380615234375 318.2794494628906 1828.414306640625 371.6685791015625],0.236130028963089,,0
2025-09-01 17:31:15,0,14,5,[1666.9619480647639 136.60889926911793 1861.5541218163135 390.6268052799496],[1723.4498291015625 318.29937744140625 1828.4117431640625 371.6229248046875],0.23406213521957397,,0
2025-09-01 17:31:15,0,15,5,[1666.9727049255548 136.53977991764407 1861.5559947783295 390.50419345996966],[1724.04345703125 318.8770751953125 1830.71044921875 373.0540466308594],0.23727263510227203,,0
2025-09-01 17:31:15,0,16,5,[1666.9778815986506 136.5284467458535 1861.5574373264067 390.4709285677299],[1724.0780029296875 318.8717956542969 1830.6483154296875 372.94000244140625],0.2338094562292099,,0
2025-09-01 17:31:15,0,17,5,[1667.0492516411632 136.5104111315468 1861.5779658591127 390.4420567210983],[1723.8065185546875 318.776123046875 1830.9671630859375 373.26116943359375],0.2313239574432373,,0
2025-09-01 17:31:15,0,18,5,[1667.0664775365597 136.51446279751934 1861.5741283562363 390.4539835376202],[1723.8885498046875 318.9866638183594 1831.9822998046875 373.8701477050781],0.2577187418937683,,0
2025-09-01 17:31:15,0,19,5,[1667.0661784032334 136.47979488644822 1861.5637273937348 390.41527538649086],[1724.3411865234375 318.9314880371094 1831.6322021484375 373.68511962890625],0.2583305537700653,,0
2025-09-01 17:31:15,0,20,5,[1667.0579475315005 136.4069906639404 1861.5588851806854 390.27760054100986],[1722.5401611328125 318.039306640625 1822.9639892578125 371.3387145996094],0.20721283555030823,,0
2025-09-01 17:31:15,0,21,5,[1667.0432471176623 136.385704224682 1861.550954583638 390.19765613709495],[1722.5313720703125 318.0604553222656 1823.2042236328125 371.50885009765625],0.21099276840686798,,0
2025-09-01 17:31:15,0,22,5,[1667.0298238924913 136.4002604042694 1861.5438723598606 390.1584881465076],[1722.45849609375 318.0254821777344 1823.356201171875 371.55902099609375],0.21127726137638092,,0
2025-09-01 17:31:16,0,23,5,[1667.017129458557 136.3968811844644 1861.5493227971738 390.1175550107986],[1722.462158203125 318.0105285644531 1823.49462890625 371.6296691894531],0.2133157104253769,,0
2025-09-01 17:31:16,0,24,5,[1667.0020539580928 136.43425405803566 1861.5478484458845 390.1209445056703],[1722.542724609375 318.0443115234375 1823.36865234375 371.4953918457031],0.21119575202465057,,0
2025-09-01 17:31:16,0,25,5,[1667.0060872503384 136.43486127753619 1861.552901998484 390.07611002201674],[1722.544189453125 318.0999755859375 1823.621337890625 371.62994384765625],0.20742268860340118,,0
2025-09-01 17:31:16,0,26,5,[1667.0160862135904 136.4511405952 1861.5570859283157 390.0567609868337],[1722.3299560546875 318.04461669921875 1823.935546875 371.85711669921875],0.20504416525363922,,0
2025-09-01 17:31:16,0,27,5,[1667.022522379051 136.4428332912565 1861.5624895524327 389.992828350428],[1722.3175048828125 317.99041748046875 1824.1710205078125 372.0522155761719],0.21181316673755646,,0
2025-09-01 17:31:16,0,28,5,[1667.0271339258775 136.47002078482086 1861.5651118380028 389.97914574197074],[1722.356689453125 318.0877990722656 1824.818115234375 372.1125183105469],0.20442835986614227,,0
2025-09-01 17:31:16,0,29,5,[1667.0121583006317 136.51619009891868 1861.5554716785869 390.00964967343367],[1722.3057861328125 318.0479736328125 1824.8770751953125 372.1612548828125],0.20589977502822876,,0
2025-09-01 17:31:16,0,30,5,[1667.0093022927374 136.51898513665486 1861.561046016731 389.989544310659],[1722.327880859375 317.9484558105469 1825.2591552734375 372.2254943847656],0.20670312643051147,,0
2025-09-01 17:31:17,0,31,5,[1667.0183409816527 136.5217477298334 1861.5724701081617 390.0210314502552],[1722.403564453125 317.6527404785156 1824.9052734375 372.01080322265625],0.19142553210258484,,0
2025-09-01 17:31:17,0,31,5,[1667.0183409816527 136.5217477298334 1861.5724701081617 390.0210314502552],[1719.41943359375 317.9222106933594 1801.859375 368.2861022949219],0.17003104090690613,,0
2025-09-01 17:31:17,0,32,5,[1667.0242256503436 136.50731462140195 1861.5774788857068 390.037551072704],[1722.3797607421875 317.6644592285156 1824.9642333984375 372.0508117675781],0.1917528510093689,,0
2025-09-01 17:31:17,0,32,5,[1667.0242256503436 136.50731462140195 1861.5774788857068 390.037551072704],[1719.4163818359375 317.947021484375 1801.9405517578125 368.3350830078125],0.17046470940113068,,0
2025-09-01 17:31:17,0,33,5,[1667.024560826365 136.48497074903588 1861.5817241686796 390.0263479405443],[1722.394775390625 317.64312744140625 1824.8876953125 372.0020446777344],0.19177797436714172,,0
2025-09-01 17:31:17,0,33,5,[1667.024560826365 136.48497074903588 1861.5817241686796 390.0263479405443],[1719.4134521484375 317.9241943359375 1801.845703125 368.2754821777344],0.17065683007240295,,0
2025-09-01 17:31:17,0,34,5,[1667.0327680057467 136.48350205522348 1861.5842908421323 390.02681393749225],[1722.73681640625 316.9490966796875 1825.099365234375 371.9104919433594],0.19105294346809387,,0
2025-09-01 17:31:17,0,34,5,[1667.0327680057467 136.48350205522348 1861.5842908421323 390.02681393749225],[1719.665771484375 317.94305419921875 1802.6011962890625 368.286376953125],0.1653398722410202,,0
2025-09-01 17:31:17,0,35,5,[1667.046471745471 136.47054412929305 1861.586245928202 390.04929022483935],[1722.6181640625 316.8437805175781 1823.093994140625 371.4078369140625],0.18182967603206635,,0
2025-09-01 17:31:17,0,35,5,[1667.046471745471 136.47054412929305 1861.586245928202 390.04929022483935],[1719.6192626953125 317.8874816894531 1800.8785400390625 367.9681091308594],0.16203077137470245,,0
2025-09-01 17:31:17,0,36,5,[1667.0395132626047 136.426777245221 1861.5828626123246 390.0147830305636],[1722.5782470703125 316.8338928222656 1823.1551513671875 371.50396728515625],0.18349121510982513,,0
2025-09-01 17:31:17,0,36,5,[1667.0395132626047 136.426777245221 1861.5828626123246 390.0147830305636],[1719.5899658203125 317.8782653808594 1801.0067138671875 368.0592346191406],0.16291432082653046,,0
2025-09-01 17:31:18,0,37,5,[1667.0303372352525 136.40716948611126 1861.5807530793365 389.99578217638157],[1722.6075439453125 316.6581115722656 1823.1243896484375 371.5484619140625],0.18566715717315674,,0
2025-09-01 17:31:18,0,37,5,[1667.0303372352525 136.40716948611126 1861.5807530793365 389.99578217638157],[1719.6258544921875 317.7005615234375 1801.2088623046875 368.138427734375],0.16396509110927582,,0
2025-09-01 17:31:18,0,38,5,[1667.0544342631965 136.40904572960704 1861.5966307300018 390.01102538079186],[1722.5687255859375 316.69775390625 1823.1580810546875 371.5796813964844],0.1867195963859558,,0
2025-09-01 17:31:18,0,38,5,[1667.0544342631965 136.40904572960704 1861.5966307300018 390.01102538079186],[1719.5885009765625 317.7267150878906 1801.2550048828125 368.14593505859375],0.16546019911766052,,0
2025-09-01 17:31:18,0,39,5,[1667.0693373856618 136.40230448769148 1861.6030284791389 390.01205162045187],[1722.498779296875 316.5967712402344 1823.288818359375 371.63397216796875],0.18744245171546936,,0
2025-09-01 17:31:18,0,39,5,[1667.0693373856618 136.40230448769148 1861.6030284791389 390.01205162045187],[1719.5540771484375 317.6822509765625 1801.3868408203125 368.20306396484375],0.16488462686538696,,0
2025-09-01 17:31:18,0,40,5,[1667.0620338352785 136.38527371929067 1861.5943267899313 389.9953623415538],[1722.4654541015625 316.970703125 1823.13427734375 371.6639404296875],0.18538276851177216,,0
2025-09-01 17:31:18,0,41,5,[1667.0759930584004 136.38287276083076 1861.5994653729904 389.97866662730974],[1722.4892578125 316.7572021484375 1822.947509765625 371.5721740722656],0.18611297011375427,,0
2025-09-01 17:31:18,0,41,5,[1667.0759930584004 136.38287276083076 1861.5994653729904 389.97866662730974],[1719.5113525390625 317.557373046875 1800.78857421875 368.08441162109375],0.16594049334526062,,0
2025-09-01 17:31:18,0,42,5,[1667.131549590635 136.3987369484629 1861.6123795788305 389.99396754139036],[1722.4736328125 316.6753234863281 1822.8765869140625 371.4613342285156],0.18613335490226746,,0
2025-09-01 17:31:18,0,42,5,[1667.131549590635 136.3987369484629 1861.6123795788305 389.99396754139036],[1719.5423583984375 317.5331726074219 1800.7401123046875 367.99676513671875],0.16541141271591187,,0
2025-09-01 17:31:18,0,43,5,[1667.1791209529667 136.38596186322172 1861.621943606379 389.95863229031147],[1722.2406005859375 316.9912109375 1820.2606201171875 371.04595947265625],0.18917687237262726,,0
2025-09-01 17:31:19,0,44,5,[1667.1378445905784 136.38374652336694 1861.586916039233 389.94148499202294],[1722.2303466796875 316.96160888671875 1820.4239501953125 371.09381103515625],0.19053098559379578,,0
2025-09-01 17:31:19,0,45,5,[1667.1112754463588 136.40628995580545 1861.568989978642 389.98838128057156],[1723.3359375 318.12432861328125 1829.915771484375 374.0284423828125],0.23565350472927094,,0
2025-09-01 17:31:19,0,46,5,[1667.1214715286685 136.43078668161832 1861.564534202091 390.0271331590716],[1723.0755615234375 318.0898132324219 1829.7568359375 373.9651184082031],0.242600217461586,,0
2025-09-01 17:31:19,0,47,5,[1667.1278178231328 136.45198590337796 1861.56028230624 390.04484606178755],[1723.0491943359375 318.05084228515625 1829.3902587890625 373.90155029296875],0.24090658128261566,,0
2025-09-01 17:31:19,0,47,5,[1667.1278178231328 136.45198590337796 1861.56028230624 390.04484606178755],[1719.649658203125 317.4414367675781 1806.62841796875 369.45245361328125],0.20173104107379913,,0
2025-09-01 17:31:19,0,48,5,[1667.120809898844 136.47376623783703 1861.54647434444 390.07456691894504],[1722.793212890625 317.77508544921875 1829.054443359375 373.4046325683594],0.23392349481582642,,0
2025-09-01 17:31:19,0,48,5,[1667.120809898844 136.47376623783703 1861.54647434444 390.07456691894504],[1719.642822265625 317.34332275390625 1805.6943359375 369.0404052734375],0.19706693291664124,,0
2025-09-01 17:31:20,0,49,5,[1667.1110230490399 136.46489666765592 1861.5308448410533 390.079632134342],[1722.848876953125 317.665771484375 1829.2576904296875 373.5139465332031],0.23648712038993835,,0
2025-09-01 17:31:20,0,49,5,[1667.1110230490399 136.46489666765592 1861.5308448410533 390.079632134342],[1719.724365234375 317.28582763671875 1806.1640625 369.1802978515625],0.19766201078891754,,0
2025-09-01 17:31:20,0,50,5,[1667.1096933807112 136.43744064176605 1861.5242144535532 390.05612363890515],[1723.323486328125 317.7294921875 1829.6217041015625 373.6401062011719],0.23459205031394958,,0
2025-09-01 17:31:20,0,50,5,[1667.1096933807112 136.43744064176605 1861.5242144535532 390.05612363890515],[1719.8790283203125 317.2867431640625 1806.8563232421875 369.2701110839844],0.19394122064113617,,0
2025-09-01 17:31:20,0,51,5,[1667.0970499111813 136.61333930175311 1861.609466238231 390.257460344604],[1720.1575927734375 316.53790283203125 1829.073486328125 375.5796203613281],0.2885884940624237,,0
2025-09-01 17:31:20,0,52,5,[1667.0751424175444 136.67548202809007 1861.6589163990368 390.3380378375996],[1720.1575927734375 316.53790283203125 1829.073486328125 375.5796203613281],0.2885884940624237,,0
2025-09-01 17:31:20,0,53,5,[1667.0540718443028 136.69447894113625 1861.690268272114 390.3707059048544],[1720.159423828125 316.53973388671875 1829.080810546875 375.58154296875],0.28879889845848083,,0
2025-09-01 17:31:20,0,54,5,[1667.0365813844755 136.69913366229918 1861.7109660091292 390.38473367133867],[1720.1575927734375 316.5428771972656 1829.0965576171875 375.59088134765625],0.28904154896736145,,0
2025-09-01 17:31:20,0,55,5,[1667.0238207689295 136.6970070957854 1861.7256817298025 390.39220535563305],[1720.1617431640625 316.5534973144531 1829.10693359375 375.59527587890625],0.2891644537448883,,0
2025-09-01 17:31:21,0,56,5,[1667.017605341321 136.6739093285512 1861.7376931413814 390.3690156135724],[1720.1590576171875 316.5611572265625 1829.1416015625 375.60015869140625],0.2888752222061157,,0
2025-09-01 17:31:21,0,57,5,[1667.0119941485138 136.6630223448526 1861.7462620798458 390.3530830016657],[1720.166748046875 316.5740051269531 1829.16943359375 375.59869384765625],0.28955334424972534,,0
2025-09-01 17:31:21,0,58,5,[1667.0059830906453 136.66231403291897 1861.7502522588616 390.3479786787749],[1720.171875 316.5747375488281 1829.1507568359375 375.5880432128906],0.2892967760562897,,0
2025-09-01 17:31:21,0,59,5,[1667.0025456815777 136.66421057410963 1861.753938934283 390.3541598597339],[1720.178955078125 316.56500244140625 1829.15380859375 375.5898132324219],0.2888127267360687,,0
2025-09-01 17:31:21,0,60,5,[1666.9951255797105 136.65483943128837 1861.7553951817963 390.36024462933665],[1719.99609375 316.7452697753906 1829.092529296875 375.6059875488281],0.2871103584766388,,0
2025-09-01 17:31:21,0,61,5,[1666.9920807341393 136.64013564156113 1861.7569145187774 390.34930116106176],[1719.9876708984375 316.74603271484375 1829.133544921875 375.62579345703125],0.28771311044692993,,0
2025-09-01 17:31:21,0,62,5,[1666.9938670150595 136.6267234781849 1861.7602538670903 390.3373950826649],[1719.988037109375 316.7300720214844 1829.14453125 375.6226806640625],0.28698083758354187,,0
2025-09-01 17:31:22,0,63,5,[1666.9907500439615 136.63855316845832 1861.7599480342162 390.3543922925104],[1719.984375 316.7419128417969 1829.2261962890625 375.66259765625],0.28915169835090637,,0
2025-09-01 17:31:22,0,64,5,[1666.9877962845537 136.64609040770705 1861.759268437727 390.3575930960806],[1719.97900390625 316.7253112792969 1829.2830810546875 375.6871032714844],0.2888663709163666,,0
2025-09-01 17:31:22,0,65,5,[1666.9876486359378 136.65376042054748 1861.7573165306683 390.3623678562066],[1719.9656982421875 316.7117614746094 1829.2855224609375 375.694091796875],0.2883526086807251,,0
2025-09-01 17:31:22,0,66,5,[1666.9796060833098 136.64953827474443 1861.7542131709044 390.36101584272143],[1719.9407958984375 316.70428466796875 1829.2847900390625 375.71795654296875],0.28944307565689087,,0
2025-09-01 17:31:22,0,67,5,[1666.975639677398 136.64472820511892 1861.755579641531 390.3599724474508],[1719.84521484375 316.612060546875 1829.09619140625 375.66119384765625],0.2896564304828644,,0
2025-09-01 17:31:22,0,68,5,[1666.9688910905322 136.64257274112651 1861.7535924798592 390.35966862790326],[1719.861328125 316.61627197265625 1829.083740234375 375.6360168457031],0.2905438542366028,,0
2025-09-01 17:31:22,0,69,5,[1666.9641665680435 136.6492811024748 1861.7541240233961 390.372408468043],[1719.9049072265625 316.5857238769531 1828.453857421875 375.5848693847656],0.28405827283859253,,0
2025-09-01 17:31:22,0,70,5,[1666.9590857313347 136.64207560312875 1861.7559591484246 390.356451026958],[1720.1092529296875 316.66387939453125 1829.2760009765625 375.7832336425781],0.2871253490447998,,0
2025-09-01 17:31:23,0,71,5,[1666.9623957567967 136.63819321886524 1861.7599750640322 390.34801027947697],[1720.092041015625 316.65216064453125 1829.287353515625 375.80157470703125],0.28754425048828125,,0
2025-09-01 17:31:23,0,72,5,[1666.9575332396046 136.6353428157629 1861.7585543607104 390.3483606824942],[1719.9368896484375 316.705810546875 1828.40966796875 375.7146911621094],0.27927809953689575,,0
2025-09-01 17:31:23,0,73,5,[1666.9551495993337 136.6329465328791 1861.7576924395225 390.34501265913156],[1719.96826171875 316.7345886230469 1828.424560546875 375.69793701171875],0.27935516834259033,,0
2025-09-01 17:31:23,0,74,5,[1666.9616601658954 136.62644162489568 1861.7621748026531 390.3388079527636],[1720.2430419921875 316.48773193359375 1828.5770263671875 375.6977233886719],0.2818128764629364,,0
2025-09-01 17:31:23,0,75,5,[1666.9690677348715 136.63341982554545 1861.7624656506416 390.34864592672017],[1720.3330078125 316.46038818359375 1828.63330078125 375.6476745605469],0.2811826169490814,,0
2025-09-01 17:31:23,0,76,5,[1666.966084823855 136.61251357433662 1861.7600696863824 390.3259460079894],[1720.5594482421875 316.2918395996094 1828.9036865234375 375.6900634765625],0.2804132103919983,,0
2025-09-01 17:31:23,0,77,5,[1666.9766441656557 136.60683830494236 1861.7711255824238 390.31805998803543],[1720.0050048828125 316.4482727050781 1827.34326171875 375.3732604980469],0.27393975853919983,,0
2025-09-01 17:31:23,0,78,5,[1666.9869191647542 136.61435816755247 1861.778348255213 390.32008579955846],[1720.0191650390625 316.4572448730469 1827.4910888671875 375.3666687011719],0.2742725908756256,,0
2025-09-01 17:31:23,0,79,5,[1666.9667482715997 136.6098752513283 1861.7682470628467 390.3233435031176],[1720.130859375 316.4895935058594 1827.399169921875 375.361083984375],0.26885759830474854,,0
2025-09-01 17:31:23,0,80,5,[1666.9539270902824 136.60420372457054 1861.7639257883457 390.32093202353656],[1720.203369140625 316.5293273925781 1827.287841796875 375.2615966796875],0.26421889662742615,,0
2025-09-01 17:31:23,0,81,5,[1666.9514254981432 136.60888921093056 1861.767898212765 390.3336768720784],[1720.1986083984375 316.51275634765625 1827.2545166015625 375.2603759765625],0.2644616663455963,,0
2025-09-01 17:31:24,0,82,5,[1666.9381010549548 136.61562655258047 1861.763800124356 390.3386584100848],[1720.140869140625 316.48626708984375 1827.2509765625 375.2943420410156],0.2651360034942627,,0
2025-09-01 17:31:24,0,83,5,[1666.9514113118826 136.62396359173368 1861.7695925049698 390.3652425854128],[1720.0931396484375 316.32110595703125 1826.8289794921875 375.0909118652344],0.2662201523780823,,0
2025-09-01 17:31:24,0,84,5,[1666.9596016553824 136.61751467119464 1861.7696603826676 390.38571616526497],[1720.2423095703125 316.3705749511719 1828.26318359375 375.1748962402344],0.26987019181251526,,0
2025-09-01 17:31:24,0,85,5,[1666.9678324402882 136.60296141639483 1861.7722198927138 390.4089728944996],[1720.5732421875 316.5037841796875 1829.7333984375 375.3194580078125],0.2770964801311493,,0
2025-09-01 17:31:24,0,86,5,[1666.97821134444 136.59386726704463 1861.7749994300714 390.4274793822299],[1720.563720703125 316.4906005859375 1829.722412109375 375.3205261230469],0.27642568945884705,,0
2025-09-01 17:31:24,0,87,5,[1666.9834419136512 136.59247741461277 1861.7751851770684 390.4544313469685],[1720.491943359375 316.5464172363281 1829.720947265625 375.3672180175781],0.2760984003543854,,0
2025-09-01 17:31:24,0,88,5,[1666.9871831449152 136.54979746648988 1861.774136755924 390.461019402249],[1720.4923095703125 316.5420227050781 1829.6722412109375 375.3454284667969],0.27609676122665405,,0
2025-09-01 17:31:24,0,89,5,[1666.9883422185487 136.5318637756164 1861.767696784569 390.47687985026056],[1720.5294189453125 316.55340576171875 1829.4171142578125 375.3110046386719],0.27318981289863586,,0
2025-09-01 17:31:24,0,90,5,[1666.9906172523356 136.51666426073922 1861.7654934023572 390.4856828868863],[1720.6502685546875 316.5976867675781 1829.2596435546875 375.173583984375],0.27544745802879333,,0
2025-09-01 17:31:24,0,91,5,[1667.0065373368575 136.5091575993901 1861.7762427081211 390.4986143380609],[1720.4298095703125 316.99688720703125 1829.6273193359375 375.207763671875],0.27575093507766724,,0
2025-09-01 17:31:24,0,92,5,[1667.0048448007026 136.48339931659052 1861.7767312142803 390.49028725772337],[1720.46337890625 316.95501708984375 1830.072509765625 375.2725524902344],0.2835579514503479,,0
2025-09-01 17:31:25,0,93,5,[1667.0074232247198 136.46443548351036 1861.7796298111093 390.48180982065935],[1720.522705078125 316.98187255859375 1829.9747314453125 375.2164306640625],0.2821080982685089,,0
2025-09-01 17:31:25,0,94,5,[1666.9936835049054 136.47659625300957 1861.7785921760571 390.4874989500714],[1720.2052001953125 317.64898681640625 1830.1058349609375 375.3251953125],0.28433510661125183,,0
2025-09-01 17:31:25,0,95,5,[1666.9883418595296 136.48423554474118 1861.7794225946864 390.4941557617468],[1720.4622802734375 317.890625 1830.6258544921875 375.50384521484375],0.2801239788532257,,0
2025-09-01 17:31:25,0,96,5,[1666.9832365227792 136.4729877666245 1861.7753443639974 390.4875679101794],[1720.3897705078125 317.96295166015625 1831.2271728515625 375.7150573730469],0.28288179636001587,,0
2025-09-01 17:31:25,0,97,5,[1666.9802620412115 136.46587788914445 1861.773603380604 390.48433970358695],[1720.3924560546875 317.98406982421875 1831.2130126953125 375.7082824707031],0.28399351239204407,,0
2025-09-01 17:31:25,0,98,5,[1666.9521235943594 136.45190372206156 1861.7614430675908 390.48017207669096],[1720.3502197265625 317.9653015136719 1831.1839599609375 375.7174072265625],0.2836257517337799,,0
2025-09-01 17:31:25,0,99,5,[1666.9332998572481 136.449555995896 1861.7585634160068 390.4837690337858],[1720.3524169921875 317.9632263183594 1831.2205810546875 375.7332763671875],0.2843937277793884,,0
2025-09-01 17:31:25,0,100,5,[1666.918140541755 136.49696755628327 1861.7562989280561 390.5192663859525],[1720.2996826171875 317.9791259765625 1831.0103759765625 375.6786193847656],0.28648027777671814,,0
2025-09-01 17:31:25,0,101,5,[1666.8792689762674 136.14169820329045 1861.65307830797 390.3773166473432],[1719.77197265625 318.8276672363281 1830.70458984375 375.2381286621094],0.24599821865558624,,0
2025-09-01 17:31:25,0,101,5,[1666.8792689762674 136.14169820329045 1861.65307830797 390.3773166473432],[1717.433349609375 317.1029052734375 1805.073486328125 370.6145324707031],0.23151615262031555,,0
2025-09-01 17:31:25,0,102,5,[1666.8628481663307 135.95571706989136 1861.6113963771083 390.34691599628894],[1719.673095703125 318.6938781738281 1830.9356689453125 375.1529846191406],0.24696654081344604,,0
2025-09-01 17:31:25,0,102,5,[1666.8628481663307 135.95571706989136 1861.6113963771083 390.34691599628894],[1717.4715576171875 317.0231628417969 1805.1343994140625 370.5225524902344],0.23104986548423767,,0
2025-09-01 17:31:25,0,103,5,[1666.8614169440075 135.85858287373554 1861.591427566846 390.36340269218516],[1719.673095703125 318.6938781738281 1830.9356689453125 375.1529846191406],0.24696654081344604,,0
2025-09-01 17:31:25,0,103,5,[1666.8614169440075 135.85858287373554 1861.591427566846 390.36340269218516],[1717.4715576171875 317.0231628417969 1805.1343994140625 370.5225524902344],0.23104986548423767,,0
2025-09-01 17:31:26,0,104,5,[1666.8656300637901 135.80261081615288 1861.5813262864406 390.3901972607391],[1719.670166015625 318.6973571777344 1830.952880859375 375.16424560546875],0.2471971958875656,,0
2025-09-01 17:31:26,0,104,5,[1666.8656300637901 135.80261081615288 1861.5813262864406 390.3901972607391],[1717.4722900390625 317.0289001464844 1805.1710205078125 370.5355224609375],0.23120053112506866,,0
2025-09-01 17:31:26,0,105,5,[1666.873321850642 135.7675958737454 1861.576880902274 390.4144893155689],[1719.6661376953125 318.6946105957031 1830.960205078125 375.1683044433594],0.24724848568439484,,0
2025-09-01 17:31:26,0,105,5,[1666.873321850642 135.7675958737454 1861.576880902274 390.4144893155689],[1717.4710693359375 317.0274353027344 1805.1844482421875 370.5398254394531],0.231204092502594,,0
2025-09-01 17:31:26,0,106,5,[1666.871321019425 135.74402382823058 1861.5687994118498 390.4353926023784],[1719.659912109375 318.69793701171875 1830.9462890625 375.16839599609375],0.24718955159187317,,0
2025-09-01 17:31:26,0,106,5,[1666.871321019425 135.74402382823058 1861.5687994118498 390.4353926023784],[1717.4703369140625 317.03076171875 1805.1785888671875 370.54571533203125],0.2312285602092743,,0
2025-09-01 17:31:26,0,107,5,[1666.8731938818235 135.73024966141008 1861.5648860787458 390.45504638799866],[1719.6617431640625 318.7005615234375 1830.9583740234375 375.1670837402344],0.24767079949378967,,0
2025-09-01 17:31:26,0,107,5,[1666.8731938818235 135.73024966141008 1861.5648860787458 390.45504638799866],[1717.470703125 317.0333251953125 1805.21484375 370.5487365722656],0.23158299922943115,,0
2025-09-01 17:31:26,0,108,5,[1666.8748971730643 135.7198978932724 1861.5624075107748 390.46838439089976],[1719.654541015625 318.69647216796875 1830.97314453125 375.1739807128906],0.2478095144033432,,0
2025-09-01 17:31:26,0,108,5,[1666.8748971730643 135.7198978932724 1861.5624075107748 390.46838439089976],[1717.4681396484375 317.0328369140625 1805.2587890625 370.5566711425781],0.23165106773376465,,0
2025-09-01 17:31:26,0,109,5,[1666.8764168776331 135.71171599824828 1861.5607063345217 390.47594553536015],[1719.6690673828125 318.7022399902344 1830.9466552734375 375.15997314453125],0.2474803626537323,,0
2025-09-01 17:31:26,0,109,5,[1666.8764168776331 135.71171599824828 1861.5607063345217 390.47594553536015],[1717.4747314453125 317.033935546875 1805.1888427734375 370.5380859375],0.23159699141979218,,0
2025-09-01 17:31:26,0,110,5,[1666.8850649516974 135.69801222382915 1861.5679993646343 390.48427666095546],[1719.5478515625 318.5743103027344 1829.968505859375 374.90765380859375],0.2478092610836029,,0
2025-09-01 17:31:26,0,110,5,[1666.8850649516974 135.69801222382915 1861.5679993646343 390.48427666095546],[1717.447998046875 316.9372863769531 1804.3575439453125 370.3797912597656],0.23367536067962646,,0
2025-09-01 17:31:26,0,111,5,[1666.8903794460969 135.69630039087866 1861.5693002727241 390.5018263043319],[1719.369873046875 318.5505065917969 1827.67236328125 374.67144775390625],0.23967434465885162,,0
2025-09-01 17:31:26,0,111,5,[1666.8903794460969 135.69630039087866 1861.5693002727241 390.5018263043319],[1717.371826171875 316.8886413574219 1803.1036376953125 370.32232666015625],0.23099608719348907,,0
2025-09-01 17:31:26,0,112,5,[1666.8985584629786 135.69401153508187 1861.5719365543996 390.51737177930926],[1719.364501953125 318.5323181152344 1827.704345703125 374.68096923828125],0.23974482715129852,,0
2025-09-01 17:31:26,0,112,5,[1666.8985584629786 135.69401153508187 1861.5719365543996 390.51737177930926],[1717.384033203125 316.86651611328125 1803.1180419921875 370.3419189453125],0.23086100816726685,,0
2025-09-01 17:31:26,0,113,5,[1666.8957514101257 135.70115004998775 1861.5623886074422 390.5347914679827],[1719.2952880859375 318.5008850097656 1827.4033203125 374.6878356933594],0.2421080470085144,,0
2025-09-01 17:31:26,0,113,5,[1666.8957514101257 135.70115004998775 1861.5623886074422 390.5347914679827],[1717.374755859375 316.8150634765625 1803.1552734375 370.4183654785156],0.23163822293281555,,0
2025-09-01 17:31:26,0,114,5,[1666.9025590605056 135.6713997334223 1861.5615837193982 390.5177844777246],[1719.243896484375 318.48077392578125 1827.093017578125 374.6130065917969],0.2413332611322403,,0
2025-09-01 17:31:26,0,114,5,[1666.9025590605056 135.6713997334223 1861.5615837193982 390.5177844777246],[1717.2921142578125 316.7837219238281 1802.9371337890625 370.3503112792969],0.23247498273849487,,0
2025-09-01 17:31:27,0,115,5,[1666.9108505772078 135.6621416423926 1861.5611526046387 390.51735159949465],[1719.1439208984375 318.4609680175781 1826.6436767578125 374.561767578125],0.24224519729614258,,0
2025-09-01 17:31:27,0,115,5,[1666.9108505772078 135.6621416423926 1861.5611526046387 390.51735159949465],[1717.2901611328125 316.7596740722656 1802.7550048828125 370.35089111328125],0.23373599350452423,,0
2025-09-01 17:31:27,0,116,5,[1666.9224562107115 135.6743193365984 1861.5651648615517 390.521508370644],[1719.301513671875 318.32257080078125 1827.3883056640625 374.45965576171875],0.247892826795578,,0
2025-09-01 17:31:27,0,116,5,[1666.9224562107115 135.6743193365984 1861.5651648615517 390.521508370644],[1717.5062255859375 316.7368469238281 1803.643798828125 370.3448181152344],0.23483650386333466,,0
2025-09-01 17:31:27,0,117,5,[1666.9299331032803 135.65278598406218 1861.564721589778 390.5000689822263],[1719.242431640625 318.2574462890625 1827.547119140625 374.4892272949219],0.2504076361656189,,0
2025-09-01 17:31:27,0,118,5,[1666.9332624714336 135.64592351854498 1861.5624087354265 390.4912925485174],[1719.2596435546875 318.2697448730469 1827.5797119140625 374.5013122558594],0.2513620853424072,,0
2025-09-01 17:31:27,0,119,5,[1666.925728179637 135.64985943634622 1861.5536681022033 390.48837710007206],[1719.038818359375 318.41217041015625 1827.6298828125 374.50909423828125],0.24672730267047882,,0
2025-09-01 17:31:27,0,119,5,[1666.925728179637 135.64985943634622 1861.5536681022033 390.48837710007206],[1717.330810546875 316.9039306640625 1803.925048828125 370.3197326660156],0.23387376964092255,,0
2025-09-01 17:31:27,0,120,5,[1666.92221735789 135.65347910732152 1861.5497358758207 390.4864385488747],[1719.048095703125 318.41766357421875 1827.6094970703125 374.501220703125],0.24562843143939972,,0
2025-09-01 17:31:27,0,120,5,[1666.92221735789 135.65347910732152 1861.5497358758207 390.4864385488747],[1717.3428955078125 316.9084167480469 1803.8939208984375 370.29998779296875],0.23324666917324066,,0
2025-09-01 17:31:27,0,121,5,[1666.9169974655317 135.65406028742518 1861.546270699963 390.4819409843061],[1719.0849609375 318.4466857910156 1827.750732421875 374.5408630371094],0.24679507315158844,,0
2025-09-01 17:31:27,0,121,5,[1666.9169974655317 135.65406028742518 1861.546270699963 390.4819409843061],[1717.3802490234375 316.9495544433594 1804.056884765625 370.3228454589844],0.23435257375240326,,0
2025-09-01 17:31:27,0,122,5,[1666.9212352560323 135.64497880755576 1861.5450845884423 390.48281094320384],[1718.81396484375 318.5603942871094 1827.4918212890625 374.46478271484375],0.2359221875667572,,0
2025-09-01 17:31:27,0,122,5,[1666.9212352560323 135.64497880755576 1861.5450845884423 390.48281094320384],[1717.1513671875 316.87969970703125 1803.06591796875 370.1121826171875],0.22739744186401367,,0
2025-09-01 17:31:27,0,123,5,[1666.9344040691783 135.63592334013896 1861.5363128798401 390.4846956548077],[1719.24169921875 318.6786193847656 1827.7767333984375 374.3599853515625],0.23267653584480286,,0
2025-09-01 17:31:27,0,123,5,[1666.9344040691783 135.63592334013896 1861.5363128798401 390.4846956548077],[1717.365234375 316.8152160644531 1802.735595703125 370.0206298828125],0.21744637191295624,,0
2025-09-01 17:31:27,0,124,5,[1666.94425338567 135.63404327416418 1861.5203491603656 390.48927488803685],[1719.365966796875 318.5138244628906 1828.5982666015625 375.0107421875],0.2592809200286865,,0
2025-09-01 17:31:28,0,125,5,[1666.9488593589435 135.6251603481548 1861.5032380446992 390.49067149065496],[1719.4266357421875 318.58184814453125 1828.711669921875 375.0052490234375],0.25908738374710083,,0
2025-09-01 17:31:28,0,126,5,[1666.953898147152 135.61293615141668 1861.4942055066717 390.4859696959895],[1719.42529296875 318.5655212402344 1828.70263671875 375.0047912597656],0.2592517137527466,,0
2025-09-01 17:31:28,0,127,5,[1666.9566609366104 135.61151939409046 1861.4863114392708 390.48538807070463],[1719.4951171875 318.6040954589844 1828.5772705078125 374.9216613769531],0.25805583596229553,,0
2025-09-01 17:31:28,0,128,5,[1666.9664153003112 135.60552527315494 1861.4800024499389 390.4785161996932],[1719.5640869140625 318.566650390625 1828.612548828125 374.91900634765625],0.25670039653778076,,0
2025-09-01 17:31:28,0,129,5,[1666.9633991411038 135.60570274964465 1861.471458606441 390.4859920628866],[1719.7503662109375 318.5318298339844 1828.7098388671875 374.94866943359375],0.2655337452888489,,0
2025-09-01 17:31:28,0,130,5,[1666.9582907936485 135.5870524191695 1861.4651273103793 390.5084953805224],[1719.84228515625 318.5927429199219 1829.980224609375 375.052001953125],0.27060461044311523,,0
2025-09-01 17:31:28,0,131,5,[1666.9721987561506 135.58793231111866 1861.4896662248457 390.5399571182317],[1719.78662109375 318.422607421875 1831.675048828125 375.4355163574219],0.29653826355934143,,0
2025-09-01 17:31:28,0,132,5,[1666.9583681451415 135.57982209323205 1861.4622380289768 390.55215111193644],[1719.52587890625 318.85284423828125 1831.6376953125 375.6529541015625],0.27518603205680847,,0
2025-09-01 17:31:28,0,133,5,[1666.9484334888693 135.57542422496684 1861.4451139903485 390.55859443276177],[1720.1492919921875 319.1379089355469 1832.4822998046875 375.96697998046875],0.27679237723350525,,0
2025-09-01 17:31:28,0,134,5,[1666.9564082340464 135.55563193258087 1861.4614791450656 390.56440143509275],[1719.2662353515625 318.8511962890625 1832.0745849609375 375.9207763671875],0.2801491618156433,,0
2025-09-01 17:31:28,0,135,5,[1666.9703012801685 135.55988029750142 1861.480435449518 390.5682726999088],[1719.0640869140625 318.7504577636719 1831.679443359375 375.8621520996094],0.2761678695678711,,0
2025-09-01 17:31:29,0,136,5,[1666.9667583381338 135.54163632584863 1861.4788299950897 390.5567380108541],[1719.736572265625 319.09295654296875 1831.578125 375.99444580078125],0.26736876368522644,,0
2025-09-01 17:31:29,0,137,5,[1666.9682108649972 135.54319851913772 1861.4766407924321 390.55420583513353],[1719.7254638671875 319.1719970703125 1831.7069091796875 376.01068115234375],0.26809194684028625,,0
2025-09-01 17:31:29,0,138,5,[1666.9598872519593 135.53190620915262 1861.4624755583975 390.55376158613427],[1719.2156982421875 318.7016906738281 1830.6558837890625 375.7633972167969],0.272077739238739,,0
2025-09-01 17:31:29,0,139,5,[1666.957421947664 135.52733037320482 1861.4582940496407 390.56285987238505],[1719.181396484375 318.47564697265625 1830.4805908203125 375.7203369140625],0.2732396423816681,,0
2025-09-01 17:31:29,0,140,5,[1666.9558073498465 135.52611609004362 1861.4666495803135 390.5633977041896],[1719.4456787109375 318.3195495605469 1830.00146484375 375.5953674316406],0.2744666337966919,,0
2025-09-01 17:31:29,0,141,5,[1666.955428637783 135.53737137497205 1861.4748595288347 390.57918124251376],[1719.3314208984375 318.1997985839844 1829.4935302734375 375.4436950683594],0.2724245488643646,,0
2025-09-01 17:31:29,0,142,5,[1666.95832050432 135.55838913209135 1861.4831325769765 390.59881445181514],[1719.210693359375 318.2404479980469 1829.447509765625 375.4389953613281],0.2709597647190094,,0
2025-09-01 17:31:29,0,143,5,[1666.9554303914404 135.54388955368302 1861.483913229942 390.5630961020705],[1719.1641845703125 318.0531005859375 1829.5225830078125 375.66339111328125],0.27034834027290344,,0
2025-09-01 17:31:29,0,144,5,[1666.9567306683955 135.5536226249995 1861.4882790685917 390.56744606666456],[1719.177978515625 318.0357971191406 1829.539306640625 375.64764404296875],0.26981326937675476,,0
2025-09-01 17:31:29,0,145,5,[1666.9668287804634 135.55896014820956 1861.495163510669 390.5687132664421],[1719.4566650390625 318.38909912109375 1829.915771484375 375.6434631347656],0.26195189356803894,,0
2025-09-01 17:31:30,0,146,5,[1666.9637776137595 135.57972430911008 1861.4960270142399 390.55592195451806],[1719.447265625 318.6313781738281 1830.634033203125 375.8316650390625],0.2616618871688843,,0
2025-09-01 17:31:30,0,147,5,[1666.95912796524 135.56286360353064 1861.4830583946032 390.5410781243046],[1719.4593505859375 318.60015869140625 1830.639892578125 375.8565979003906],0.2590353786945343,,0
2025-09-01 17:31:30,0,148,5,[1666.9593217717606 135.55110007990743 1861.4770349357618 390.52894882050805],[1719.5028076171875 318.6368408203125 1830.6177978515625 375.8475341796875],0.2591283917427063,,0
2025-09-01 17:31:30,0,149,5,[1666.9665604005902 135.54350421656312 1861.4748568268685 390.52680727606145],[1719.5079345703125 318.650390625 1830.6888427734375 375.8719482421875],0.26019859313964844,,0
2025-09-01 17:31:30,0,150,5,[1666.97588698727 135.52807603751003 1861.479827562319 390.51814603510775],[1719.536865234375 318.6644287109375 1830.662841796875 375.87994384765625],0.25993478298187256,,0
2025-09-01 17:31:30,0,151,5,[1667.2640862720066 136.2309948719697 1861.9353121187012 391.09786052415376],[1720.960693359375 317.4595642089844 1826.895263671875 372.34185791015625],0.19687196612358093,,0
2025-09-01 17:31:30,0,152,5,[1667.3552225333003 136.50693148956617 1862.1226354887083 391.3083801716163],[1720.935791015625 317.4430847167969 1826.89013671875 372.5311279296875],0.19087685644626617,,0
2025-09-01 17:31:30,0,153,5,[1667.361003490624 136.62556207511022 1862.1873163567645 391.3868583740219],[1720.47216796875 318.03692626953125 1826.004638671875 372.52105712890625],0.18162015080451965,,0
2025-09-01 17:31:30,0,153,5,[1667.361003490624 136.62556207511022 1862.1873163567645 391.3868583740219],[1718.1717529296875 316.8343811035156 1801.3704833984375 368.47882080078125],0.16592729091644287,,0
2025-09-01 17:31:30,0,154,5,[1667.3552818198284 136.68905508125738 1862.2310022207764 391.4238895328615],[1720.3447265625 317.87945556640625 1825.986328125 372.634765625],0.17908428609371185,,0
2025-09-01 17:31:30,0,154,5,[1667.3552818198284 136.68905508125738 1862.2310022207764 391.4238895328615],[1718.0928955078125 316.6897888183594 1801.5399169921875 368.50927734375],0.16591870784759521,,0
2025-09-01 17:31:30,0,155,5,[1667.351885747076 136.72141065327799 1862.2712734363338 391.4381589143818],[1720.203857421875 318.0096435546875 1826.4595947265625 372.7275695800781],0.18071922659873962,,0
2025-09-01 17:31:30,0,155,5,[1667.351885747076 136.72141065327799 1862.2712734363338 391.4381589143818],[1718.0335693359375 316.7871398925781 1802.19873046875 368.60260009765625],0.16598688066005707,,0
2025-09-01 17:31:30,0,156,5,[1667.113240692293 136.1886521878792 1861.9526846578265 390.9127669628784],[1720.1971435546875 317.4210205078125 1827.2391357421875 372.83160400390625],0.1932165026664734,,0
2025-09-01 17:31:31,0,157,5,[1667.0177243022836 135.98835681312323 1861.8067480787627 390.710485472545],[1719.605712890625 318.1780700683594 1827.607177734375 372.80401611328125],0.1780335009098053,,0
2025-09-01 17:31:31,0,158,5,[1666.9885422681687 135.91234837870735 1861.741564723227 390.6344356755806],[1719.6025390625 318.182373046875 1827.653076171875 372.8187561035156],0.17862698435783386,,0
2025-09-01 17:31:31,0,159,5,[1666.9825230712706 135.85857728961042 1861.7119960684238 390.5748024013888],[1719.6380615234375 318.21240234375 1827.802490234375 372.7795715332031],0.18251585960388184,,0
2025-09-01 17:31:31,0,160,5,[1667.2259027526707 136.3928493744132 1862.044252012145 391.05886933672446],[1719.13623046875 318.7782897949219 1827.210205078125 372.7066955566406],0.17491605877876282,,0
2025-09-01 17:31:31,0,160,5,[1667.2259027526707 136.3928493744132 1862.044252012145 391.05886933672446],[1717.29052734375 317.1894226074219 1802.25 368.53045654296875],0.1588054746389389,,0
2025-09-01 17:31:31,0,161,5,[1667.306383556619 136.60551458709483 1862.1905982141202 391.23758550025286],[1719.328125 318.9023742675781 1827.914794921875 372.79022216796875],0.16457703709602356,,0
2025-09-01 17:31:31,0,161,5,[1667.306383556619 136.60551458709483 1862.1905982141202 391.23758550025286],[1717.2725830078125 316.94854736328125 1801.8079833984375 368.49810791015625],0.15135830640792847,,0
2025-09-01 17:31:31,0,165,5,[1667.3493402661848 136.75358439257786 1862.3405518386176 391.2801211060083],[1718.5177001953125 318.355224609375 1824.1600341796875 372.1990661621094],0.17026400566101074,,0
2025-09-01 17:31:31,0,165,5,[1667.3493402661848 136.75358439257786 1862.3405518386176 391.2801211060083],[1716.890380859375 316.4015808105469 1797.9365234375 367.962158203125],0.16959436237812042,,0
2025-09-01 17:31:31,0,166,5,[1667.3692335208361 136.74067227596151 1862.3889772770026 391.2019484750383],[1716.803466796875 315.90081787109375 1796.492431640625 367.6827392578125],0.17871396243572235,,0
2025-09-01 17:31:31,0,166,5,[1667.3692335208361 136.74067227596151 1862.3889772770026 391.2019484750383],[1718.4415283203125 317.85693359375 1822.9442138671875 371.9745788574219],0.1753201186656952,,0
2025-09-01 17:31:31,0,167,5,[1667.3591658720302 136.74717696034548 1862.3935526530286 391.1675223471746],[1716.8038330078125 315.9087829589844 1796.7740478515625 367.7667236328125],0.17770297825336456,,0
2025-09-01 17:31:31,0,167,5,[1667.3591658720302 136.74717696034548 1862.3935526530286 391.1675223471746],[1718.4664306640625 317.9117431640625 1823.42138671875 372.0735168457031],0.1748506873846054,,0
2025-09-01 17:31:31,0,168,5,[1667.3469293439111 136.7586530101994 1862.3878743831392 391.15002243057427],[1716.8236083984375 315.935791015625 1796.5623779296875 367.6889953613281],0.17699533700942993,,0
2025-09-01 17:31:31,0,168,5,[1667.3469293439111 136.7586530101994 1862.3878743831392 391.15002243057427],[1718.5211181640625 317.9200744628906 1823.163330078125 372.0238037109375],0.17317230999469757,,0
2025-09-01 17:31:32,0,169,5,[1667.3392304117683 136.76607811339585 1862.386760339541 391.137676044005],[1716.814453125 315.9236145019531 1796.539306640625 367.68695068359375],0.17646901309490204,,0
2025-09-01 17:31:32,0,169,5,[1667.3392304117683 136.76607811339585 1862.386760339541 391.137676044005],[1718.5081787109375 317.9081115722656 1823.1397705078125 372.02105712890625],0.17278355360031128,,0
2025-09-01 17:31:32,0,170,5,[1667.328955424467 136.76405848629338 1862.3857990509864 391.13192048437656],[1716.8074951171875 315.9134521484375 1796.4664306640625 367.67498779296875],0.17636717855930328,,0
2025-09-01 17:31:32,0,170,5,[1667.328955424467 136.76405848629338 1862.3857990509864 391.13192048437656],[1718.5020751953125 317.90106201171875 1823.07763671875 372.00213623046875],0.1725953221321106,,0
2025-09-01 17:31:32,0,171,5,[1667.324758760353 136.76851959903416 1862.3860413427462 391.13090833887617],[1716.828369140625 315.9373474121094 1796.439697265625 367.6619873046875],0.17703472077846527,,0
2025-09-01 17:31:32,0,171,5,[1667.324758760353 136.76851959903416 1862.3860413427462 391.13090833887617],[1718.5372314453125 317.9293212890625 1823.0523681640625 371.99468994140625],0.17284667491912842,,0
2025-09-01 17:31:32,0,172,5,[1667.3246208781788 136.80262904166335 1862.3775490875587 391.1670294022803],[1718.5887451171875 318.3236389160156 1824.55224609375 372.2720031738281],0.174879252910614,,0
2025-09-01 17:31:32,0,172,5,[1667.3246208781788 136.80262904166335 1862.3775490875587 391.1670294022803],[1716.9635009765625 316.33721923828125 1798.5845947265625 368.0362243652344],0.17287318408489227,,0
2025-09-01 17:31:32,0,173,5,[1667.321647065794 136.81589919814525 1862.362261141886 391.18392268368876],[1716.83349609375 316.0366516113281 1797.195556640625 367.89984130859375],0.17686615884304047,,0
2025-09-01 17:31:32,0,173,5,[1667.321647065794 136.81589919814525 1862.362261141886 391.18392268368876],[1718.449951171875 318.1285705566406 1823.382568359375 372.1592102050781],0.17383071780204773,,0
2025-09-01 17:31:32,0,174,5,[1667.2420550927652 137.3720174460218 1861.9840515431813 391.5102017266886],[1718.7945556640625 318.0151062011719 1825.053955078125 372.5826416015625],0.1818670630455017,,0
2025-09-01 17:31:32,0,174,5,[1667.2420550927652 137.3720174460218 1861.9840515431813 391.5102017266886],[1717.125732421875 316.03448486328125 1800.00146484375 368.3298645019531],0.17954404652118683,,0
2025-09-01 17:31:33,0,175,5,[1667.2643401943403 137.62579961419777 1861.7732512836326 391.60412777560447],[1716.9510498046875 315.5848388671875 1796.4957275390625 367.69940185546875],0.18266218900680542,,0
2025-09-01 17:31:33,0,175,5,[1667.2643401943403 137.62579961419777 1861.7732512836326 391.60412777560447],[1718.822021484375 317.77386474609375 1822.6248779296875 372.0068664550781],0.1766592562198639,,0
2025-09-01 17:31:33,0,176,5,[1667.3181365195628 137.75234307412714 1861.6585690494603 391.6285274554208],[1719.0875244140625 317.9489440917969 1825.0609130859375 373.206298828125],0.19963054358959198,,0
2025-09-01 17:31:33,0,176,5,[1667.3181365195628 137.75234307412714 1861.6585690494603 391.6285274554208],[1716.869384765625 315.7196960449219 1801.361572265625 368.86981201171875],0.19912801682949066,,0
2025-09-01 17:31:34,0,177,5,[1667.3658073907002 137.82917164343 1861.5896074845084 391.6593426232554],[1719.0975341796875 318.1699523925781 1826.0692138671875 373.4512023925781],0.1955976039171219,,0
2025-09-01 17:31:34,0,177,5,[1667.3658073907002 137.82917164343 1861.5896074845084 391.6593426232554],[1716.7481689453125 315.87451171875 1802.1705322265625 369.0652160644531],0.19338959455490112,,0
2025-09-01 17:31:34,0,178,5,[1667.4193966388364 137.8734714022235 1861.5485910999612 391.68096209075554],[1719.0880126953125 318.34161376953125 1826.5888671875 373.86688232421875],0.19341988861560822,,0
2025-09-01 17:31:34,0,178,5,[1667.4193966388364 137.8734714022235 1861.5485910999612 391.68096209075554],[1716.468017578125 315.9688415527344 1802.5517578125 369.3656005859375],0.19194979965686798,,0
2025-09-01 17:31:35,0,179,5,[1667.4525155754618 137.8852698845989 1861.5122747012288 391.65474421161866],[1715.9696044921875 315.4073181152344 1797.0655517578125 368.4505920410156],0.18519237637519836,,0
2025-09-01 17:31:35,0,179,5,[1667.4525155754618 137.8852698845989 1861.5122747012288 391.65474421161866],[1718.30712890625 317.7679138183594 1823.8154296875 373.1341857910156],0.16839569807052612,,0
2025-09-01 17:31:35,0,180,5,[1667.5471931305726 137.3566421173755 1861.8698099734604 391.28914251051947],[1716.427734375 315.82135009765625 1799.6510009765625 368.802001953125],0.18844252824783325,,0
2025-09-01 17:31:35,0,180,5,[1667.5471931305726 137.3566421173755 1861.8698099734604 391.28914251051947],[1718.6749267578125 317.9930725097656 1824.910888671875 373.2909851074219],0.18103475868701935,,0
2025-09-01 17:34:38,0,7,5,[1666.4289077723752 139.31441536432692 1861.35687402029 391.11829644824513],[1711.2535400390625 316.7359313964844 1770.889892578125 364.55401611328125],0.15078596770763397,,0
2025-09-01 17:34:41,0,8,5,[1666.4657917660218 139.33153058231557 1861.3600318225037 391.08780289420923],[1711.1085205078125 316.683837890625 1771.0740966796875 364.7370300292969],0.15350393950939178,,0
2025-09-01 17:34:41,0,9,5,[1666.4672358145126 139.34695041911868 1861.3489645051814 391.07345825366133],[1711.0389404296875 316.66900634765625 1771.1795654296875 364.8190002441406],0.15518546104431152,,0
2025-09-01 17:34:41,0,10,5,[1666.4742619612941 139.35417829320255 1861.3432188953755 391.0658278388485],[1710.9306640625 316.63494873046875 1771.2818603515625 364.9834289550781],0.15714341402053833,,0
2025-09-01 17:34:41,0,11,5,[1666.4591212472124 139.36001429437317 1861.3333101614148 391.0765190358502],[1711.0667724609375 316.6644287109375 1771.4344482421875 365.14617919921875],0.16079527139663696,,0
2025-09-01 17:34:41,0,12,5,[1666.4444674429128 139.37170970394044 1861.3257170774718 391.09313400440254],[1710.90234375 316.5639953613281 1771.395263671875 365.1460876464844],0.16355226933956146,,0
2025-09-01 17:34:41,0,13,5,[1666.4382277886532 139.37576112066162 1861.3243993423537 391.09831063711783],[1710.8170166015625 316.5030517578125 1771.4534912109375 365.1495056152344],0.16242855787277222,,0
2025-09-01 17:34:41,0,14,5,[1666.4353010641466 139.38177601869313 1861.3304062854231 391.11757734411026],[1710.8704833984375 316.5216369628906 1771.4146728515625 365.07342529296875],0.15780478715896606,,0
2025-09-01 17:34:41,0,15,5,[1666.4207287207853 139.3647111540905 1861.3340288243783 391.11436423995076],[1710.8759765625 316.5099792480469 1771.46044921875 365.10601806640625],0.15568511188030243,,0
2025-09-01 17:34:41,0,16,5,[1666.4016384832692 139.3573881450793 1861.3387232610887 391.1192444215633],[1710.9368896484375 316.5646667480469 1771.392822265625 365.088134765625],0.15638074278831482,,0
2025-09-01 17:34:41,0,17,5,[1666.3884771974854 139.35410771309373 1861.3318553191439 391.0860757102723],[1710.6456298828125 316.6613464355469 1770.6917724609375 365.4262390136719],0.15752969682216644,,0
2025-09-01 17:34:42,0,18,5,[1666.389780881036 139.35613986146817 1861.321958037441 391.0637080823766],[1710.4119873046875 316.6414794921875 1771.4447021484375 365.39715576171875],0.16177694499492645,,0
2025-09-01 17:34:42,0,19,5,[1666.386312455146 139.37077094427383 1861.3087165651662 391.07652769377563],[1710.228515625 316.7621154785156 1771.686767578125 365.4158935546875],0.15940798819065094,,0
2025-09-01 17:34:42,0,20,5,[1666.3904523748456 139.39107857369254 1861.3045331045091 391.0869926818448],[1710.2779541015625 316.4736328125 1772.4188232421875 365.1889343261719],0.1652289628982544,,0
2025-09-01 17:34:42,0,21,5,[1666.3900443331008 139.405537814949 1861.298753894287 391.08746389416325],[1710.3055419921875 316.4597473144531 1772.3270263671875 365.11773681640625],0.16341036558151245,,0
2025-09-01 17:34:42,0,22,5,[1666.3664974106223 139.40664735718252 1861.2802239848193 391.0767450128024],[1710.024658203125 316.3279113769531 1773.178466796875 364.98388671875],0.16646939516067505,,0
2025-09-01 17:34:42,0,23,5,[1666.3439691962685 139.40384776799738 1861.2677617096756 391.0734873223108],[1709.97216796875 316.27276611328125 1773.242431640625 365.01580810546875],0.16454897820949554,,0
2025-09-01 17:34:42,0,24,5,[1666.348439788117 139.38827364514714 1861.2675117407912 391.04494773060287],[1709.912841796875 316.2341613769531 1773.2413330078125 365.0493469238281],0.16365236043930054,,0
2025-09-01 17:34:42,0,25,5,[1666.3616827835444 139.39785866608335 1861.2594944147918 391.03590368930134],[1709.713623046875 316.0437316894531 1773.387451171875 365.1850891113281],0.17227980494499207,,0
2025-09-01 17:34:42,0,26,5,[1666.3731903869607 139.40679058135277 1861.2525153549113 391.02678012054366],[1709.7152099609375 316.05902099609375 1773.40771484375 365.1839294433594],0.17232978343963623,,0
2025-09-01 17:34:42,0,27,5,[1666.3887050872124 139.3875732871693 1861.2485678779983 390.9624406821248],[1709.5601806640625 316.06982421875 1773.4541015625 365.1524963378906],0.16767428815364838,,0
2025-09-01 17:34:42,0,28,5,[1666.3849062061574 139.38927522800503 1861.2324992970277 390.9286209463242],[1709.7608642578125 316.06805419921875 1772.8033447265625 364.8153076171875],0.15944504737854004,,0
2025-09-01 17:34:43,0,29,5,[1666.3919730306745 139.4009445709622 1861.2295250953368 390.9109860098922],[1709.8465576171875 316.1990661621094 1772.6817626953125 364.6883239746094],0.1574607938528061,,0
2025-09-01 17:34:43,0,30,5,[1666.3980786176735 139.41268073689423 1861.235580602859 390.91603573492864],[1709.6737060546875 316.1367492675781 1773.0164794921875 364.5947570800781],0.15979811549186707,,0
2025-09-01 17:34:43,0,31,5,[1666.3873891505857 139.42808242436237 1861.2195098785985 390.93127780884686],[1709.7330322265625 316.3231201171875 1772.9930419921875 364.64190673828125],0.16043461859226227,,0
2025-09-01 17:34:43,0,32,5,[1666.3799305706382 139.4284638369079 1861.2240349535894 390.91648451443416],[1709.997802734375 316.43939208984375 1772.274169921875 364.7039794921875],0.15494006872177124,,0
2025-09-01 17:34:43,0,33,5,[1666.362624118245 139.4275710027365 1861.2199001589302 390.89943649536656],[1709.7374267578125 316.3658752441406 1773.6588134765625 364.8340148925781],0.157060444355011,,0
2025-09-01 17:34:43,0,35,5,[1666.3953848053723 139.38392608107773 1861.2115348342443 390.85402204231247],[1709.9747314453125 316.46881103515625 1773.3489990234375 364.6358947753906],0.15063008666038513,,0
2025-09-01 17:34:43,0,36,5,[1666.404266063507 139.3765550741901 1861.2023968085934 390.8433879715572],[1709.97802734375 316.4959716796875 1773.36474609375 364.6519775390625],0.15105140209197998,,0
2025-09-01 17:34:43,0,37,5,[1666.4229492208024 139.35909281380373 1861.1932788904978 390.81829121814917],[1709.9754638671875 316.4952697753906 1773.3695068359375 364.6543884277344],0.1511545181274414,,0
2025-09-01 17:34:43,0,38,5,[1666.46567223431 139.35348712650682 1861.1949183120385 390.8143722818336],[1709.936767578125 316.4945983886719 1773.5113525390625 364.7016906738281],0.15173469483852386,,0
2025-09-01 17:34:43,0,39,5,[1666.502243700382 139.34401844069396 1861.1909661898392 390.8176072088917],[1709.9893798828125 316.4905700683594 1773.7064208984375 364.7121276855469],0.1537005752325058,,0
2025-09-01 17:34:44,0,40,5,[1666.5036864741553 139.34122150888493 1861.1816982320167 390.82225085455684],[1709.9847412109375 316.49725341796875 1773.7127685546875 364.7205505371094],0.15390188992023468,,0
2025-09-01 17:34:44,0,41,5,[1666.4815784263653 139.3624467339505 1861.1782039655566 390.8410952894253],[1709.9884033203125 316.5044860839844 1773.6981201171875 364.7193603515625],0.15364396572113037,,0
2025-09-01 17:34:44,0,42,5,[1666.4820106733573 139.359571338762 1861.1843808174458 390.83147404784296],[1709.9879150390625 316.50494384765625 1773.6990966796875 364.7209167480469],0.15362900495529175,,0
2025-09-01 17:34:44,0,43,5,[1666.4869140694252 139.36369570786937 1861.1926968095797 390.83126316749133],[1709.9168701171875 316.51092529296875 1773.7294921875 364.75616455078125],0.15454939007759094,,0
2025-09-01 17:34:44,0,44,5,[1666.484145162785 139.36828002292316 1861.1964243747661 390.8396511074843],[1709.921630859375 316.51348876953125 1773.70751953125 364.76129150390625],0.15422604978084564,,0
2025-09-01 17:34:44,0,45,5,[1666.4882580095955 139.36989578838217 1861.1988024688599 390.8431588892783],[1709.9000244140625 316.5043029785156 1773.7078857421875 364.75885009765625],0.1543562114238739,,0
2025-09-01 17:34:44,0,46,5,[1666.4827792157048 139.36771184190087 1861.1954139160875 390.8374743531336],[1709.9066162109375 316.50634765625 1773.6968994140625 364.7476806640625],0.15405818819999695,,0
2025-09-01 17:34:44,0,47,5,[1666.4628593037344 139.38139100968306 1861.1908409417567 390.8802981834299],[1710.0732421875 316.60784912109375 1772.9677734375 364.8796691894531],0.151123508810997,,0
2025-09-01 17:34:44,0,48,5,[1666.443018613435 139.3783084882598 1861.1922673253862 390.8825524521311],[1709.8492431640625 316.483154296875 1773.7801513671875 364.7769470214844],0.15412288904190063,,0
2025-09-01 17:34:45,0,49,5,[1666.446066527592 139.37285135688825 1861.1968533357235 390.86258687868275],[1710.034423828125 316.4319763183594 1774.3125 364.7931823730469],0.15615464746952057,,0
2025-09-01 17:34:45,0,50,5,[1666.4459095768204 139.37469295783265 1861.1987672642915 390.8512890832774],[1710.0257568359375 316.4308166503906 1774.3265380859375 364.8014221191406],0.15643472969532013,,0
2025-09-01 17:34:45,0,51,5,[1666.6571497071006 139.18142612851443 1861.256052840755 390.8015064376566],[1708.5986328125 315.60772705078125 1769.6595458984375 363.4999084472656],0.1571444869041443,,0
2025-09-01 17:34:45,0,52,5,[1666.749893190105 139.08077645599394 1861.2371109655282 390.80090327801474],[1708.272216796875 315.7782897949219 1769.700439453125 363.54437255859375],0.16614821553230286,,0
2025-09-01 17:34:45,0,53,5,[1666.7899884244862 139.0438792221854 1861.1989369093744 390.79338330582834],[1708.348388671875 315.62066650390625 1769.52978515625 363.099365234375],0.15559989213943481,,0
2025-09-01 17:34:45,0,54,5,[1666.813475920626 139.03890865700853 1861.1800840335 390.80024662209814],[1708.6080322265625 315.9408874511719 1770.2940673828125 363.25360107421875],0.16213484108448029,,0
2025-09-01 17:34:45,0,55,5,[1666.8394115094604 138.97546688745388 1861.16418744096 390.742880277995],[1708.676513671875 316.3072814941406 1770.4801025390625 363.5497741699219],0.16006623208522797,,0
2025-09-01 17:34:45,0,56,5,[1666.8416596728196 138.9508921840607 1861.1506476434413 390.702733656107],[1709.361328125 316.22332763671875 1770.4482421875 363.0770263671875],0.1557500660419464,,0
2025-09-01 17:34:45,0,57,5,[1666.8415762106642 138.94582518097502 1861.139538354299 390.6850719451437],[1708.9346923828125 316.1766357421875 1769.7740478515625 362.9096374511719],0.15021097660064697,,0
2025-09-01 17:34:45,0,58,5,[1666.8386342685387 138.96167117819215 1861.1357246087025 390.6893326523389],[1708.9346923828125 316.1766357421875 1769.7740478515625 362.90972900390625],0.1502150446176529,,0
2025-09-01 17:34:45,0,59,5,[1666.8316404023192 138.97081711022466 1861.1329454076124 390.69367344752663],[1708.9346923828125 316.1766357421875 1769.7740478515625 362.9096374511719],0.15021303296089172,,0
2025-09-01 17:34:48,0,84,5,[1666.789675437149 138.91708018679276 1861.1270345542084 390.6951600834234],[1709.197265625 316.3323974609375 1770.0838623046875 363.0013122558594],0.15655872225761414,,0
2025-09-01 17:34:48,0,85,5,[1666.8296683293167 138.8997438088195 1861.1365957251285 390.6855386713256],[1709.6888427734375 316.12677001953125 1770.2216796875 363.0163269042969],0.15619613230228424,,0
2025-09-01 17:34:48,0,86,5,[1666.8524544060192 138.90600001706238 1861.138257917557 390.6861091752536],[1709.8040771484375 316.0198059082031 1770.2633056640625 362.9923095703125],0.1571916788816452,,0
2025-09-01 17:34:48,0,87,5,[1666.8696426626282 138.91437770237667 1861.138752649396 390.68265756555263],[1709.8070068359375 316.0245056152344 1770.2633056640625 362.9898681640625],0.15719811618328094,,0
2025-09-01 17:34:48,0,88,5,[1666.8906365761245 138.91340617810985 1861.1411983818534 390.6689574805215],[1709.4354248046875 315.6727294921875 1770.0594482421875 362.7951965332031],0.16522382199764252,,0
2025-09-01 17:34:48,0,89,5,[1666.899711083893 138.91559495564775 1861.1318864318453 390.664541343584],[1709.416015625 315.6652526855469 1770.0513916015625 362.77197265625],0.16566632688045502,,0
2025-09-01 17:34:48,0,90,5,[1666.9145503246784 138.91522498547448 1861.130047771732 390.65366152535233],[1710.06005859375 315.4930419921875 1770.287841796875 362.71490478515625],0.16240772604942322,,0
2025-09-01 17:34:48,0,91,5,[1666.9298470298543 138.91017791104935 1861.1241792537783 390.6428312103194],[1710.0579833984375 315.4853515625 1770.276611328125 362.72747802734375],0.16177673637866974,,0
2025-09-01 17:34:48,0,92,5,[1666.93371919823 138.90670031513162 1861.1130675163913 390.63560315102563],[1710.0633544921875 315.4888000488281 1770.2706298828125 362.7220764160156],0.161810040473938,,0
2025-09-01 17:34:48,0,93,5,[1666.9454113765764 138.90799364141304 1861.1136545795794 390.63282357714814],[1710.1124267578125 315.529296875 1770.46435546875 362.7329406738281],0.16392233967781067,,0
2025-09-01 17:34:48,0,94,5,[1666.9675181604186 138.90919965148993 1861.1160404025052 390.6326349092487],[1710.1146240234375 315.53955078125 1770.49951171875 362.7367248535156],0.1644580066204071,,0
2025-09-01 17:34:49,0,95,5,[1666.9830286425195 138.9047429593632 1861.11336956359 390.62632740121813],[1710.103271484375 315.5267028808594 1770.5057373046875 362.7314147949219],0.16463729739189148,,0
2025-09-01 17:34:49,0,96,5,[1666.9562417452041 138.90078773420822 1861.099998329956 390.61645505571124],[1710.372802734375 315.6557312011719 1770.73388671875 362.7277526855469],0.16866657137870789,,0
2025-09-01 17:34:49,0,97,5,[1666.9451688357713 138.89296439182337 1861.0940552813959 390.6063270276146],[1710.3260498046875 315.63262939453125 1770.7874755859375 362.7693786621094],0.16912025213241577,,0
2025-09-01 17:34:49,0,98,5,[1666.9551629620914 138.88464137887686 1861.0951517068925 390.5966248087301],[1710.2969970703125 315.61322021484375 1770.8353271484375 362.7931213378906],0.1693185418844223,,0
2025-09-01 17:34:49,0,99,5,[1666.9520539644202 138.8758108149 1861.0902368687514 390.587373762659],[1710.298828125 315.6177978515625 1770.840087890625 362.7958679199219],0.17003482580184937,,0
2025-09-01 17:34:49,0,100,5,[1666.9445756308153 138.8653722741767 1861.0869015357332 390.57505519519987],[1710.2783203125 315.6024169921875 1770.84228515625 362.7879638671875],0.17010952532291412,,0
2025-09-01 17:34:49,0,101,5,[1666.6993955382716 138.930997359492 1861.017671603625 390.6322523397131],[1710.0765380859375 315.7646484375 1775.6004638671875 364.26123046875],0.18001000583171844,,0
2025-09-01 17:34:49,0,102,5,[1666.5798316439468 138.95734398656316 1861.022057045569 390.64974218137695],[1710.07666015625 315.7646789550781 1775.6002197265625 364.2612609863281],0.18001176416873932,,0
2025-09-01 17:34:49,0,103,5,[1666.5285006199044 138.96423532225316 1861.0527314566623 390.6423086357592],[1710.076904296875 315.7646789550781 1775.60009765625 364.26116943359375],0.18000741302967072,,0
2025-09-01 17:34:50,0,104,5,[1666.4898095527294 138.965484828061 1861.077762077315 390.64348418257896],[1710.076171875 315.7645568847656 1775.5997314453125 364.26123046875],0.18000254034996033,,0
2025-09-01 17:34:50,0,105,5,[1666.4679683415832 138.9691315631053 1861.0989916508963 390.6456428549003],[1710.076171875 315.7644958496094 1775.60009765625 364.26116943359375],0.18000099062919617,,0
2025-09-01 17:34:50,0,106,5,[1666.443201063625 138.97154943317162 1861.1092964019258 390.65509793535216],[1710.094482421875 315.7651062011719 1775.5946044921875 364.2455749511719],0.17990818619728088,,0
2025-09-01 17:34:51,0,107,5,[1666.4181449108619 138.9850118603619 1861.118547354486 390.6700180907272],[1710.0953369140625 315.7617492675781 1775.586669921875 364.2364501953125],0.1795452982187271,,0
2025-09-01 17:34:51,0,108,5,[1666.3944952944223 138.98934231481573 1861.1222560623517 390.6831880614051],[1710.100341796875 315.762451171875 1775.587646484375 364.2315673828125],0.17973405122756958,,0
2025-09-01 17:34:51,0,109,5,[1666.3862253398038 138.9953195360785 1861.138638783279 390.6845405468462],[1710.1224365234375 315.7568664550781 1775.5936279296875 364.2069396972656],0.17967255413532257,,0
2025-09-01 17:34:52,0,110,5,[1666.3732794059003 139.00309986108894 1861.147336265514 390.69100373569165],[1710.1260986328125 315.7586975097656 1775.5936279296875 364.20166015625],0.17970888316631317,,0
2025-09-01 17:34:52,0,111,5,[1666.3661454126316 139.00756842140697 1861.1588400359217 390.69632269931253],[1710.1348876953125 315.7559814453125 1775.5830078125 364.1788330078125],0.17924024164676666,,0
2025-09-01 17:34:52,0,112,5,[1666.4152857979477 139.0142548020088 1861.1875805864322 390.6875279347733],[1709.88134765625 315.6462707519531 1775.2965087890625 364.1461486816406],0.1741742193698883,,0
2025-09-01 17:34:53,0,113,5,[1666.427024844615 139.02133391921228 1861.189079297847 390.6921099445968],[1709.8787841796875 315.6443786621094 1775.2825927734375 364.14495849609375],0.17393949627876282,,0
2025-09-01 17:34:53,0,114,5,[1666.4341573885267 139.01750993394478 1861.1915774486174 390.68770701787037],[1709.8736572265625 315.64483642578125 1775.2789306640625 364.1470642089844],0.17361553013324738,,0
2025-09-01 17:34:53,0,115,5,[1666.442249584449 139.01802110716136 1861.1934387840913 390.6846853237532],[1709.870361328125 315.64227294921875 1775.274169921875 364.1500244140625],0.17341981828212738,,0
2025-09-01 17:34:54,0,116,5,[1666.4578116147704 139.02362804161532 1861.199300853637 390.68519335820974],[1710.0194091796875 315.57159423828125 1775.3133544921875 364.1135559082031],0.17580240964889526,,0
2025-09-01 17:34:54,0,117,5,[1666.463629864048 139.02531103316744 1861.197838062068 390.69038379299354],[1710.0179443359375 315.5706787109375 1775.3089599609375 364.1113586425781],0.17558667063713074,,0
2025-09-01 17:34:54,0,118,5,[1666.468922432257 139.0285618980015 1861.1967454836677 390.6983477073811],[1710.1754150390625 315.4710388183594 1775.3983154296875 364.078857421875],0.1776539385318756,,0
2025-09-01 17:34:54,0,119,5,[1666.4806926112376 139.02700465082728 1861.2016111421879 390.6970268106742],[1710.177978515625 315.485595703125 1775.4810791015625 364.21783447265625],0.17984458804130554,,0
2025-09-01 17:34:54,0,120,5,[1666.478282179717 139.02821240280645 1861.199678614877 390.70486118510263],[1710.1878662109375 315.4919128417969 1775.4759521484375 364.2275390625],0.18001148104667664,,0
2025-09-01 17:34:54,0,121,5,[1666.477279181197 139.02555642522694 1861.197596962429 390.688653880846],[1710.145751953125 315.4840393066406 1775.666015625 364.323974609375],0.18486866354942322,,0
2025-09-01 17:34:55,0,122,5,[1666.4835974878035 139.03543986188276 1861.2015957819942 390.677716257136],[1709.82421875 315.0284118652344 1775.510009765625 364.1368103027344],0.196961909532547,,0
2025-09-01 17:34:55,0,123,5,[1666.5006193055792 139.03868500841318 1861.2071433762567 390.67055991567406],[1709.7044677734375 314.7513732910156 1775.8480224609375 363.9054870605469],0.1987454891204834,,0
2025-09-01 17:34:55,0,124,5,[1666.508840538768 139.03539666197307 1861.2068867243077 390.6585073470171],[1709.704833984375 314.7460632324219 1775.8359375 363.8910217285156],0.19838550686836243,,0
2025-09-01 17:34:55,0,125,5,[1666.5118915654798 139.04238123929417 1861.1953721107184 390.6715828078494],[1709.7835693359375 314.76324462890625 1775.8956298828125 363.919189453125],0.19948497414588928,,0
2025-09-01 17:34:55,0,126,5,[1666.5207628033336 139.06308073317462 1861.201856814283 390.6795848667159],[1709.8026123046875 314.689208984375 1776.049072265625 363.9732360839844],0.20199409127235413,,0
2025-09-01 17:34:55,0,127,5,[1666.5346212961658 139.0696513550285 1861.215746102332 390.6729281466385],[1709.893798828125 314.7123718261719 1775.7733154296875 363.8565979003906],0.19957050681114197,,0
2025-09-01 17:34:56,0,128,5,[1666.5495332612093 139.08392550755656 1861.2346670864333 390.67386723593773],[1709.889404296875 314.6876525878906 1775.772216796875 363.8083190917969],0.19908110797405243,,0
2025-09-01 17:34:56,0,129,5,[1666.5596821018135 139.08050717360175 1861.2471929084577 390.6642758061812],[1709.767578125 314.60992431640625 1776.1033935546875 363.9036560058594],0.20665252208709717,,0
2025-09-01 17:34:56,0,130,5,[1666.5427218299335 139.08043719313855 1861.241396189768 390.6575166447475],[1709.7366943359375 314.54473876953125 1775.874755859375 363.84100341796875],0.2035074234008789,,0
2025-09-01 17:34:56,0,131,5,[1666.5486016923383 139.08541615891727 1861.2581806914627 390.65210462971777],[1709.70849609375 314.3746032714844 1776.643798828125 363.93560791015625],0.20901720225811005,,0
2025-09-01 17:34:56,0,132,5,[1666.5391719670083 139.10050477994798 1861.2582895464575 390.65648926132485],[1709.6676025390625 314.3587951660156 1776.60546875 363.9545593261719],0.2076573371887207,,0
2025-09-01 17:34:57,0,133,5,[1666.5368614282936 139.1032293685533 1861.2637622616296 390.6435943464017],[1709.597900390625 314.3606872558594 1776.356689453125 363.954345703125],0.20598898828029633,,0
2025-09-01 17:34:57,0,134,5,[1666.5058007683842 139.11720451647298 1861.2601918234923 390.6634143905909],[1709.6337890625 314.3976745605469 1776.08056640625 363.90838623046875],0.20232842862606049,,0
2025-09-01 17:34:57,0,135,5,[1666.4769426004318 139.1154148466373 1861.254716103815 390.6743042822009],[1709.6121826171875 314.3865051269531 1776.104736328125 363.9234924316406],0.20281992852687836,,0
2025-09-01 17:34:57,0,136,5,[1666.4627037241617 139.1107999456001 1861.2597175417445 390.6757494293082],[1709.5833740234375 314.3720703125 1776.1304931640625 363.94354248046875],0.20357854664325714,,0
2025-09-01 17:34:58,0,137,5,[1666.4645151797397 139.10089006198797 1861.268788647246 390.67396177981624],[1709.6817626953125 314.4012451171875 1775.6685791015625 363.7608337402344],0.20263928174972534,,0
2025-09-01 17:34:58,0,138,5,[1666.46698989695 139.1003088902419 1861.2790131876864 390.67396252405115],[1709.7022705078125 314.4131774902344 1775.6334228515625 363.7447814941406],0.20304545760154724,,0
2025-09-01 17:34:58,0,139,5,[1666.4777939170501 139.0730414285792 1861.2861833196923 390.63376283793315],[1709.6656494140625 314.42333984375 1776.9656982421875 364.0785217285156],0.20196451246738434,,0
2025-09-01 17:34:58,0,140,5,[1666.4872586591982 139.07015817160038 1861.2909916007975 390.62127272334305],[1709.741455078125 314.3668212890625 1776.818115234375 364.001953125],0.20086060464382172,,0
2025-09-01 17:34:58,0,141,5,[1666.5062548533083 139.05607184624958 1861.2926306649333 390.60820980612505],[1710.303955078125 314.5516662597656 1776.573486328125 363.9946594238281],0.19534482061862946,,0
2025-09-01 17:34:59,0,142,5,[1666.5184176211676 139.04993947905493 1861.2905632476702 390.60598746612027],[1709.9564208984375 314.6693420410156 1776.3951416015625 363.9825744628906],0.19409647583961487,,0
2025-09-01 17:34:59,0,143,5,[1666.520973960425 139.05832013123305 1861.282587595865 390.62128654918604],[1710.245361328125 314.77276611328125 1776.53173828125 364.053955078125],0.19000144302845,,0
2025-09-01 17:34:59,0,144,5,[1666.5221229284348 139.05846422981492 1861.2781854072123 390.6282125362475],[1710.252685546875 314.7784729003906 1776.542724609375 364.04534912109375],0.19033293426036835,,0
2025-09-01 17:34:59,0,145,5,[1666.5011568111067 139.04598271495865 1861.2600820680623 390.6363035160308],[1709.7601318359375 314.6836242675781 1776.5679931640625 364.0914306640625],0.18222065269947052,,0
2025-09-01 17:35:00,0,146,5,[1666.471816142635 139.02627460515444 1861.2410489099475 390.63009718513115],[1709.7374267578125 314.6927490234375 1776.5537109375 364.07720947265625],0.1823657900094986,,0
2025-09-01 17:35:00,0,147,5,[1666.4469233760626 139.02348267955682 1861.2356898165215 390.6337783506795],[1709.627197265625 314.58673095703125 1776.2816162109375 363.97247314453125],0.17330610752105713,,0
2025-09-01 17:35:01,0,148,5,[1666.423196960495 139.02459834202887 1861.2346421252107 390.64734439283154],[1709.6265869140625 314.58636474609375 1776.2802734375 363.9725646972656],0.17327946424484253,,0
2025-09-01 17:35:01,0,149,5,[1666.4231055172136 139.0183172653451 1861.2347418308104 390.6504129744293],[1709.66455078125 314.5784912109375 1776.529541015625 364.0169677734375],0.17361702024936676,,0
2025-09-01 17:35:01,0,150,5,[1666.4308638377045 139.01246187126674 1861.234425629548 390.6528077714962],[1709.7073974609375 314.7807312011719 1776.4925537109375 363.9299011230469],0.16879191994667053,,0
2025-09-01 17:36:31,0,1,5,[1666.4315185546875 139.7449493408203 1861.3546142578125 388.67315673828125],[1708.0125732421875 316.7823791503906 1811.3785400390625 372.89813232421875],0.545040488243103,None,None
2025-09-01 17:36:31,0,1,5,[1666.4315185546875 139.7449493408203 1861.3546142578125 388.67315673828125],[1712.9073486328125 324.3487243652344 1825.0660400390625 377.0562744140625],0.2217944860458374,None,None
2025-09-01 17:36:34,0,2,5,[1666.434862720289 139.74422081128097 1861.3545656614538 388.66369341479225],[1708.0125732421875 316.7823791503906 1811.3785400390625 372.89813232421875],0.5450407266616821,None,None
2025-09-01 17:36:34,0,2,5,[1666.434862720289 139.74422081128097 1861.3545656614538 388.66369341479225],[1712.9073486328125 324.3487243652344 1825.0660400390625 377.0562744140625],0.2217944860458374,None,None
2025-09-01 17:36:34,0,3,5,[1666.4217061284505 139.7432439922696 1861.3517172468903 388.6752141906601],[1708.01416015625 316.7824401855469 1811.3768310546875 372.8971252441406],0.5449735522270203,None,None
2025-09-01 17:36:34,0,3,5,[1666.4217061284505 139.7432439922696 1861.3517172468903 388.6752141906601],[1712.908447265625 324.3486328125 1825.06640625 377.05645751953125],0.2217012494802475,None,None
2025-09-01 17:36:34,0,4,5,[1666.4154247972924 139.74032765645978 1861.3529108674916 388.68082799959967],[1708.01416015625 316.7824401855469 1811.3768310546875 372.8971252441406],0.5449737906455994,None,None
2025-09-01 17:36:34,0,4,5,[1666.4154247972924 139.74032765645978 1861.3529108674916 388.68082799959967],[1712.908447265625 324.3486633300781 1825.06640625 377.056396484375],0.22170181572437286,None,None
2025-09-01 17:36:34,0,5,5,[1666.4145845447138 139.73696526314876 1861.350882612554 388.6745419378855],[1708.01416015625 316.7824401855469 1811.3768310546875 372.8971252441406],0.5449740290641785,None,None
2025-09-01 17:36:34,0,5,5,[1666.4145845447138 139.73696526314876 1861.350882612554 388.6745419378855],[1712.908447265625 324.3486328125 1825.06640625 377.05645751953125],0.221701979637146,None,None
2025-09-01 17:36:34,0,6,5,[1666.411538023948 139.73043820119892 1861.3480019293463 388.65528162026885],[1708.01806640625 316.7720031738281 1811.406005859375 372.9178161621094],0.5457392334938049,None,None
2025-09-01 17:36:34,0,6,5,[1666.411538023948 139.73043820119892 1861.3480019293463 388.65528162026885],[1712.9080810546875 324.3394775390625 1825.0594482421875 377.06964111328125],0.22275155782699585,None,None
2025-09-01 17:36:34,0,7,5,[1666.4101875521546 139.73090772450072 1861.3471626459273 388.64764049107373],[1708.0181884765625 316.7720031738281 1811.4061279296875 372.9178161621094],0.545739471912384,None,None
2025-09-01 17:36:34,0,7,5,[1666.4101875521546 139.73090772450072 1861.3471626459273 388.64764049107373],[1712.9080810546875 324.3394775390625 1825.0594482421875 377.06964111328125],0.22275181114673615,None,None
2025-09-01 17:36:35,0,8,5,[1666.4108341650153 139.73547124665782 1861.3475694941717 388.6458562107545],[1708.0181884765625 316.7720031738281 1811.4061279296875 372.9178161621094],0.5457392334938049,None,None
2025-09-01 17:36:35,0,8,5,[1666.4108341650153 139.73547124665782 1861.3475694941717 388.6458562107545],[1712.9080810546875 324.3394775390625 1825.0594482421875 377.06964111328125],0.222751647233963,None,None
2025-09-01 17:36:35,0,9,5,[1666.4232519612838 139.736925981882 1861.352760918467 388.6426088800372],[1708.0166015625 316.778076171875 1811.398681640625 372.90692138671875],0.545244574546814,None,None
2025-09-01 17:36:35,0,9,5,[1666.4232519612838 139.736925981882 1861.352760918467 388.6426088800372],[1712.921630859375 324.3445129394531 1825.06640625 377.0620422363281],0.22246399521827698,None,None
2025-09-01 17:36:35,0,10,5,[1666.4372865464602 139.7437677776082 1861.3592822739474 388.65365781999924],[1708.0103759765625 316.7821960449219 1811.3953857421875 372.89862060546875],0.5450636744499207,None,None
2025-09-01 17:36:35,0,10,5,[1666.4372865464602 139.7437677776082 1861.3592822739474 388.65365781999924],[1712.92822265625 324.3477478027344 1825.0638427734375 377.0541076660156],0.22221139073371887,None,None
2025-09-01 17:36:35,0,11,5,[1666.4396843646398 139.74739972099553 1861.3624877476439 388.66484230508433],[1708.0130615234375 316.7979431152344 1811.390380859375 372.9009094238281],0.54481041431427,None,None
2025-09-01 17:36:35,0,11,5,[1666.4396843646398 139.74739972099553 1861.3624877476439 388.66484230508433],[1712.917236328125 324.3453369140625 1825.072265625 377.0708312988281],0.22310486435890198,None,None
2025-09-01 17:36:35,0,12,5,[1666.4381637659403 139.75059337446388 1861.3615834386037 388.67833402502424],[1708.0052490234375 316.7941589355469 1811.3953857421875 372.9098815917969],0.5448517799377441,None,None
2025-09-01 17:36:35,0,12,5,[1666.4381637659403 139.75059337446388 1861.3615834386037 388.67833402502424],[1712.8956298828125 324.3403015136719 1825.0718994140625 377.080810546875],0.22325001657009125,None,None
2025-09-01 17:36:36,0,13,5,[1666.4427204951214 139.74476618403747 1861.3647857011422 388.67049618122115],[1707.9884033203125 316.783447265625 1811.3887939453125 372.9170227050781],0.5447763204574585,None,None
2025-09-01 17:36:36,0,13,5,[1666.4427204951214 139.74476618403747 1861.3647857011422 388.67049618122115],[1712.8795166015625 324.33306884765625 1825.08251953125 377.0863037109375],0.222848579287529,None,None
2025-09-01 17:36:36,0,14,5,[1666.4625457308107 139.74866819595633 1861.3749534272188 388.68174627119373],[1707.998291015625 316.7915344238281 1811.411865234375 372.93231201171875],0.5451318025588989,None,None
2025-09-01 17:36:36,0,14,5,[1666.4625457308107 139.74866819595633 1861.3749534272188 388.68174627119373],[1712.888427734375 324.3333435058594 1825.0738525390625 377.0944519042969],0.2242627739906311,None,None
2025-09-01 17:36:36,0,15,5,[1666.4726261232759 139.75551777238405 1861.3764894866513 388.69380165481067],[1707.998291015625 316.79150390625 1811.411865234375 372.932373046875],0.5451318025588989,None,None
2025-09-01 17:36:36,0,15,5,[1666.4726261232759 139.75551777238405 1861.3764894866513 388.69380165481067],[1712.888427734375 324.3333435058594 1825.0738525390625 377.0944519042969],0.22426266968250275,None,None
2025-09-01 17:36:36,0,16,5,[1666.4701489366457 139.7592070003053 1861.3657439687786 388.6928226127534],[1707.9837646484375 316.7637939453125 1811.45263671875 372.9459533691406],0.5469820499420166,None,None
2025-09-01 17:36:36,0,16,5,[1666.4701489366457 139.7592070003053 1861.3657439687786 388.6928226127534],[1712.8741455078125 324.2901306152344 1824.978271484375 377.0804443359375],0.22537831962108612,None,None
2025-09-01 17:36:36,0,17,5,[1666.460632765921 139.75562235447575 1861.3565752292595 388.6863031017645],[1708.0078125 316.7843933105469 1811.479248046875 372.9348449707031],0.5474522709846497,None,None
2025-09-01 17:36:36,0,17,5,[1666.460632765921 139.75562235447575 1861.3565752292595 388.6863031017645],[1712.9033203125 324.3065185546875 1824.96533203125 377.0599365234375],0.2261858433485031,None,None
2025-09-01 17:36:36,0,18,5,[1666.4634512112764 139.7534748186456 1861.3552355382692 388.67257435170757],[1708.0078125 316.7843933105469 1811.479248046875 372.9348449707031],0.5474525094032288,None,None
2025-09-01 17:36:36,0,18,5,[1666.4634512112764 139.7534748186456 1861.3552355382692 388.67257435170757],[1712.9033203125 324.3065185546875 1824.96533203125 377.0599365234375],0.2261858433485031,None,None
2025-09-01 17:36:36,0,19,5,[1666.464031101256 139.7531971897279 1861.3532207562728 388.66158842879656],[1708.0078125 316.78436279296875 1811.479248046875 372.9348449707031],0.5474526882171631,None,None
2025-09-01 17:36:36,0,19,5,[1666.464031101256 139.7531971897279 1861.3532207562728 388.66158842879656],[1712.9033203125 324.3065185546875 1824.96533203125 377.0599365234375],0.22618602216243744,None,None
2025-09-01 17:36:37,0,20,5,[1666.465109933204 139.7377339487817 1861.3539348755612 388.6303441486016],[1708.002685546875 316.8077392578125 1811.46533203125 372.9230651855469],0.5469338297843933,None,None
2025-09-01 17:36:37,0,20,5,[1666.465109933204 139.7377339487817 1861.3539348755612 388.6303441486016],[1712.887939453125 324.3043212890625 1825.002685546875 377.0572814941406],0.22543951869010925,None,None
2025-09-01 17:36:37,0,21,5,[1666.4699376466563 139.73072547189696 1861.3561260738545 388.606037471971],[1708.002685546875 316.8077392578125 1811.46533203125 372.9230651855469],0.5469338297843933,None,None
2025-09-01 17:36:37,0,21,5,[1666.4699376466563 139.73072547189696 1861.3561260738545 388.606037471971],[1712.887939453125 324.3043212890625 1825.002685546875 377.0572814941406],0.2254394143819809,None,None
2025-09-01 17:36:37,0,22,5,[1666.4732415990038 139.73728839143104 1861.3566955234614 388.60809050374763],[1708.002685546875 316.8077392578125 1811.46533203125 372.9230651855469],0.5469338297843933,None,None
2025-09-01 17:36:37,0,22,5,[1666.4732415990038 139.73728839143104 1861.3566955234614 388.60809050374763],[1712.887939453125 324.3043212890625 1825.002685546875 377.0572814941406],0.2254394143819809,None,None
2025-09-01 17:36:37,0,23,5,[1666.4785391958453 139.73905458825865 1861.3585412551406 388.60172838288645],[1708.002685546875 316.8077392578125 1811.46533203125 372.9230651855469],0.5469338297843933,None,None
2025-09-01 17:36:37,0,23,5,[1666.4785391958453 139.73905458825865 1861.3585412551406 388.60172838288645],[1712.887939453125 324.3043212890625 1825.002685546875 377.0572814941406],0.2254394143819809,None,None
2025-09-01 17:36:37,0,24,5,[1666.4784161335724 139.7401247269035 1861.3578537397739 388.59738384761425],[1708.001953125 316.80706787109375 1811.466796875 372.9239501953125],0.5469317436218262,None,None
2025-09-01 17:36:37,0,24,5,[1666.4784161335724 139.7401247269035 1861.3578537397739 388.59738384761425],[1712.8858642578125 324.3032531738281 1825.0035400390625 377.0581359863281],0.2254304587841034,None,None
2025-09-01 17:36:37,0,25,5,[1666.4778376886766 139.74376518940005 1861.3576370158762 388.5999641128068],[1708.0009765625 316.80718994140625 1811.470947265625 372.92626953125],0.5469622015953064,None,None
2025-09-01 17:36:37,0,25,5,[1666.4778376886766 139.74376518940005 1861.3576370158762 388.5999641128068],[1712.8802490234375 324.3017883300781 1825.0045166015625 377.06024169921875],0.22547855973243713,None,None
2025-09-01 17:36:38,0,26,5,[1666.474480390146 139.74638303928225 1861.3553479900354 388.60806358575485],[1708.0008544921875 316.80718994140625 1811.4708251953125 372.92626953125],0.5469622015953064,None,None
2025-09-01 17:36:38,0,26,5,[1666.474480390146 139.74638303928225 1861.3553479900354 388.60806358575485],[1712.8802490234375 324.3017883300781 1825.0045166015625 377.06024169921875],0.22547855973243713,None,None
2025-09-01 17:36:38,0,27,5,[1666.4721547783884 139.74621176415292 1861.3549913210113 388.61407343937606],[1708.001220703125 316.8072509765625 1811.4708251953125 372.9261779785156],0.5469602942466736,None,None
2025-09-01 17:36:38,0,27,5,[1666.4721547783884 139.74621176415292 1861.3549913210113 388.61407343937606],[1712.880615234375 324.3018493652344 1825.0045166015625 377.0602111816406],0.2254759669303894,None,None
2025-09-01 17:36:38,0,28,5,[1666.4771976571735 139.75142963209086 1861.3569451119304 388.627433490151],[1707.9925537109375 316.79290771484375 1811.4874267578125 372.9302673339844],0.5472991466522217,None,None
2025-09-01 17:36:38,0,28,5,[1666.4771976571735 139.75142963209086 1861.3569451119304 388.627433490151],[1712.88427734375 324.290771484375 1825.0001220703125 377.05865478515625],0.22570013999938965,None,None
2025-09-01 17:36:38,0,29,5,[1666.4759301777633 139.7478753180771 1861.357793398621 388.62864231699683],[1708.0089111328125 316.7994689941406 1811.5045166015625 372.93267822265625],0.5473865866661072,None,None
2025-09-01 17:36:38,0,29,5,[1666.4759301777633 139.7478753180771 1861.357793398621 388.62864231699683],[1712.8963623046875 324.2925109863281 1824.9906005859375 377.06195068359375],0.22646121680736542,None,None
2025-09-01 17:36:38,0,30,5,[1666.4773424473178 139.746501478399 1861.360238851621 388.6305756043867],[1708.0089111328125 316.7994689941406 1811.5045166015625 372.9326477050781],0.5473865866661072,None,None
2025-09-01 17:36:38,0,30,5,[1666.4773424473178 139.746501478399 1861.360238851621 388.6305756043867],[1712.8963623046875 324.2925109863281 1824.9906005859375 377.06195068359375],0.22646138072013855,None,None
2025-09-01 17:36:38,0,31,5,[1666.4692283403206 139.73209767637138 1861.3565294780815 388.6005215876303],[1707.9910888671875 316.78759765625 1811.4691162109375 372.9228820800781],0.5469985604286194,None,None
2025-09-01 17:36:38,0,31,5,[1666.4692283403206 139.73209767637138 1861.3565294780815 388.6005215876303],[1712.8817138671875 324.28692626953125 1825.0030517578125 377.0598449707031],0.2250712662935257,None,None
2025-09-01 17:36:38,0,32,5,[1666.4605523375753 139.72955134508254 1861.3552593606105 388.5911999221937],[1707.9876708984375 316.7864685058594 1811.4576416015625 372.9201965332031],0.546939492225647,None,None
2025-09-01 17:36:38,0,32,5,[1666.4605523375753 139.72955134508254 1861.3552593606105 388.5911999221937],[1712.880615234375 324.2880554199219 1825.00634765625 377.0520935058594],0.2247178554534912,None,None
2025-09-01 17:36:39,0,33,5,[1666.4123504335935 139.7545793732076 1861.3226647446468 388.6436567449891],[1707.9700927734375 316.8131408691406 1811.5250244140625 372.934326171875],0.5472806692123413,None,None
2025-09-01 17:36:39,0,33,5,[1666.4123504335935 139.7545793732076 1861.3226647446468 388.6436567449891],[1712.8677978515625 324.2958984375 1825.0177001953125 377.05133056640625],0.22534501552581787,None,None
2025-09-01 17:36:39,0,34,5,[1666.391874710313 139.76352078699043 1861.3121157824253 388.67423099002156],[1707.9700927734375 316.8131408691406 1811.5250244140625 372.934326171875],0.5472809672355652,None,None
2025-09-01 17:36:39,0,34,5,[1666.391874710313 139.76352078699043 1861.3121157824253 388.67423099002156],[1712.8677978515625 324.2958984375 1825.0177001953125 377.05133056640625],0.2253451943397522,None,None
2025-09-01 17:36:39,0,35,5,[1666.3836352520414 139.78093913521255 1861.3122121657495 388.7162117240424],[1707.989501953125 316.77850341796875 1811.5107421875 372.927978515625],0.5479798316955566,None,None
2025-09-01 17:36:39,0,35,5,[1666.3836352520414 139.78093913521255 1861.3122121657495 388.7162117240424],[1712.8824462890625 324.2711486816406 1824.91552734375 377.0401611328125],0.2255520224571228,None,None
2025-09-01 17:36:39,0,36,5,[1666.3711044143079 139.7832528600449 1861.3133629886006 388.74856443931566],[1708.0162353515625 316.8287048339844 1811.4407958984375 372.88873291015625],0.5454058647155762,None,None
2025-09-01 17:36:39,0,36,5,[1666.3711044143079 139.7832528600449 1861.3133629886006 388.74856443931566],[1712.87841796875 324.35321044921875 1825.001953125 377.04345703125],0.22179020941257477,None,None
2025-09-01 17:36:39,0,37,5,[1666.3592848201638 139.78033304743195 1861.3152038898065 388.77200873700684],[1708.0162353515625 316.8287658691406 1811.4407958984375 372.8887939453125],0.5454069972038269,None,None
2025-09-01 17:36:39,0,37,5,[1666.3592848201638 139.78033304743195 1861.3152038898065 388.77200873700684],[1712.87841796875 324.35321044921875 1825.001953125 377.04345703125],0.22179053723812103,None,None
2025-09-01 17:36:39,0,38,5,[1666.3661457136066 139.77560069560667 1861.337641653169 388.78102594574995],[1707.9090576171875 316.724609375 1811.357421875 372.90911865234375],0.5480244755744934,None,None
2025-09-01 17:36:39,0,38,5,[1666.3661457136066 139.77560069560667 1861.337641653169 388.78102594574995],[1712.8524169921875 324.35211181640625 1824.9107666015625 377.0299987792969],0.22284741699695587,None,None
2025-09-01 17:36:39,0,39,5,[1666.3636323156702 139.77029209734766 1861.3486791923074 388.7855203449436],[1707.9090576171875 316.7247009277344 1811.357421875 372.90911865234375],0.548023521900177,None,None
2025-09-01 17:36:39,0,39,5,[1666.3636323156702 139.77029209734766 1861.3486791923074 388.7855203449436],[1712.8524169921875 324.3521423339844 1824.9107666015625 377.0299377441406],0.22284512221813202,None,None
2025-09-01 17:36:39,0,40,5,[1666.3583515092207 139.7696044999692 1861.3537168999362 388.7881442026393],[1707.934326171875 316.7535400390625 1811.404296875 372.92864990234375],0.5467506647109985,None,None
2025-09-01 17:36:39,0,40,5,[1666.3583515092207 139.7696044999692 1861.3537168999362 388.7881442026393],[1712.91650390625 324.37091064453125 1824.92578125 377.0164794921875],0.2220810204744339,None,None
2025-09-01 17:36:40,0,41,5,[1666.3589110652292 139.76825123986126 1861.3578456115501 388.7891843486292],[1708.010498046875 316.7844543457031 1811.5009765625 372.9511413574219],0.5462834239006042,None,None
2025-09-01 17:36:40,0,41,5,[1666.3589110652292 139.76825123986126 1861.3578456115501 388.7891843486292],[1712.9466552734375 324.39544677734375 1824.93505859375 377.0367126464844],0.2240595817565918,None,None
2025-09-01 17:36:40,0,42,5,[1666.360122596399 139.76200864076728 1861.3614207506998 388.77799850515635],[1708.0107421875 316.7844543457031 1811.5008544921875 372.9511413574219],0.5462834239006042,None,None
2025-09-01 17:36:40,0,42,5,[1666.360122596399 139.76200864076728 1861.3614207506998 388.77799850515635],[1712.9466552734375 324.39544677734375 1824.93505859375 377.0367126464844],0.2240588366985321,None,None
2025-09-01 17:36:40,0,43,5,[1666.3582732283207 139.75772558102295 1861.360893710365 388.77147179893785],[1708.0125732421875 316.723388671875 1811.6063232421875 372.9712829589844],0.5478543639183044,None,None
2025-09-01 17:36:40,0,43,5,[1666.3582732283207 139.75772558102295 1861.360893710365 388.77147179893785],[1713.121337890625 324.3236389160156 1824.9266357421875 377.0387878417969],0.23019717633724213,None,None
2025-09-01 17:36:40,0,44,5,[1666.3594943614414 139.75433980294773 1861.3669971079864 388.76107831860077],[1707.908203125 316.668212890625 1811.45068359375 372.92340087890625],0.5473617911338806,None,None
2025-09-01 17:36:40,0,44,5,[1666.3594943614414 139.75433980294773 1861.3669971079864 388.76107831860077],[1713.0223388671875 324.3318786621094 1824.9569091796875 376.9356994628906],0.22450990974903107,None,None
2025-09-01 17:36:40,0,45,5,[1666.3604695959882 139.75091052279447 1861.370319054901 388.74661675574555],[1707.908203125 316.66827392578125 1811.45068359375 372.9233093261719],0.547356128692627,None,None
2025-09-01 17:36:40,0,45,5,[1666.3604695959882 139.75091052279447 1861.370319054901 388.74661675574555],[1713.0228271484375 324.3318786621094 1824.95703125 376.9356994628906],0.22450783848762512,None,None
2025-09-01 17:36:40,0,46,5,[1666.3597454103026 139.7511913550063 1861.3721733845189 388.7375656193791],[1707.908203125 316.668212890625 1811.45068359375 372.9232482910156],0.5473594069480896,None,None
2025-09-01 17:36:40,0,46,5,[1666.3597454103026 139.7511913550063 1861.3721733845189 388.7375656193791],[1713.0228271484375 324.3318786621094 1824.95703125 376.9356994628906],0.22450825572013855,None,None
2025-09-01 17:36:41,0,47,5,[1666.3549296453432 139.7571652699375 1861.3713236293563 388.7273096542685],[1707.9141845703125 316.6716003417969 1811.428466796875 372.9197692871094],0.5467516183853149,None,None
2025-09-01 17:36:41,0,47,5,[1666.3549296453432 139.7571652699375 1861.3713236293563 388.7273096542685],[1713.05029296875 324.3411560058594 1824.95849609375 376.9316101074219],0.2234770953655243,None,None
2025-09-01 17:36:41,0,48,5,[1666.3562540793466 139.7594024077539 1861.3729148850055 388.715424260241],[1707.9141845703125 316.6716003417969 1811.428466796875 372.9197692871094],0.546751856803894,None,None
2025-09-01 17:36:41,0,48,5,[1666.3562540793466 139.7594024077539 1861.3729148850055 388.715424260241],[1713.05029296875 324.3411560058594 1824.95849609375 376.9316101074219],0.2234763354063034,None,None
2025-09-01 17:36:41,0,49,5,[1666.3813571103492 139.75476722336728 1861.3798126522797 388.67983954946214],[1707.8843994140625 316.58782958984375 1811.4781494140625 372.95654296875],0.5477768778800964,None,None
2025-09-01 17:36:41,0,49,5,[1666.3813571103492 139.75476722336728 1861.3798126522797 388.67983954946214],[1712.915771484375 324.3576354980469 1824.963134765625 376.9341735839844],0.2256096750497818,None,None
2025-09-01 17:36:42,0,50,5,[1666.3628380352077 139.769009255725 1861.3643239589799 388.6823105290438],[1707.9931640625 316.6225280761719 1811.4715576171875 372.95635986328125],0.5486449003219604,None,None
2025-09-01 17:36:42,0,50,5,[1666.3628380352077 139.769009255725 1861.3643239589799 388.6823105290438],[1712.9783935546875 324.35760498046875 1824.9305419921875 376.96051025390625],0.22804197669029236,None,None
2025-09-01 17:36:42,0,51,5,[1666.159884654878 139.566411024907 1861.2522557057598 388.46003165778086],[1706.7833251953125 316.0276794433594 1810.9058837890625 371.6972351074219],0.4960549771785736,None,None
2025-09-01 17:36:42,0,51,5,[1666.159884654878 139.566411024907 1861.2522557057598 388.46003165778086],[1718.0771484375 325.049560546875 1824.80712890625 375.6206359863281],0.15515147149562836,None,None
2025-09-01 17:36:42,0,52,5,[1666.1025576540721 139.56108454646306 1861.2418577130431 388.4384257561317],[1706.670166015625 316.0411376953125 1811.027099609375 371.7817687988281],0.49863556027412415,None,None
2025-09-01 17:36:42,0,52,5,[1666.1025576540721 139.56108454646306 1861.2418577130431 388.4384257561317],[1717.8314208984375 325.00946044921875 1824.7254638671875 375.62640380859375],0.1564084142446518,None,None
2025-09-01 17:36:43,0,53,5,[1666.0796151625948 139.5824386107537 1861.2442532068515 388.4526132877262],[1706.6151123046875 316.1766662597656 1811.231689453125 372.0050354003906],0.5042411088943481,None,None
2025-09-01 17:36:43,0,53,5,[1666.0796151625948 139.5824386107537 1861.2442532068515 388.4526132877262],[1721.9739990234375 323.3462219238281 1824.7027587890625 372.8969421386719],0.16757449507713318,None,None
2025-09-01 17:36:43,0,54,5,[1666.0476238196707 139.57232286685965 1861.2431251358166 388.4324547020053],[1706.6016845703125 316.1272888183594 1811.091552734375 371.9916687011719],0.5030283331871033,None,None
2025-09-01 17:36:43,0,54,5,[1666.0476238196707 139.57232286685965 1861.2431251358166 388.4324547020053],[1721.63232421875 323.3309326171875 1824.903076171875 372.963134765625],0.1634339690208435,None,None
2025-09-01 17:36:44,0,55,5,[1666.0309056372994 139.56885878531196 1861.245525682236 388.4217429677866],[1706.6019287109375 316.1272888183594 1811.0914306640625 371.9915771484375],0.5030197501182556,None,None
2025-09-01 17:36:44,0,55,5,[1666.0309056372994 139.56885878531196 1861.245525682236 388.4217429677866],[1721.6326904296875 323.3309631347656 1824.903076171875 372.96307373046875],0.16343383491039276,None,None
2025-09-01 17:36:44,0,56,5,[1666.0304300790115 139.5706470006695 1861.2559374746745 388.4195155776604],[1706.6019287109375 316.1272277832031 1811.0914306640625 371.99151611328125],0.5030195116996765,None,None
2025-09-01 17:36:44,0,56,5,[1666.0304300790115 139.5706470006695 1861.2559374746745 388.4195155776604],[1721.633056640625 323.3309631347656 1824.903076171875 372.96307373046875],0.16343331336975098,None,None
2025-09-01 17:36:44,0,57,5,[1666.0238545765264 139.5735697657983 1861.2593361023596 388.42563388546785],[1706.60205078125 316.1273193359375 1811.0911865234375 371.9914245605469],0.503018319606781,None,None
2025-09-01 17:36:44,0,57,5,[1666.0238545765264 139.5735697657983 1861.2593361023596 388.42563388546785],[1721.633056640625 323.3310241699219 1824.903076171875 372.9630432128906],0.1634332537651062,None,None
2025-09-01 17:36:44,0,58,5,[1666.0178179397617 139.57236605946156 1861.261424811301 388.425480940922],[1706.6015625 316.1270446777344 1811.091064453125 371.99151611328125],0.5030187964439392,None,None
2025-09-01 17:36:44,0,58,5,[1666.0178179397617 139.57236605946156 1861.261424811301 388.425480940922],[1721.6334228515625 323.3310241699219 1824.903076171875 372.9630432128906],0.1634271889925003,None,None
2025-09-01 17:36:45,0,59,5,[1666.0046024511996 139.5808153368212 1861.2605295576666 388.45037557204034],[1706.600830078125 316.12677001953125 1811.091796875 371.99176025390625],0.5030285716056824,None,None
2025-09-01 17:36:45,0,59,5,[1666.0046024511996 139.5808153368212 1861.2605295576666 388.45037557204034],[1721.6326904296875 323.3310852050781 1824.903076171875 372.963134765625],0.16342216730117798,None,None
2025-09-01 17:36:45,0,60,5,[1666.0096762155101 139.58649949972812 1861.2687670879284 388.46867006027844],[1706.5986328125 316.12646484375 1811.0921630859375 371.9927062988281],0.5030407309532166,None,None
2025-09-01 17:36:45,0,60,5,[1666.0096762155101 139.58649949972812 1861.2687670879284 388.46867006027844],[1721.62939453125 323.3310546875 1824.903076171875 372.9633483886719],0.16342340409755707,None,None
2025-09-01 17:36:45,0,61,5,[1666.0127804998463 139.5901488889556 1861.2802372192357 388.48690272821807],[1706.6734619140625 316.17132568359375 1811.1951904296875 372.00897216796875],0.5007812976837158,None,None
2025-09-01 17:36:45,0,61,5,[1666.0127804998463 139.5901488889556 1861.2802372192357 388.48690272821807],[1721.6273193359375 323.37286376953125 1824.91455078125 372.96734619140625],0.1643374115228653,None,None
2025-09-01 17:36:45,0,62,5,[1666.0151165658674 139.58590845285846 1861.285440608144 388.48615989353016],[1706.681396484375 316.1719055175781 1811.205322265625 372.0052490234375],0.5009055137634277,None,None
2025-09-01 17:36:45,0,62,5,[1666.0151165658674 139.58590845285846 1861.285440608144 388.48615989353016],[1721.6348876953125 323.3730773925781 1824.9129638671875 372.9646301269531],0.16446948051452637,None,None
2025-09-01 17:36:45,0,63,5,[1666.0109004009926 139.5794135202608 1861.2877446678983 388.4619535542864],[1706.709716796875 316.1710510253906 1811.1527099609375 371.96099853515625],0.5012650489807129,None,None
2025-09-01 17:36:45,0,63,5,[1666.0109004009926 139.5794135202608 1861.2877446678983 388.4619535542864],[1721.630126953125 323.37957763671875 1824.9027099609375 372.95318603515625],0.16470254957675934,None,None
2025-09-01 17:36:45,0,64,5,[1665.99493059315 139.58000273535106 1861.2823781104553 388.45964621932865],[1706.7103271484375 316.1711730957031 1811.152587890625 371.96075439453125],0.5012602806091309,None,None
2025-09-01 17:36:45,0,64,5,[1665.99493059315 139.58000273535106 1861.2823781104553 388.45964621932865],[1721.630859375 323.37957763671875 1824.9027099609375 372.9530944824219],0.16470254957675934,None,None
2025-09-01 17:36:46,0,65,5,[1665.9742513003437 139.5909293745396 1861.282469120052 388.48372142449244],[1706.7093505859375 316.17681884765625 1811.1439208984375 371.9876708984375],0.5010790824890137,None,None
2025-09-01 17:36:46,0,65,5,[1665.9742513003437 139.5909293745396 1861.282469120052 388.48372142449244],[1721.6455078125 323.4259338378906 1824.914794921875 372.94793701171875],0.1649571657180786,None,None
2025-09-01 17:36:46,0,66,5,[1665.9604535309645 139.59826127620659 1861.2855511651405 388.5085660563633],[1706.7088623046875 316.1769104003906 1811.1441650390625 371.9879150390625],0.5010812282562256,None,None
2025-09-01 17:36:46,0,66,5,[1665.9604535309645 139.59826127620659 1861.2855511651405 388.5085660563633],[1721.6444091796875 323.42596435546875 1824.9144287109375 372.9481201171875],0.16496197879314423,None,None
2025-09-01 17:36:46,0,67,5,[1665.9559064299856 139.5921589782296 1861.2912681003604 388.5058914413928],[1706.7081298828125 316.17681884765625 1811.14453125 371.9883728027344],0.5010912418365479,None,None
2025-09-01 17:36:46,0,67,5,[1665.9559064299856 139.5921589782296 1861.2912681003604 388.5058914413928],[1721.642578125 323.4259033203125 1824.914794921875 372.9481506347656],0.16495974361896515,None,None
2025-09-01 17:36:46,0,68,5,[1665.9492225926083 139.58812068699754 1861.290696061145 388.50886363286975],[1706.707763671875 316.1766662597656 1811.14453125 371.9884948730469],0.5010900497436523,None,None
2025-09-01 17:36:46,0,68,5,[1665.9492225926083 139.58812068699754 1861.290696061145 388.50886363286975],[1721.642578125 323.4259948730469 1824.914794921875 372.9481506347656],0.16495712101459503,None,None
2025-09-01 17:36:46,0,69,5,[1665.952205472063 139.5974441282106 1861.2968357134075 388.53188558397454],[1706.7315673828125 316.1538391113281 1811.1826171875 371.9949035644531],0.5018138885498047,None,None
2025-09-01 17:36:46,0,69,5,[1665.952205472063 139.5974441282106 1861.2968357134075 388.53188558397454],[1721.67822265625 323.386962890625 1824.913818359375 372.9451904296875],0.16574813425540924,None,None
2025-09-01 17:36:46,0,70,5,[1665.9406147921025 139.61119819029165 1861.2937602048166 388.57669032709845],[1706.783935546875 316.1750183105469 1811.278564453125 372.0237121582031],0.5028771758079529,None,None
2025-09-01 17:36:46,0,70,5,[1665.9406147921025 139.61119819029165 1861.2937602048166 388.57669032709845],[1721.4869384765625 323.3589172363281 1824.9129638671875 373.00103759765625],0.1687864363193512,None,None
2025-09-01 17:36:46,0,71,5,[1665.9384706768383 139.5970962606425 1861.2949752486984 388.5648316588056],[1706.7850341796875 316.1749267578125 1811.2781982421875 372.0232849121094],0.5028709769248962,None,None
2025-09-01 17:36:46,0,71,5,[1665.9384706768383 139.5970962606425 1861.2949752486984 388.5648316588056],[1721.4898681640625 323.3591003417969 1824.9129638671875 373.0008544921875],0.16877217590808868,None,None
2025-09-01 17:36:47,0,72,5,[1665.9398043828064 139.6020323726052 1861.299676233104 388.5798074207096],[1706.782470703125 316.1743469238281 1811.278564453125 372.02398681640625],0.5028781294822693,None,None
2025-09-01 17:36:47,0,72,5,[1665.9398043828064 139.6020323726052 1861.299676233104 388.5798074207096],[1721.488037109375 323.3592224121094 1824.9129638671875 373.0011291503906],0.16876168549060822,None,None
2025-09-01 17:36:47,0,73,5,[1665.9432648242969 139.5998893396909 1861.304778392136 388.5699351709045],[1706.782958984375 316.174560546875 1811.2786865234375 372.02392578125],0.5028786063194275,None,None
2025-09-01 17:36:47,0,73,5,[1665.9432648242969 139.5998893396909 1861.304778392136 388.5699351709045],[1721.4884033203125 323.35931396484375 1824.9129638671875 373.00103759765625],0.16875699162483215,None,None
2025-09-01 17:36:47,0,74,5,[1665.9514120880187 139.59599383565097 1861.3089754098685 388.5631173235851],[1706.8099365234375 316.1912841796875 1811.2532958984375 372.00018310546875],0.5027081966400146,None,None
2025-09-01 17:36:47,0,74,5,[1665.9514120880187 139.59599383565097 1861.3089754098685 388.5631173235851],[1721.5762939453125 323.3843994140625 1824.9005126953125 372.9840087890625],0.16876448690891266,None,None
2025-09-01 17:36:47,0,75,5,[1665.9670726300637 139.5827202373991 1861.3130206685323 388.5357959631876],[1706.794921875 316.1784973144531 1811.2587890625 372.0091552734375],0.5027847290039062,None,None
2025-09-01 17:36:47,0,75,5,[1665.9670726300637 139.5827202373991 1861.3130206685323 388.5357959631876],[1721.546630859375 323.3705749511719 1824.904541015625 372.9908752441406],0.1687302440404892,None,None
2025-09-01 17:36:47,0,76,5,[1665.969775751186 139.57971065778406 1861.309718795175 388.53283482293205],[1706.7965087890625 316.17822265625 1811.2574462890625 372.0081481933594],0.5027589797973633,None,None
2025-09-01 17:36:47,0,76,5,[1665.969775751186 139.57971065778406 1861.309718795175 388.53283482293205],[1721.5511474609375 323.3704833984375 1824.904296875 372.9906005859375],0.1687285602092743,None,None
2025-09-01 17:36:47,0,77,5,[1665.9858503338555 139.59026990921905 1861.3141484874418 388.56406622558643],[1706.7637939453125 316.1654968261719 1811.3184814453125 372.0615539550781],0.5025763511657715,None,None
2025-09-01 17:36:47,0,77,5,[1665.9858503338555 139.59026990921905 1861.3141484874418 388.56406622558643],[1721.5185546875 323.3551025390625 1824.919677734375 373.00762939453125],0.1685774028301239,None,None
2025-09-01 17:36:47,0,78,5,[1666.0042478113526 139.59192714201316 1861.3155448829582 388.5699699853737],[1706.7623291015625 316.1648254394531 1811.3177490234375 372.0628967285156],0.5026268362998962,None,None
2025-09-01 17:36:47,0,78,5,[1666.0042478113526 139.59192714201316 1861.3155448829582 388.5699699853737],[1721.5169677734375 323.3548278808594 1824.9195556640625 373.0073547363281],0.16863389313220978,None,None
2025-09-01 17:36:48,0,79,5,[1666.0010765044747 139.6019152579089 1861.3080461980255 388.5968417822478],[1706.741455078125 316.1589050292969 1811.3360595703125 372.08929443359375],0.5030280947685242,None,None
2025-09-01 17:36:48,0,79,5,[1666.0010765044747 139.6019152579089 1861.3080461980255 388.5968417822478],[1721.4400634765625 323.3395690917969 1824.9276123046875 373.0197448730469],0.16884109377861023,None,None
2025-09-01 17:36:48,0,80,5,[1666.0016200910593 139.59721085258337 1861.3053365432022 388.60080051026824],[1706.7410888671875 316.1587219238281 1811.3353271484375 372.08929443359375],0.5030035376548767,None,None
2025-09-01 17:36:48,0,80,5,[1666.0016200910593 139.59721085258337 1861.3053365432022 388.60080051026824],[1721.4404296875 323.3398132324219 1824.92724609375 373.0198059082031],0.16883593797683716,None,None
2025-09-01 17:36:48,0,81,5,[1665.9969623860848 139.60937679588994 1861.2952970797692 388.6226231061936],[1706.74365234375 316.15643310546875 1811.337890625 372.0824279785156],0.5029923915863037,None,None
2025-09-01 17:36:48,0,81,5,[1665.9969623860848 139.60937679588994 1861.2952970797692 388.6226231061936],[1721.4459228515625 323.3359069824219 1824.9276123046875 373.0193786621094],0.16919197142124176,None,None
2025-09-01 17:36:48,0,82,5,[1665.9969675936866 139.5936355961859 1861.28654164589 388.5914334738021],[1706.7418212890625 316.1567077636719 1811.3404541015625 372.0839538574219],0.5030531287193298,None,None
2025-09-01 17:36:48,0,82,5,[1665.9969675936866 139.5936355961859 1861.28654164589 388.5914334738021],[1721.4390869140625 323.33575439453125 1824.927734375 373.0198059082031],0.1692066341638565,None,None
2025-09-01 17:36:48,0,83,5,[1665.9972792664105 139.57839331807264 1861.278495966438 388.55701480030444],[1706.7454833984375 316.15826416015625 1811.3485107421875 372.0841369628906],0.5031566023826599,None,None
2025-09-01 17:36:48,0,83,5,[1665.9972792664105 139.57839331807264 1861.278495966438 388.55701480030444],[1721.4339599609375 323.3346252441406 1824.9281005859375 373.02056884765625],0.1692824512720108,None,None
2025-09-01 17:36:48,0,84,5,[1666.0028322810717 139.58752088212697 1861.2796432653336 388.57128585217544],[1706.741455078125 316.1560363769531 1811.3426513671875 372.0834045410156],0.5029778480529785,None,None
2025-09-01 17:36:48,0,84,5,[1666.0028322810717 139.58752088212697 1861.2796432653336 388.57128585217544],[1721.4423828125 323.3337097167969 1824.9295654296875 373.02130126953125],0.16915978491306305,None,None
2025-09-01 17:36:49,0,85,5,[1665.992064850138 139.59628273664362 1861.271501829964 388.5975688061999],[1706.7421875 316.1564025878906 1811.3408203125 372.082763671875],0.502971887588501,None,None
2025-09-01 17:36:49,0,85,5,[1665.992064850138 139.59628273664362 1861.271501829964 388.5975688061999],[1721.441650390625 323.3334655761719 1824.9295654296875 373.02099609375],0.1691644787788391,None,None
2025-09-01 17:36:49,0,86,5,[1665.9932251343505 139.56583134923443 1861.2685001643665 388.52768829319],[1706.638671875 316.1061706542969 1811.2237548828125 372.0671081542969],0.5018596649169922,None,None
2025-09-01 17:36:49,0,86,5,[1665.9932251343505 139.56583134923443 1861.2685001643665 388.52768829319],[1721.61767578125 323.34295654296875 1824.9375 372.96380615234375],0.1652228981256485,None,None
2025-09-01 17:36:49,0,87,5,[1665.991102503127 139.55625236103538 1861.2670773222949 388.4907347134613],[1706.6370849609375 316.10479736328125 1811.2294921875 372.0698547363281],0.5020339488983154,None,None
2025-09-01 17:36:49,0,87,5,[1665.991102503127 139.55625236103538 1861.2670773222949 388.4907347134613],[1721.60302734375 323.33990478515625 1824.9375 372.9657897949219],0.16536132991313934,None,None
2025-09-01 17:36:49,0,88,5,[1665.9765784310182 139.55986441993804 1861.2598713976333 388.47879190758357],[1706.637451171875 316.103515625 1811.237548828125 372.0783996582031],0.5020594596862793,None,None
2025-09-01 17:36:49,0,88,5,[1665.9765784310182 139.55986441993804 1861.2598713976333 388.47879190758357],[1721.589111328125 323.33538818359375 1824.941162109375 372.9710998535156],0.16523855924606323,None,None
2025-09-01 17:36:49,0,89,5,[1665.9744412228742 139.56819070582063 1861.2596243447956 388.47554570964064],[1706.6407470703125 316.10394287109375 1811.2364501953125 372.0773010253906],0.5020065307617188,None,None
2025-09-01 17:36:49,0,89,5,[1665.9744412228742 139.56819070582063 1861.2596243447956 388.47554570964064],[1721.5986328125 323.33624267578125 1824.941162109375 372.97064208984375],0.16519711911678314,None,None
2025-09-01 17:36:49,0,90,5,[1665.9777300341912 139.54872928307597 1861.2574969051266 388.4256667804584],[1706.647705078125 316.10626220703125 1811.228759765625 372.0730895996094],0.5018355846405029,None,None
2025-09-01 17:36:49,0,90,5,[1665.9777300341912 139.54872928307597 1861.2574969051266 388.4256667804584],[1721.624267578125 323.34027099609375 1824.9404296875 372.9676208496094],0.16505225002765656,None,None
2025-09-01 17:36:49,0,91,5,[1665.977480402372 139.56814929366178 1861.2616772605022 388.44517039636105],[1706.6949462890625 316.0257873535156 1811.14306640625 372.0399475097656],0.5023703575134277,None,None
2025-09-01 17:36:49,0,91,5,[1665.977480402372 139.56814929366178 1861.2616772605022 388.44517039636105],[1721.5059814453125 323.3152160644531 1824.931640625 372.9705810546875],0.16547732055187225,None,None
2025-09-01 17:36:50,0,92,5,[1665.989105133623 139.5505821891847 1861.2655363271506 388.40743722492397],[1706.7283935546875 315.9976501464844 1811.0618896484375 372.0296630859375],0.5022313594818115,None,None
2025-09-01 17:36:50,0,92,5,[1665.989105133623 139.5505821891847 1861.2655363271506 388.40743722492397],[1721.389892578125 323.29302978515625 1825.051025390625 372.9679870605469],0.16284598410129547,None,None
2025-09-01 17:36:50,0,93,5,[1666.000630577435 139.53737778853514 1861.2590171389743 388.36062062481875],[1706.7315673828125 315.9991149902344 1811.0665283203125 372.0296630859375],0.5023097991943359,None,None
2025-09-01 17:36:50,0,93,5,[1666.000630577435 139.53737778853514 1861.2590171389743 388.36062062481875],[1721.38671875 323.29254150390625 1825.0511474609375 372.9681701660156],0.16287446022033691,None,None
2025-09-01 17:36:50,0,94,5,[1666.0124279021857 139.53079852420785 1861.2596072668011 388.31900394795366],[1706.7305908203125 315.999755859375 1811.0703125 372.0308532714844],0.5023899078369141,None,None
2025-09-01 17:36:50,0,94,5,[1666.0124279021857 139.53079852420785 1861.2596072668011 388.31900394795366],[1721.3775634765625 323.2917785644531 1825.051513671875 372.9690246582031],0.16292433440685272,None,None
2025-09-01 17:36:50,0,95,5,[1666.0067753779156 139.55677887478288 1861.2588198898345 388.3299193704922],[1706.7235107421875 315.9972229003906 1811.0570068359375 372.03021240234375],0.5022478103637695,None,None
2025-09-01 17:36:50,0,95,5,[1666.0067753779156 139.55677887478288 1861.2588198898345 388.3299193704922],[1721.38330078125 323.2934265136719 1825.051025390625 372.96783447265625],0.1628173142671585,None,None
2025-09-01 17:36:50,0,96,5,[1665.9958463895048 139.58615631977983 1861.2546335727409 388.39536353445015],[1706.8157958984375 316.0464782714844 1811.1346435546875 372.0142822265625],0.5029466152191162,None,None
2025-09-01 17:36:50,0,96,5,[1665.9958463895048 139.58615631977983 1861.2546335727409 388.39536353445015],[1721.353271484375 323.2978820800781 1825.0341796875 373.01531982421875],0.1663910150527954,None,None
2025-09-01 17:36:50,0,97,5,[1666.0218887566973 139.56715287458297 1861.2630593579008 388.36370303574625],[1706.747314453125 316.0168151855469 1811.09326171875 371.9762268066406],0.5008935928344727,None,None
2025-09-01 17:36:50,0,97,5,[1666.0218887566973 139.56715287458297 1861.2630593579008 388.36370303574625],[1721.580810546875 323.3165588378906 1825.0745849609375 372.9927978515625],0.1638522446155548,None,None
2025-09-01 17:36:50,0,98,5,[1666.0109677425917 139.5642917880723 1861.2370185627492 388.37690276540843],[1706.73486328125 316.0219421386719 1810.88671875 371.9196472167969],0.49890995025634766,None,None
2025-09-01 17:36:50,0,98,5,[1666.0109677425917 139.5642917880723 1861.2370185627492 388.37690276540843],[1721.620361328125 323.42230224609375 1825.0870361328125 372.9991149902344],0.15998239815235138,None,None
2025-09-01 17:36:51,0,99,5,[1666.004787214708 139.5528185458914 1861.2291679005589 388.3561823250163],[1707.1041259765625 316.3573913574219 1811.126708984375 371.96514892578125],0.49859046936035156,None,None
2025-09-01 17:36:51,0,99,5,[1666.004787214708 139.5528185458914 1861.2291679005589 388.3561823250163],[1721.8765869140625 323.45074462890625 1825.0682373046875 373.0811462402344],0.16705067455768585,None,None
2025-09-01 17:36:51,0,100,5,[1666.0358911417316 139.53331030655647 1861.235939342363 388.3119064050517],[1707.01611328125 316.3618469238281 1811.110107421875 371.98333740234375],0.4961905777454376,None,None
2025-09-01 17:36:51,0,100,5,[1666.0358911417316 139.53331030655647 1861.235939342363 388.3119064050517],[1722.0955810546875 323.4855041503906 1825.1019287109375 373.0547180175781],0.16497832536697388,None,None
2025-09-01 17:36:51,0,101,5,[1666.2349711409756 139.5931147457032 1861.277258891961 388.3426785448102],[1707.8778076171875 316.7193908691406 1811.5074462890625 372.9215087890625],0.5457826852798462,None,None
2025-09-01 17:36:51,0,101,5,[1666.2349711409756 139.5931147457032 1861.277258891961 388.3426785448102],[1712.87744140625 324.2603454589844 1825.039794921875 377.02276611328125],0.2285335212945938,None,None
2025-09-01 17:36:51,0,102,5,[1666.330631097211 139.63816057626735 1861.2688630178961 388.3790487662166],[1707.87890625 316.71417236328125 1811.518798828125 372.92279052734375],0.5461862683296204,None,None
2025-09-01 17:36:51,0,102,5,[1666.330631097211 139.63816057626735 1861.2688630178961 388.3790487662166],[1712.8916015625 324.2585144042969 1825.031982421875 377.01324462890625],0.22944103181362152,None,None
2025-09-01 17:36:52,0,103,5,[1666.3947132114035 139.64987201633784 1861.2498517880472 388.37446803313725],[1707.8673095703125 316.70794677734375 1811.544921875 372.9385986328125],0.546708345413208,None,None
2025-09-01 17:36:52,0,103,5,[1666.3947132114035 139.64987201633784 1861.2498517880472 388.37446803313725],[1712.870361328125 324.2499084472656 1825.037109375 377.02093505859375],0.2301059514284134,None,None
2025-09-01 17:36:52,0,104,5,[1666.4093187843514 139.67498017207856 1861.223678390757 388.4099128910765],[1707.8548583984375 316.6845703125 1811.564697265625 372.9588623046875],0.5465604066848755,None,None
2025-09-01 17:36:52,0,104,5,[1666.4093187843514 139.67498017207856 1861.223678390757 388.4099128910765],[1712.84765625 324.2288818359375 1825.043701171875 377.0347595214844],0.23013180494308472,None,None
2025-09-01 17:36:52,0,105,5,[1666.4144584677365 139.68724790367986 1861.2074944652463 388.4414418785322],[1707.8507080078125 316.6816711425781 1811.5506591796875 372.955078125],0.546290934085846,None,None
2025-09-01 17:36:52,0,105,5,[1666.4144584677365 139.68724790367986 1861.2074944652463 388.4414418785322],[1712.8582763671875 324.2304382324219 1825.0411376953125 377.0325622558594],0.23006591200828552,None,None
2025-09-01 17:36:52,0,106,5,[1666.4212245958283 139.69561479309053 1861.1970927311645 388.4701606438498],[1707.84375 316.686767578125 1811.558349609375 372.9536437988281],0.5469574928283691,None,None
2025-09-01 17:36:52,0,106,5,[1666.4212245958283 139.69561479309053 1861.1970927311645 388.4701606438498],[1712.8597412109375 324.2353515625 1825.0360107421875 377.0228576660156],0.23104865849018097,None,None
2025-09-01 17:36:52,0,107,5,[1666.4066593768362 139.71194511742289 1861.1843069765723 388.5236075149904],[1707.86181640625 316.70086669921875 1811.5511474609375 372.93890380859375],0.5469260215759277,None,None
2025-09-01 17:36:52,0,107,5,[1666.4066593768362 139.71194511742289 1861.1843069765723 388.5236075149904],[1712.8780517578125 324.2465515136719 1825.0316162109375 377.0133361816406],0.23084059357643127,None,None
2025-09-01 17:36:53,0,108,5,[1666.3986750370611 139.71052965232167 1861.179396882382 388.54596929329483],[1707.8577880859375 316.6928405761719 1811.55224609375 372.9456481933594],0.5468220710754395,None,None
2025-09-01 17:36:53,0,108,5,[1666.3986750370611 139.71052965232167 1861.179396882382 388.54596929329483],[1712.87109375 324.2404479980469 1825.033447265625 377.0184020996094],0.2307133674621582,None,None
2025-09-01 17:36:53,0,109,5,[1666.3938888993364 139.70102455664863 1861.1754576166043 388.55386255254285],[1707.87353515625 316.7113037109375 1811.55810546875 372.9319152832031],0.5471621155738831,None,None
2025-09-01 17:36:53,0,109,5,[1666.3938888993364 139.70102455664863 1861.1754576166043 388.55386255254285],[1712.8765869140625 324.2525939941406 1825.03125 377.0065612792969],0.2307877540588379,None,None
2025-09-01 17:36:53,0,110,5,[1666.4019970859151 139.68990663670155 1861.184673680834 388.5611151944103],[1707.8660888671875 316.7041931152344 1811.559814453125 372.9390869140625],0.5472081899642944,None,None
2025-09-01 17:36:53,0,110,5,[1666.4019970859151 139.68990663670155 1861.184673680834 388.5611151944103],[1712.8751220703125 324.2474670410156 1825.02978515625 377.0105895996094],0.23116491734981537,None,None
2025-09-01 17:36:53,0,111,5,[1666.3908421573628 139.6840657665786 1861.1780350998274 388.5668199637028],[1707.8602294921875 316.69659423828125 1811.5653076171875 372.9476013183594],0.5473839640617371,None,None
2025-09-01 17:36:53,0,111,5,[1666.3908421573628 139.6840657665786 1861.1780350998274 388.5668199637028],[1712.8631591796875 324.2410888671875 1825.0328369140625 377.0141906738281],0.23118934035301208,None,None
2025-09-01 17:36:53,0,112,5,[1666.3920266922 139.68423858972784 1861.183137481 388.5760119339963],[1707.835693359375 316.666259765625 1811.58837890625 372.9884033203125],0.5474803447723389,None,None
2025-09-01 17:36:53,0,112,5,[1666.3920266922 139.68423858972784 1861.183137481 388.5760119339963],[1712.82470703125 324.2133483886719 1825.044189453125 377.0416564941406],0.23141518235206604,None,None
2025-09-01 17:36:53,0,113,5,[1666.3953702625506 139.67408887471197 1861.1849926242637 388.5699012835229],[1707.8470458984375 316.6773681640625 1811.5799560546875 372.9726867675781],0.5475514531135559,None,None
2025-09-01 17:36:53,0,113,5,[1666.3953702625506 139.67408887471197 1861.1849926242637 388.5699012835229],[1712.8421630859375 324.22430419921875 1825.037841796875 377.03045654296875],0.23144444823265076,None,None
2025-09-01 17:36:54,0,114,5,[1666.3925287292777 139.674784961027 1861.1826658277573 388.5720475942398],[1707.8631591796875 316.6951904296875 1811.581787109375 372.9552001953125],0.5475141406059265,None,None
2025-09-01 17:36:54,0,114,5,[1666.3925287292777 139.674784961027 1861.1826658277573 388.5720475942398],[1712.8494873046875 324.2350769042969 1825.0374755859375 377.021484375],0.23116882145404816,None,None
2025-09-01 17:36:54,0,115,5,[1666.374937435253 139.67023281117963 1861.174836882815 388.5858864375451],[1707.851806640625 316.6789245605469 1811.5697021484375 372.9670104980469],0.547217845916748,None,None
2025-09-01 17:36:54,0,115,5,[1666.374937435253 139.67023281117963 1861.174836882815 388.5858864375451],[1712.8480224609375 324.2266540527344 1825.0389404296875 377.02972412109375],0.23093602061271667,None,None
2025-09-01 17:36:54,0,116,5,[1666.3628264926215 139.6684712692133 1861.1730346909603 388.58666167942863],[1707.851806640625 316.68402099609375 1811.578125 372.9646911621094],0.547556459903717,None,None
2025-09-01 17:36:54,0,116,5,[1666.3628264926215 139.6684712692133 1861.1730346909603 388.58666167942863],[1712.8450927734375 324.2292175292969 1825.0382080078125 377.025146484375],0.23131556808948517,None,None
2025-09-01 17:36:54,0,117,5,[1666.3596797429323 139.6702564826915 1861.1746056009283 388.59043765429595],[1707.8668212890625 316.6982116699219 1811.572998046875 372.94921875],0.5474489331245422,None,None
2025-09-01 17:36:54,0,117,5,[1666.3596797429323 139.6702564826915 1861.1746056009283 388.59043765429595],[1712.8568115234375 324.23931884765625 1825.037109375 377.0179138183594],0.23111316561698914,None,None
2025-09-01 17:36:54,0,118,5,[1666.3653778361304 139.6651315929268 1861.1797030681328 388.56848025165885],[1707.8675537109375 316.69427490234375 1811.5645751953125 372.94830322265625],0.5470302104949951,None,None
2025-09-01 17:36:54,0,118,5,[1666.3653778361304 139.6651315929268 1861.1797030681328 388.56848025165885],[1712.8594970703125 324.2371826171875 1825.0390625 377.0201110839844],0.2305999994277954,None,None
2025-09-01 17:36:55,0,119,5,[1666.3727951972035 139.65993831178372 1861.1789263184571 388.54897709878963],[1707.863525390625 316.6901550292969 1811.583984375 372.9613952636719],0.5474621653556824,None,None
2025-09-01 17:36:55,0,119,5,[1666.3727951972035 139.65993831178372 1861.1789263184571 388.54897709878963],[1712.841552734375 324.2317199707031 1825.041259765625 377.0246887207031],0.23089547455310822,None,None
2025-09-01 17:36:55,0,120,5,[1666.3555417225175 139.67547044739138 1861.173645375215 388.5816894789639],[1707.8638916015625 316.6930236816406 1811.5770263671875 372.9554748535156],0.5472140908241272,None,None
2025-09-01 17:36:55,0,120,5,[1666.3555417225175 139.67547044739138 1861.173645375215 388.5816894789639],[1712.845458984375 324.23309326171875 1825.040771484375 377.02606201171875],0.23079301416873932,None,None
2025-09-01 17:36:56,0,121,5,[1666.3576240812736 139.67193410629648 1861.17568312419 388.5793601514242],[1707.821044921875 316.6494140625 1811.565673828125 372.9996643066406],0.5465018153190613,None,None
2025-09-01 17:36:56,0,121,5,[1666.3576240812736 139.67193410629648 1861.17568312419 388.5793601514242],[1712.8223876953125 324.20745849609375 1825.0579833984375 377.0517883300781],0.22919674217700958,None,None
2025-09-01 17:36:56,0,122,5,[1666.368051463481 139.67380169723702 1861.1844754356941 388.58189402259774],[1707.81298828125 316.6374206542969 1811.595703125 373.02679443359375],0.5469574928283691,None,None
2025-09-01 17:36:56,0,122,5,[1666.368051463481 139.67380169723702 1861.1844754356941 388.58189402259774],[1712.79638671875 324.1919860839844 1825.0653076171875 377.0679016113281],0.2297079712152481,None,None
2025-09-01 17:36:57,0,123,5,[1666.3482195881506 139.68541994898087 1861.1768624004972 388.6129520538618],[1707.7935791015625 316.6253662109375 1811.60595703125 373.0412292480469],0.5473008155822754,None,None
2025-09-01 17:36:57,0,123,5,[1666.3482195881506 139.68541994898087 1861.1768624004972 388.6129520538618],[1712.7762451171875 324.18475341796875 1825.0601806640625 377.0731201171875],0.23013414442539215,None,None
2025-09-01 17:36:57,0,124,5,[1666.3614545688488 139.66073223070677 1861.1873458557461 388.57701052502034],[1707.8031005859375 316.6406555175781 1811.6121826171875 373.0290832519531],0.547524094581604,None,None
2025-09-01 17:36:57,0,124,5,[1666.3614545688488 139.66073223070677 1861.1873458557461 388.57701052502034],[1712.779541015625 324.1929016113281 1825.05908203125 377.0635986328125],0.23044873774051666,None,None
2025-09-01 17:36:57,0,125,5,[1666.3637583331079 139.65672368283975 1861.1913777013651 388.56555318629324],[1707.7950439453125 316.6320495605469 1811.60595703125 373.0365905761719],0.5471925735473633,None,None
2025-09-01 17:36:57,0,125,5,[1666.3637583331079 139.65672368283975 1861.1913777013651 388.56555318629324],[1712.767822265625 324.187255859375 1825.062744140625 377.073974609375],0.22985142469406128,None,None
2025-09-01 17:36:57,0,126,5,[1666.389776305469 139.64756448113062 1861.1951824947744 388.54535357964414],[1707.75439453125 316.5911865234375 1811.794189453125 373.0838317871094],0.5489863753318787,None,None
2025-09-01 17:36:57,0,126,5,[1666.389776305469 139.64756448113062 1861.1951824947744 388.54535357964414],[1712.729736328125 324.15106201171875 1824.80126953125 377.05609130859375],0.2355721890926361,None,None
2025-09-01 17:36:57,0,127,5,[1666.3991306944608 139.64588219964733 1861.1908087208376 388.5405296206509],[1707.74609375 316.5899353027344 1811.810791015625 373.097900390625],0.5497043132781982,None,None
2025-09-01 17:36:57,0,127,5,[1666.3991306944608 139.64588219964733 1861.1908087208376 388.5405296206509],[1712.7196044921875 324.1471252441406 1824.7984619140625 377.0606689453125],0.23661838471889496,None,None
2025-09-01 17:36:57,0,128,5,[1666.3944329272852 139.64688630239226 1861.180968638737 388.5427473007181],[1707.7576904296875 316.6007080078125 1811.7916259765625 373.0836181640625],0.5493264198303223,None,None
2025-09-01 17:36:57,0,128,5,[1666.3944329272852 139.64688630239226 1861.180968638737 388.5427473007181],[1712.7379150390625 324.1598205566406 1824.792236328125 377.0467529296875],0.23593087494373322,None,None
2025-09-01 17:36:58,0,129,5,[1666.3897025547572 139.64890227565704 1861.1742987811213 388.5452458205882],[1707.7679443359375 316.6073913574219 1811.79931640625 373.0796203613281],0.5495008230209351,None,None
2025-09-01 17:36:58,0,129,5,[1666.3897025547572 139.64890227565704 1861.1742987811213 388.5452458205882],[1712.7366943359375 324.161865234375 1824.791748046875 377.04180908203125],0.23583829402923584,None,None
2025-09-01 17:36:58,0,130,5,[1666.4147933781182 139.63418630821656 1861.1835279340685 388.51517198242647],[1707.8057861328125 316.6187438964844 1811.84375 373.08544921875],0.5502118468284607,None,None
2025-09-01 17:36:58,0,130,5,[1666.4147933781182 139.63418630821656 1861.1835279340685 388.51517198242647],[1712.76416015625 324.1513977050781 1824.7796630859375 377.069091796875],0.23798176646232605,None,None
2025-09-01 17:36:58,0,131,5,[1666.3772157257624 139.63281348730655 1861.162288192472 388.5003315770881],[1707.8111572265625 316.6146240234375 1811.81396484375 373.0716552734375],0.5501976609230042,None,None
2025-09-01 17:36:58,0,131,5,[1666.3772157257624 139.63281348730655 1861.162288192472 388.5003315770881],[1712.7840576171875 324.15728759765625 1824.7724609375 377.06524658203125],0.23731639981269836,None,None
2025-09-01 17:36:58,0,132,5,[1666.3536103316392 139.63895208968844 1861.157189144269 388.5002631071494],[1707.802734375 316.60101318359375 1811.8099365234375 373.0770263671875],0.5498568415641785,None,None
2025-09-01 17:36:58,0,132,5,[1666.3536103316392 139.63895208968844 1861.157189144269 388.5002631071494],[1712.7840576171875 324.14996337890625 1824.775390625 377.070556640625],0.23719990253448486,None,None
2025-09-01 17:36:58,0,133,5,[1666.3112114855282 139.6400639021452 1861.144355502078 388.5034209470935],[1707.7999267578125 316.5999755859375 1811.8463134765625 373.0965270996094],0.5504827499389648,None,None
2025-09-01 17:36:58,0,133,5,[1666.3112114855282 139.6400639021452 1861.144355502078 388.5034209470935],[1712.7572021484375 324.1357727050781 1824.7767333984375 377.0841979980469],0.2384621948003769,None,None
2025-09-01 17:36:59,0,134,5,[1666.2953280797467 139.63063657300535 1861.142555302565 388.4815099348987],[1707.8089599609375 316.5987854003906 1811.8267822265625 373.078125],0.5497919321060181,None,None
2025-09-01 17:36:59,0,134,5,[1666.2953280797467 139.63063657300535 1861.142555302565 388.4815099348987],[1712.783935546875 324.13916015625 1824.775634765625 377.070556640625],0.2377842515707016,None,None
2025-09-01 17:36:59,0,135,5,[1666.2984703756172 139.63474036298555 1861.151545490022 388.4834343072913],[1707.85693359375 316.63067626953125 1811.8095703125 373.0332946777344],0.5501700639724731,None,None
2025-09-01 17:36:59,0,135,5,[1666.2984703756172 139.63474036298555 1861.151545490022 388.4834343072913],[1712.8458251953125 324.1681213378906 1824.7547607421875 377.0354309082031],0.2380474954843521,None,None
2025-09-01 17:36:59,0,136,5,[1666.2882501473916 139.63341095282823 1861.1573875245224 388.4751048805736],[1707.848876953125 316.6263732910156 1811.813232421875 373.0365905761719],0.5500697493553162,None,None
2025-09-01 17:36:59,0,136,5,[1666.2882501473916 139.63341095282823 1861.1573875245224 388.4751048805736],[1712.8353271484375 324.16473388671875 1824.7578125 377.03900146484375],0.23806151747703552,None,None
2025-09-01 17:37:00,0,137,5,[1666.2738150885875 139.6308066565693 1861.1522111358354 388.462358801428],[1707.8343505859375 316.6430358886719 1811.8521728515625 373.0673522949219],0.5496954321861267,None,None
2025-09-01 17:37:00,0,137,5,[1666.2738150885875 139.6308066565693 1861.1522111358354 388.462358801428],[1712.848876953125 324.2010803222656 1824.79296875 377.0352478027344],0.2392580211162567,None,None
2025-09-01 17:37:00,0,138,5,[1666.277418917151 139.63520946148935 1861.158616018663 388.46398830789883],[1707.857666015625 316.6690368652344 1811.8392333984375 373.0609436035156],0.5496582984924316,None,None
2025-09-01 17:37:00,0,138,5,[1666.277418917151 139.63520946148935 1861.158616018663 388.46398830789883],[1712.876708984375 324.2212829589844 1824.787841796875 377.0270690917969],0.2387947142124176,None,None
2025-09-01 17:37:00,0,139,5,[1666.2848111178328 139.6479484837934 1861.1471276966267 388.4880256088465],[1707.78369140625 316.74822998046875 1811.50634765625 373.0107421875],0.5467150211334229,None,None
2025-09-01 17:37:00,0,139,5,[1666.2848111178328 139.6479484837934 1861.1471276966267 388.4880256088465],[1712.8018798828125 324.4029846191406 1824.9246826171875 377.04345703125],0.2288406789302826,None,None
2025-09-01 17:37:00,0,140,5,[1666.3096730158118 139.65077957514302 1861.1423547569848 388.4909121511806],[1707.7891845703125 316.7542419433594 1811.4876708984375 373.00177001953125],0.5461598038673401,None,None
2025-09-01 17:37:00,0,140,5,[1666.3096730158118 139.65077957514302 1861.1423547569848 388.4909121511806],[1712.8055419921875 324.4069519042969 1824.9298095703125 377.0464782714844],0.22801698744297028,None,None
2025-09-01 17:37:01,0,141,5,[1666.3334802529464 139.6491598314223 1861.1385340395884 388.4820254174186],[1707.76904296875 316.7330017089844 1811.4964599609375 373.0272216796875],0.5464649200439453,None,None
2025-09-01 17:37:01,0,141,5,[1666.3334802529464 139.6491598314223 1861.1385340395884 388.4820254174186],[1712.7806396484375 324.3922119140625 1824.9327392578125 377.05938720703125],0.2283063381910324,None,None
2025-09-01 17:37:01,0,142,5,[1666.3166565977674 139.66819446402536 1861.1150513065538 388.5160405723448],[1707.7591552734375 316.71990966796875 1811.490234375 373.03143310546875],0.5464107990264893,None,None
2025-09-01 17:37:01,0,142,5,[1666.3166565977674 139.66819446402536 1861.1150513065538 388.5160405723448],[1712.7872314453125 324.38763427734375 1824.9283447265625 377.0584716796875],0.2284495234489441,None,None
2025-09-01 17:37:01,0,143,5,[1666.3276176368422 139.6626449623726 1861.1108905441324 388.5190229932899],[1707.7943115234375 316.7408142089844 1811.4451904296875 372.9932861328125],0.5456191301345825,None,None
2025-09-01 17:37:01,0,143,5,[1666.3276176368422 139.6626449623726 1861.1108905441324 388.5190229932899],[1712.838134765625 324.40509033203125 1824.9246826171875 377.0429992675781],0.22677193582057953,None,None
2025-09-01 17:37:01,0,144,5,[1666.3365369647852 139.65982937793058 1861.1102030642135 388.51504266909046],[1707.7847900390625 316.7344970703125 1811.4547119140625 373.0013427734375],0.5458379983901978,None,None
2025-09-01 17:37:01,0,144,5,[1666.3365369647852 139.65982937793058 1861.1102030642135 388.51504266909046],[1712.8221435546875 324.3981628417969 1824.9273681640625 377.04803466796875],0.22701959311962128,None,None
2025-09-01 17:37:01,0,145,5,[1666.3307071307972 139.6675027545519 1861.108033924569 388.53213828941404],[1707.8089599609375 316.74884033203125 1811.5045166015625 373.0058898925781],0.5465866327285767,None,None
2025-09-01 17:37:01,0,145,5,[1666.3307071307972 139.6675027545519 1861.108033924569 388.53213828941404],[1712.8282470703125 324.40521240234375 1824.9100341796875 377.0489501953125],0.22849641740322113,None,None
2025-09-01 17:37:02,0,146,5,[1666.3554010384134 139.6225052823832 1861.1205780471971 388.46165909805376],[1707.7921142578125 316.7356872558594 1811.4986572265625 373.01397705078125],0.5462377667427063,None,None
2025-09-01 17:37:02,0,146,5,[1666.3554010384134 139.6225052823832 1861.1205780471971 388.46165909805376],[1712.814697265625 324.394775390625 1824.917724609375 377.058837890625],0.22811871767044067,None,None
2025-09-01 17:37:02,0,147,5,[1666.3770779908266 139.60858416810694 1861.1245729192167 388.4298502077529],[1707.8067626953125 316.73687744140625 1811.4986572265625 373.0159912109375],0.5460824966430664,None,None
2025-09-01 17:37:02,0,147,5,[1666.3770779908266 139.60858416810694 1861.1245729192167 388.4298502077529],[1712.8359375 324.39532470703125 1824.908203125 377.0625],0.2286655157804489,None,None
2025-09-01 17:37:02,0,148,5,[1666.3868917437535 139.59281259880555 1861.120078372684 388.39120534623254],[1707.81005859375 316.7435302734375 1811.50634765625 373.00982666015625],0.546332597732544,None,None
2025-09-01 17:37:02,0,148,5,[1666.3868917437535 139.59281259880555 1861.120078372684 388.39120534623254],[1712.8359375 324.3988037109375 1824.9049072265625 377.05718994140625],0.22889931499958038,None,None
2025-09-01 17:37:02,0,149,5,[1666.3750818536553 139.6081737451467 1861.1060810491679 388.40823223709333],[1707.8017578125 316.7339172363281 1811.4954833984375 373.0077209472656],0.545391857624054,None,None
2025-09-01 17:37:02,0,149,5,[1666.3750818536553 139.6081737451467 1861.1060810491679 388.40823223709333],[1712.835205078125 324.3943176269531 1824.913330078125 377.05865478515625],0.2278466373682022,None,None
2025-09-01 17:37:02,0,150,5,[1666.3852200498939 139.60515780740664 1861.101952551723 388.39463063069263],[1707.8134765625 316.74041748046875 1811.4954833984375 373.0110168457031],0.5458694696426392,None,None
2025-09-01 17:37:02,0,150,5,[1666.3852200498939 139.60515780740664 1861.101952551723 388.39463063069263],[1712.841796875 324.39776611328125 1824.9063720703125 377.0600280761719],0.22830331325531006,None,None
2025-09-01 17:37:02,0,151,5,[1666.3878480130368 139.61402765661288 1861.0982426961284 388.399670910675],[1707.8089599609375 316.7366027832031 1811.4898681640625 373.00946044921875],0.5457150936126709,None,None
2025-09-01 17:37:02,0,151,5,[1666.3878480130368 139.61402765661288 1861.0982426961284 388.399670910675],[1712.8433837890625 324.39739990234375 1824.9072265625 377.0583801269531],0.22812627255916595,None,None
2025-09-01 17:37:02,0,152,5,[1666.3808296631385 139.62316077057807 1861.0933495997517 388.4157764920321],[1707.80419921875 316.7350158691406 1811.4873046875 373.01019287109375],0.5458337664604187,None,None
2025-09-01 17:37:02,0,152,5,[1666.3808296631385 139.62316077057807 1861.0933495997517 388.4157764920321],[1712.846923828125 324.398193359375 1824.907470703125 377.0582275390625],0.22836297750473022,None,None
2025-09-01 17:37:03,0,153,5,[1666.377965012059 139.62326848887267 1861.0926454475932 388.42052351620487],[1707.80712890625 316.7406921386719 1811.489501953125 373.0078430175781],0.5460352301597595,None,None
2025-09-01 17:37:03,0,153,5,[1666.377965012059 139.62326848887267 1861.0926454475932 388.42052351620487],[1712.8480224609375 324.40167236328125 1824.9049072265625 377.0559387207031],0.22851930558681488,None,None
2025-09-01 17:37:03,0,154,5,[1666.3707544489862 139.6289939268458 1861.0884790131377 388.4340144856638],[1707.81591796875 316.7479248046875 1811.47412109375 372.99530029296875],0.5457212328910828,None,None
2025-09-01 17:37:03,0,154,5,[1666.3707544489862 139.6289939268458 1861.0884790131377 388.4340144856638],[1712.8648681640625 324.4109802246094 1824.90087890625 377.0466613769531],0.22806808352470398,None,None
2025-09-01 17:37:03,0,155,5,[1666.3733061880562 139.62555749700766 1861.0897784002586 388.429839245591],[1707.816650390625 316.74664306640625 1811.467529296875 372.9942626953125],0.5454935431480408,None,None
2025-09-01 17:37:03,0,155,5,[1666.3733061880562 139.62555749700766 1861.0897784002586 388.429839245591],[1712.8670654296875 324.4102783203125 1824.9027099609375 377.046875],0.22777146100997925,None,None
2025-09-01 17:37:03,0,156,5,[1666.3856462421732 139.62166886551753 1861.0961674406217 388.4226743392579],[1707.8162841796875 316.7477722167969 1811.4638671875 372.9898681640625],0.5452819466590881,None,None
2025-09-01 17:37:03,0,156,5,[1666.3856462421732 139.62166886551753 1861.0961674406217 388.4226743392579],[1712.8699951171875 324.4119873046875 1824.9041748046875 377.0460205078125],0.2275085598230362,None,None
2025-09-01 17:37:03,0,157,5,[1666.390468468373 139.62454546541386 1861.094644141273 388.42246186449773],[1707.81298828125 316.74639892578125 1811.4638671875 372.9834899902344],0.5452790856361389,None,None
2025-09-01 17:37:03,0,157,5,[1666.390468468373 139.62454546541386 1861.094644141273 388.42246186449773],[1712.8792724609375 324.4136047363281 1824.902099609375 377.03704833984375],0.22761115431785583,None,None
2025-09-01 17:37:04,0,158,5,[1666.3961917228123 139.61856493446038 1861.0968472288434 388.4047546735538],[1707.828369140625 316.7609558105469 1811.476318359375 372.9871520996094],0.5461023449897766,None,None
2025-09-01 17:37:04,0,158,5,[1666.3961917228123 139.61856493446038 1861.0968472288434 388.4047546735538],[1712.8780517578125 324.4194030761719 1824.8939208984375 377.0404357910156],0.22855931520462036,None,None
2025-09-01 17:37:04,0,159,5,[1666.4130358976436 139.76374149500293 1861.1810187121146 388.5972366266416],[1708.307861328125 316.75390625 1810.90771484375 372.5281066894531],0.5317662358283997,None,None
2025-09-01 17:37:04,0,159,5,[1666.4130358976436 139.76374149500293 1861.1810187121146 388.5972366266416],[1713.623046875 324.4029846191406 1825.02734375 376.814208984375],0.2077179104089737,None,None
2025-09-01 17:37:04,0,160,5,[1666.4074783027165 139.7927401312736 1861.2307267583858 388.64406941606046],[1708.2359619140625 316.7955322265625 1811.0906982421875 372.64306640625],0.5363228917121887,None,None
2025-09-01 17:37:04,0,160,5,[1666.4074783027165 139.7927401312736 1861.2307267583858 388.64406941606046],[1713.2962646484375 324.3468933105469 1825.0308837890625 376.8752746582031],0.21291030943393707,None,None
2025-09-01 17:37:04,0,161,5,[1666.3725164647085 139.79274401462192 1861.2621384967497 388.6701381853926],[1708.288818359375 316.83319091796875 1810.93408203125 372.58209228515625],0.5340639352798462,None,None
2025-09-01 17:37:04,0,161,5,[1666.3725164647085 139.79274401462192 1861.2621384967497 388.6701381853926],[1713.3984375 324.38671875 1825.08837890625 376.86163330078125],0.20973747968673706,None,None
2025-09-01 17:37:05,0,162,5,[1666.4056446939483 139.7898247476686 1861.308149998252 388.6924092435455],[1708.26123046875 316.8641357421875 1810.8193359375 372.5743408203125],0.5317866802215576,None,None
2025-09-01 17:37:05,0,162,5,[1666.4056446939483 139.7898247476686 1861.308149998252 388.6924092435455],[1713.4573974609375 324.4470520019531 1825.2557373046875 376.84478759765625],0.20614376664161682,None,None
2025-09-01 17:37:05,0,163,5,[1666.3923379734504 139.79404420141995 1861.317068239686 388.7133408848017],[1708.260498046875 316.8670654296875 1810.808349609375 372.570556640625],0.5315672755241394,None,None
2025-09-01 17:37:05,0,163,5,[1666.3923379734504 139.79404420141995 1861.317068239686 388.7133408848017],[1713.4622802734375 324.4503479003906 1825.255859375 376.8456115722656],0.2059645801782608,None,None
2025-09-01 17:37:05,0,164,5,[1666.383588019003 139.7937364364709 1861.3235944770897 388.7308014472769],[1708.2711181640625 316.8780212402344 1810.81787109375 372.5662841796875],0.5317128300666809,None,None
2025-09-01 17:37:05,0,164,5,[1666.383588019003 139.7937364364709 1861.3235944770897 388.7308014472769],[1713.46435546875 324.45465087890625 1825.257568359375 376.8470764160156],0.2059909999370575,None,None
2025-09-01 17:37:05,0,165,5,[1666.3752351394942 139.78967930759984 1861.3286131404188 388.73249681344885],[1708.2696533203125 316.88140869140625 1810.8240966796875 372.5629577636719],0.5319039821624756,None,None
2025-09-01 17:37:05,0,165,5,[1666.3752351394942 139.78967930759984 1861.3286131404188 388.73249681344885],[1713.4659423828125 324.4578552246094 1825.25439453125 376.8406677246094],0.2063739001750946,None,None
2025-09-01 17:37:05,0,166,5,[1666.3517237230167 139.79710529795216 1861.3221973884106 388.7545058698041],[1708.2652587890625 316.87567138671875 1810.846435546875 372.5804748535156],0.5324291586875916,None,None
2025-09-01 17:37:05,0,166,5,[1666.3517237230167 139.79710529795216 1861.3221973884106 388.7545058698041],[1713.4383544921875 324.4493103027344 1825.2586669921875 376.849365234375],0.20660313963890076,None,None
2025-09-01 17:37:05,0,167,5,[1666.3289538450836 139.82195580863925 1861.3223258622338 388.79827621796505],[1708.2484130859375 316.862548828125 1810.8321533203125 372.579345703125],0.5319182276725769,None,None
2025-09-01 17:37:05,0,167,5,[1666.3289538450836 139.82195580863925 1861.3223258622338 388.79827621796505],[1713.4200439453125 324.44329833984375 1825.2696533203125 376.8544921875],0.20577646791934967,None,None
2025-09-01 17:37:06,0,168,5,[1666.330912769521 139.80905640203645 1861.3370294411775 388.80403001932115],[1708.2491455078125 316.8636474609375 1810.798095703125 372.5569152832031],0.5310495495796204,None,None
2025-09-01 17:37:06,0,168,5,[1666.330912769521 139.80905640203645 1861.3370294411775 388.80403001932115],[1713.4317626953125 324.4468994140625 1825.2828369140625 376.8453674316406],0.2040243148803711,None,None
2025-09-01 17:40:28,0,92,4,[1661.2859171191565 139.6849795343128 1860.8106433513196 389.0398955979524],[1710.604248046875 319.3428955078125 1772.7216796875 369.4484558105469],0.15012358129024506,,0
2025-09-01 17:41:17,0,1,5,[1466.16943359375 80.52328491210938 1711.909423828125 356.2017517089844],[1547.9410400390625 297.4849853515625 1641.9217529296875 343.4233703613281],0.3725466728210449,,0
2025-09-01 17:41:19,0,2,2,[1472.3394253776737 149.13778946429358 1709.8108220475838 359.0439141634113],[1547.96484375 297.64874267578125 1641.588134765625 343.10211181640625],0.37282314896583557,,0
2025-09-01 17:41:19,0,3,2,[1471.1095990765687 140.418224912308 1712.4717245343916 358.85478276193686],[1547.753173828125 297.353759765625 1642.159423828125 343.497802734375],0.40603718161582947,,0
2025-09-01 17:41:19,0,4,1,[1129.3397718231336 60.64521514389736 1394.647460723003 369.86984817528764],[1206.998046875 329.0779113769531 1268.576416015625 369.7071838378906],0.4329940676689148,,0
2025-09-01 17:41:19,0,4,2,[1468.8654131245098 126.90285434173825 1715.3280502696698 357.6224557254414],[1547.90625 297.5958251953125 1641.9364013671875 343.3835754394531],0.3993343710899353,,0
2025-09-01 17:41:19,0,4,1,[1129.3397718231336 60.64521514389736 1394.647460723003 369.86984817528764],[1187.801513671875 325.62225341796875 1272.0450439453125 369.658935546875],0.2867458462715149,,0
2025-09-01 17:41:20,0,5,1,[1129.258843761246 60.897725145974505 1394.9834935410993 369.94837580130434],[1206.666748046875 328.87335205078125 1268.676513671875 369.87176513671875],0.43225225806236267,,0
2025-09-01 17:41:20,0,5,2,[1467.8117617370222 119.94216348159553 1715.9798328256588 358.14663727828986],[1547.8660888671875 297.5025329589844 1642.173095703125 343.47332763671875],0.4155833423137665,,0
2025-09-01 17:41:20,0,5,1,[1129.258843761246 60.897725145974505 1394.9834935410993 369.94837580130434],[1187.6048583984375 325.51483154296875 1272.181640625 369.86993408203125],0.2905533015727997,,0
2025-09-01 17:41:20,0,6,1,[1129.217207743147 61.17935416798602 1395.1823932277362 369.98152332215545],[1206.555908203125 329.05712890625 1268.748779296875 369.80267333984375],0.4366239011287689,,0
2025-09-01 17:41:20,0,6,2,[1468.3055682414097 125.65333923658615 1714.6525296378081 361.7610189180387],[1547.73193359375 297.6968078613281 1642.423095703125 343.51422119140625],0.4099712669849396,,0
2025-09-01 17:41:20,0,6,1,[1129.217207743147 61.17935416798602 1395.1823932277362 369.98152332215545],[1187.641845703125 325.587890625 1272.280517578125 369.8184814453125],0.29239311814308167,,0
2025-09-01 17:41:20,0,7,2,[1469.6605460631213 134.43960984730938 1713.186168749984 364.4683203093348],[1547.914306640625 297.5306396484375 1642.16748046875 343.4629211425781],0.38116195797920227,,0
2025-09-01 17:41:20,0,7,1,[1128.980799726154 61.43963497879608 1394.6790977368298 369.8361540548117],[1187.4158935546875 325.534912109375 1271.8472900390625 369.8167724609375],0.2736763656139374,,0
2025-09-01 17:41:20,0,8,2,[1470.8771716804565 143.96291249055824 1711.9512113673843 366.03496985555034],[1547.5740966796875 297.4856262207031 1641.95654296875 343.55413818359375],0.37083375453948975,,0
2025-09-01 17:41:20,0,9,2,[1471.0491465210052 146.31049342851702 1711.010290131699 365.01017828025624],[1547.1968994140625 297.4922180175781 1642.228271484375 343.8368225097656],0.3850225508213043,,0
2025-09-01 17:41:20,0,10,2,[1469.5250654892932 133.39404944657792 1711.8373393451568 359.4236495815408],[1546.954833984375 297.12579345703125 1642.116943359375 344.1565246582031],0.40947651863098145,,0
2025-09-01 17:41:20,0,11,2,[1469.4128590866992 128.4833246435923 1712.266738687151 358.7622765631135],[1546.9383544921875 297.0751037597656 1642.2103271484375 344.24444580078125],0.4073159396648407,,0
2025-09-01 17:41:20,0,12,2,[1468.4072611743518 118.84811539121996 1712.9923971623152 356.67727788534916],[1546.88671875 297.20416259765625 1641.9971923828125 344.1351013183594],0.4147719740867615,,0
2025-09-01 17:41:20,0,13,2,[1469.0152721231134 109.40301128181304 1714.8593491494603 354.912939181565],[1546.771484375 297.16680908203125 1642.419189453125 344.40838623046875],0.413079172372818,,0
2025-09-01 17:41:20,0,14,2,[1470.0429173369107 103.98750893850035 1716.6283427122708 355.52678500247924],[1546.767822265625 297.14385986328125 1642.63525390625 344.3917236328125],0.4392762780189514,,0
2025-09-01 17:41:21,0,15,2,[1468.7516963311868 101.27542720245367 1715.6514854415177 357.2515527621196],[1547.1148681640625 297.2457275390625 1641.779296875 343.88983154296875],0.4026017189025879,,0
2025-09-01 17:41:21,0,16,2,[1470.7875476012814 99.64786173325234 1718.5593977532212 358.49833946917573],[1547.3438720703125 297.1708068847656 1641.9273681640625 343.9716796875],0.4005185067653656,,0
2025-09-01 17:41:21,0,17,1,[1130.317463065406 62.628827912554186 1394.648522379596 370.03500808825504],[1209.3094482421875 329.3327331542969 1268.635986328125 369.99462890625],0.4247661530971527,,0
2025-09-01 17:41:21,0,17,2,[1469.9111307309263 105.91146424809236 1716.6119761727232 362.27305748750223],[1547.4027099609375 297.2687683105469 1641.7489013671875 343.8500061035156],0.39021390676498413,,0
2025-09-01 17:41:21,0,17,1,[1130.317463065406 62.628827912554186 1394.648522379596 370.03500808825504],[1187.8787841796875 325.67169189453125 1272.126708984375 369.8930969238281],0.2586780786514282,,0
2025-09-01 17:41:21,0,18,1,[1130.4658119483 62.46338328117815 1394.9842360883292 370.0122923027774],[1209.414306640625 328.95538330078125 1268.695068359375 369.9961853027344],0.4266894459724426,,0
2025-09-01 17:41:21,0,18,2,[1469.557215433022 109.37061775988379 1715.5977698707711 363.23326295030296],[1547.3416748046875 296.9905700683594 1641.6475830078125 343.9446716308594],0.3971013128757477,,0
2025-09-01 17:41:21,0,18,1,[1130.4658119483 62.46338328117815 1394.9842360883292 370.0122923027774],[1188.1627197265625 325.2978820800781 1272.0435791015625 369.5661926269531],0.27115190029144287,,0
2025-09-01 17:41:21,0,19,1,[1130.4488503596697 62.40505752749172 1395.1405147668631 370.03789969103093],[1210.2840576171875 329.1069030761719 1268.804931640625 369.8782653808594],0.42602214217185974,,0
2025-09-01 17:41:21,0,19,2,[1469.6020483399027 103.15967474444233 1715.9047593453522 360.24149894321994],[1547.6558837890625 297.1883544921875 1641.269287109375 343.6761779785156],0.39978283643722534,,0
2025-09-01 17:41:21,0,19,1,[1130.4488503596697 62.40505752749172 1395.1405147668631 370.03789969103093],[1188.638671875 325.3380432128906 1272.0897216796875 369.32806396484375],0.2723655700683594,,0
2025-09-01 17:41:21,0,20,1,[1130.1690109313142 62.44062298966563 1394.8122194282903 370.0888029776834],[1209.1336669921875 328.87554931640625 1268.8074951171875 369.886962890625],0.41392314434051514,,0
2025-09-01 17:41:21,0,20,2,[1470.3039332888316 100.23893831462175 1716.2944777211528 359.5929301646547],[1547.5748291015625 297.02630615234375 1641.6112060546875 343.84112548828125],0.4016396999359131,,0
2025-09-01 17:41:21,0,20,1,[1130.1690109313142 62.44062298966563 1394.8122194282903 370.0888029776834],[1188.13037109375 325.2482604980469 1271.9769287109375 369.330810546875],0.272126168012619,,0
2025-09-01 17:41:21,0,21,2,[1470.3525337934402 99.10280419415267 1715.9927646513302 359.91413447340847],[1547.4774169921875 296.6542053222656 1642.2861328125 344.3683776855469],0.41973480582237244,,0
2025-09-01 17:41:21,0,21,1,[1130.0610599739068 62.639770850879216 1394.662686452831 370.2073487961703],[1208.713623046875 328.630126953125 1268.9088134765625 370.0291748046875],0.4035886526107788,,0
2025-09-01 17:41:21,0,21,1,[1130.0610599739068 62.639770850879216 1394.662686452831 370.2073487961703],[1188.0062255859375 325.1217346191406 1272.0230712890625 369.5193176269531],0.26153844594955444,,0
2025-09-01 17:41:21,0,22,1,[1130.0058025032233 62.95655032236564 1394.5075301488916 370.2953479799204],[1207.7894287109375 328.56829833984375 1268.9285888671875 370.106689453125],0.42213353514671326,,0
2025-09-01 17:41:21,0,22,2,[1470.4743053157083 98.68462386339155 1715.45962472409 360.4118984906797],[1547.410400390625 296.64862060546875 1642.263427734375 344.39892578125],0.40839332342147827,,0
2025-09-01 17:41:21,0,22,1,[1130.0058025032233 62.95655032236564 1394.5075301488916 370.2953479799204],[1187.7342529296875 325.174072265625 1272.1513671875 369.6761169433594],0.2850795388221741,,0
2025-09-01 17:41:21,0,23,1,[1129.9049704137515 63.03117280364617 1394.1913349900578 370.24657959848184],[1208.8377685546875 328.8013916015625 1268.836669921875 369.9665222167969],0.417704701423645,,0
2025-09-01 17:41:21,0,23,2,[1470.2394080133154 98.14397533809256 1714.6302839920713 360.5835321154006],[1547.8759765625 296.940673828125 1641.6673583984375 344.0083923339844],0.3843974769115448,,0
2025-09-01 17:41:21,0,23,1,[1129.9049704137515 63.03117280364617 1394.1913349900578 370.24657959848184],[1188.06005859375 325.2012939453125 1272.046875 369.4640808105469],0.2775576710700989,,0
2025-09-01 17:41:21,0,24,1,[1129.8500118744578 63.02325017813885 1394.000245615482 370.2234122913992],[1208.503173828125 328.6958312988281 1268.85107421875 369.97467041015625],0.4069485068321228,,0
2025-09-01 17:41:21,0,24,2,[1470.4444856750629 98.69412122827245 1714.5312979834998 361.0919676647861],[1547.936279296875 297.01800537109375 1641.6064453125 344.1326904296875],0.3780163526535034,,0
2025-09-01 17:41:21,0,24,1,[1129.8500118744578 63.02325017813885 1394.000245615482 370.2234122913992],[1188.16015625 325.1462707519531 1272.120849609375 369.40167236328125],0.2674320936203003,,0
2025-09-01 17:41:22,0,25,1,[1129.7817874996772 62.87936991593568 1393.750765088584 370.1856854845905],[1208.1959228515625 328.6761779785156 1268.80078125 370.0137939453125],0.4144037365913391,,0
2025-09-01 17:41:22,0,25,2,[1470.7236530742343 98.71549254860525 1714.5864046728707 361.25295513852257],[1547.6590576171875 296.9241027832031 1641.8060302734375 344.16357421875],0.3890998661518097,,0
2025-09-01 17:41:22,0,25,1,[1129.7817874996772 62.87936991593568 1393.750765088584 370.1856854845905],[1187.90087890625 325.13720703125 1272.10888671875 369.546142578125],0.2728740870952606,,0
2025-09-01 17:41:22,0,26,2,[1470.4091733156206 97.8308550576437 1714.0124383049506 360.96162364411026],[1547.568603515625 296.93438720703125 1641.603515625 344.05511474609375],0.41143715381622314,,0
2025-09-01 17:41:22,0,26,1,[1129.6537896413276 62.90349227027059 1393.4621837405923 370.2291454024002],[1208.9703369140625 328.69696044921875 1268.786865234375 369.9107971191406],0.40976226329803467,,0
2025-09-01 17:41:22,0,26,1,[1129.6537896413276 62.90349227027059 1393.4621837405923 370.2291454024002],[1188.054931640625 325.2022705078125 1272.076416015625 369.3544006347656],0.27145591378211975,,0
2025-09-01 17:41:22,0,27,1,[1129.6885482347486 63.06175597896788 1393.3869314023852 370.3241707024405],[1207.2196044921875 328.7083740234375 1268.7939453125 370.0672302246094],0.419676274061203,,0
2025-09-01 17:41:22,0,27,2,[1470.0012867944124 97.39718892364365 1713.289864451774 360.9152093557303],[1547.4920654296875 296.9493103027344 1641.7152099609375 344.1255187988281],0.40097519755363464,,0
2025-09-01 17:41:22,0,27,1,[1129.6885482347486 63.06175597896788 1393.3869314023852 370.3241707024405],[1187.2369384765625 325.42547607421875 1272.2242431640625 369.87158203125],0.2818712890148163,,0
2025-09-01 17:41:22,0,28,1,[1129.8025186834143 63.050759233802324 1393.6021461129699 370.32310137382353],[1207.650146484375 328.7005310058594 1268.7593994140625 370.0472106933594],0.40931257605552673,,0
2025-09-01 17:41:22,0,28,2,[1470.1447832184526 97.13948269573297 1712.8674687710595 360.67405227072163],[1547.6129150390625 296.91497802734375 1641.7987060546875 343.9253845214844],0.40490469336509705,,0
2025-09-01 17:41:22,0,28,1,[1129.8025186834143 63.050759233802324 1393.6021461129699 370.32310137382353],[1187.31494140625 325.4112243652344 1272.131591796875 369.82373046875],0.2762010395526886,,0
2025-09-01 17:41:22,0,29,1,[1129.8606887546746 62.93412675277327 1393.7576892453374 370.300943300815],[1208.3848876953125 328.9669189453125 1268.692138671875 369.9056396484375],0.4160492420196533,,0
2025-09-01 17:41:22,0,29,2,[1470.2497954508628 97.19079975252515 1711.8683369712573 361.1342475956111],[1547.852783203125 297.2088928222656 1641.456298828125 343.671630859375],0.3909798562526703,,0
2025-09-01 17:41:22,0,29,1,[1129.8606887546746 62.93412675277327 1393.7576892453374 370.300943300815],[1187.64892578125 325.5975341796875 1272.062744140625 369.5841369628906],0.27536240220069885,,0
2025-09-01 17:41:22,0,30,1,[1129.7611034580118 63.083605872904286 1393.6040887609115 370.37856539313486],[1208.0509033203125 328.89886474609375 1268.6265869140625 369.9022521972656],0.42443665862083435,,0
2025-09-01 17:41:22,0,30,2,[1470.481516490591 97.24040695762864 1711.6429056217833 361.6237029185247],[1547.8740234375 297.39306640625 1641.372802734375 343.66107177734375],0.3832322955131531,,0
2025-09-01 17:41:22,0,30,1,[1129.7611034580118 63.083605872904286 1393.6040887609115 370.37856539313486],[1187.4312744140625 325.5992431640625 1272.03076171875 369.5976867675781],0.28517091274261475,,0
2025-09-01 17:41:22,0,31,1,[1129.9980189211628 63.03855820654792 1394.203257695341 370.3528166487208],[1207.2723388671875 328.6070861816406 1268.671875 369.83807373046875],0.4295583665370941,,0
2025-09-01 17:41:22,0,31,2,[1470.5300834222344 97.21860093737169 1711.0759942651039 361.9305994389392],[1547.860595703125 297.06207275390625 1641.885986328125 343.61956787109375],0.4042859971523285,,0
2025-09-01 17:41:22,0,31,1,[1129.9980189211628 63.03855820654792 1394.203257695341 370.3528166487208],[1187.2904052734375 325.48077392578125 1272.115478515625 369.5012512207031],0.29889971017837524,,0
2025-09-01 17:41:22,0,32,1,[1129.7835467086434 63.02480861672527 1394.0210203625093 370.3816521387936],[1207.80615234375 328.8580627441406 1268.605224609375 369.7460632324219],0.4379884898662567,,0
2025-09-01 17:41:22,0,32,2,[1470.8770037960883 97.1007879932078 1710.8880363711985 362.37617041018075],[1547.8927001953125 297.0569152832031 1641.8953857421875 343.60369873046875],0.4035567343235016,,0
2025-09-01 17:41:22,0,32,1,[1129.7835467086434 63.02480861672527 1394.0210203625093 370.3816521387936],[1187.4840087890625 325.67938232421875 1272.131103515625 369.3871154785156],0.29957664012908936,,0
2025-09-01 17:41:22,0,33,1,[1129.5615942409352 63.09270948247541 1393.7879727949683 370.450637267103],[1205.348876953125 328.687255859375 1268.595703125 369.7947998046875],0.44795313477516174,,0
2025-09-01 17:41:22,0,33,2,[1471.428689104815 97.36361097632579 1710.7054536739847 362.78872585327423],[1548.052734375 297.0972900390625 1641.69580078125 343.4875183105469],0.3781679570674896,,0
2025-09-01 17:41:22,0,33,1,[1129.5615942409352 63.09270948247541 1393.7879727949683 370.450637267103],[1186.9564208984375 325.6950378417969 1272.177734375 369.67376708984375],0.31912076473236084,,0
2025-09-01 17:41:23,0,34,1,[1129.5960072241376 63.38074329836061 1393.929530333631 370.57669176789227],[1205.8568115234375 328.71478271484375 1268.5447998046875 369.73333740234375],0.44131651520729065,,0
2025-09-01 17:41:23,0,34,2,[1471.803934340115 97.61037769056327 1710.9453005035573 363.0081693253062],[1548.0557861328125 297.20855712890625 1641.65234375 343.3436279296875],0.3731193244457245,,0
2025-09-01 17:41:23,0,34,1,[1129.5960072241376 63.38074329836061 1393.929530333631 370.57669176789227],[1186.9915771484375 325.7191162109375 1271.990966796875 369.63714599609375],0.3126802146434784,,0
2025-09-01 17:41:23,0,35,1,[1129.4883527628353 63.38846662484286 1393.8204124037475 370.59129709220855],[1204.734375 328.6146545410156 1268.5777587890625 369.76220703125],0.4509812891483307,,0
2025-09-01 17:41:23,0,35,2,[1471.9240897598313 97.63974940294048 1711.1420905959505 363.12596107866057],[1547.81591796875 297.185791015625 1642.0244140625 343.4529724121094],0.38843950629234314,,0
2025-09-01 17:41:23,0,35,1,[1129.4883527628353 63.38846662484286 1393.8204124037475 370.59129709220855],[1186.8321533203125 324.99072265625 1273.0770263671875 370.57904052734375],0.2537837028503418,,0
2025-09-01 17:41:23,0,36,1,[1129.371200974739 63.45906699612476 1393.6303656908456 370.6683476514986],[1205.3980712890625 328.6153869628906 1268.5540771484375 369.71697998046875],0.4401702880859375,,0
2025-09-01 17:41:23,0,36,2,[1472.3493850395432 97.51016363799687 1711.7694624010776 363.1212909465848],[1547.694580078125 297.1114501953125 1642.25390625 343.63287353515625],0.39599791169166565,,0
2025-09-01 17:41:23,0,36,1,[1129.371200974739 63.45906699612476 1393.6303656908456 370.6683476514986],[1187.2401123046875 325.72796630859375 1271.8787841796875 369.53466796875],0.3141128122806549,,0
2025-09-01 17:41:23,0,37,1,[1129.1497436259413 63.54551538277428 1393.126803545378 370.8037131640421],[1205.0574951171875 328.6590270996094 1268.47607421875 369.7229919433594],0.4403000473976135,,0
2025-09-01 17:41:23,0,37,2,[1472.4210166107507 97.46483184522705 1711.7015030152077 363.20836679801016],[1547.8538818359375 297.02777099609375 1642.5281982421875 343.6282043457031],0.40854910016059875,,0
2025-09-01 17:41:23,0,37,1,[1129.1497436259413 63.54551538277428 1393.126803545378 370.8037131640421],[1187.2010498046875 325.77001953125 1271.841552734375 369.58734130859375],0.31344881653785706,,0
2025-09-01 17:41:23,0,38,1,[1129.2922063534388 63.63972552171063 1393.1820352366808 370.85838348155016],[1204.6051025390625 328.47064208984375 1268.6455078125 369.7867431640625],0.4379202127456665,,0
2025-09-01 17:41:23,0,38,2,[1472.377978874929 97.18309646224608 1711.3706440057565 363.1551305253395],[1548.0784912109375 297.0935974121094 1642.197265625 343.35931396484375],0.4024386703968048,,0
2025-09-01 17:41:23,0,38,1,[1129.2922063534388 63.63972552171063 1393.1820352366808 370.85838348155016],[1186.8447265625 324.88714599609375 1273.0291748046875 370.5815734863281],0.23380953073501587,,0
2025-09-01 17:41:23,0,39,1,[1129.6331268021984 63.65835105704505 1393.5807338257216 370.8004383757842],[1204.9713134765625 328.60247802734375 1268.5751953125 369.698486328125],0.4394938349723816,,0
2025-09-01 17:41:23,0,39,2,[1472.4213733209967 97.29232282767325 1711.1107555424846 363.186226873672],[1547.844482421875 297.18292236328125 1642.2305908203125 343.4404602050781],0.39418864250183105,,0
2025-09-01 17:41:23,0,39,1,[1129.6331268021984 63.65835105704505 1393.5807338257216 370.8004383757842],[1187.0911865234375 324.99517822265625 1272.922607421875 370.4746398925781],0.23665982484817505,,0
2025-09-01 17:41:23,0,40,1,[1129.9010994240016 63.27615650211828 1394.0351065328205 370.54603928018275],[1204.87548828125 328.6071472167969 1268.5892333984375 369.6849365234375],0.4434347152709961,,0
2025-09-01 17:41:23,0,40,2,[1472.1847794233609 97.44174705019438 1710.7768827354894 363.2538427086812],[1548.0911865234375 297.111328125 1641.8924560546875 343.3077697753906],0.3855142891407013,,0
2025-09-01 17:41:23,0,40,1,[1129.9010994240016 63.27615650211828 1394.0351065328205 370.54603928018275],[1186.998779296875 324.9499816894531 1273.0213623046875 370.465576171875],0.24795754253864288,,0
2025-09-01 17:41:23,0,41,1,[1129.8367308156564 62.779901270753726 1393.947469448194 370.3379843836166],[1205.0057373046875 328.5831298828125 1268.5926513671875 369.64691162109375],0.4428854286670685,,0
2025-09-01 17:41:23,0,41,2,[1472.1914054243964 99.11956907679308 1711.019294606466 364.08325446145705],[1548.8834228515625 297.1553955078125 1642.1697998046875 343.3595886230469],0.3865404427051544,,0
2025-09-01 17:41:23,0,41,1,[1129.8367308156564 62.779901270753726 1393.947469448194 370.3379843836166],[1187.334228515625 325.6841125488281 1271.9344482421875 369.41009521484375],0.3238581418991089,,0
2025-09-01 17:41:23,0,42,1,[1129.4363571482154 63.14943999413359 1393.114299450488 370.5455371580067],[1205.5904541015625 328.6857604980469 1268.499755859375 369.5750427246094],0.4439907371997833,,0
2025-09-01 17:41:23,0,42,2,[1472.2701653627798 99.18262940404927 1711.3551034854365 364.0107116148215],[1548.791748046875 297.22845458984375 1642.29638671875 343.3502502441406],0.38643595576286316,,0
2025-09-01 17:41:23,0,42,1,[1129.4363571482154 63.14943999413359 1393.114299450488 370.5455371580067],[1187.2830810546875 325.76678466796875 1271.854736328125 369.393798828125],0.31780555844306946,,0
2025-09-01 17:41:24,0,43,1,[1129.4060950282105 62.89247436600442 1392.769921741828 370.43963669114447],[1205.8525390625 328.6749267578125 1268.49951171875 369.5820007324219],0.43278875946998596,,0
2025-09-01 17:41:24,0,43,2,[1472.1733039072083 98.24333007626325 1711.6929983909386 363.273289135174],[1548.85693359375 297.07489013671875 1641.88916015625 343.4150695800781],0.38315120339393616,,0
2025-09-01 17:41:24,0,43,1,[1129.4060950282105 62.89247436600442 1392.769921741828 370.43963669114447],[1187.2474365234375 325.7281494140625 1271.8212890625 369.41290283203125],0.30700060725212097,,0
2025-09-01 17:41:24,0,44,1,[1129.4419408539468 63.28896712675976 1392.6091115209313 370.664649647239],[1205.8392333984375 328.5012512207031 1268.6541748046875 369.7584228515625],0.4284965693950653,,0
2025-09-01 17:41:24,0,44,2,[1472.4216419031982 97.777841675921 1712.1625940862536 362.91813566317774],[1548.810791015625 297.2178039550781 1642.0008544921875 343.5182189941406],0.3564365804195404,,0
2025-09-01 17:41:24,0,44,1,[1129.4419408539468 63.28896712675976 1392.6091115209313 370.664649647239],[1187.0762939453125 325.611083984375 1272.009765625 369.5303955078125],0.3022133708000183,,0
2025-09-01 17:41:24,0,45,1,[1129.6683886289638 63.32049990220082 1392.8788286996173 370.6524811570308],[1206.516845703125 328.6177673339844 1268.6273193359375 369.6938171386719],0.42120349407196045,,0
2025-09-01 17:41:24,0,45,2,[1472.4405379425036 97.54299037894188 1712.8622255462958 362.8534750328454],[1548.87744140625 297.23504638671875 1642.029052734375 343.54644775390625],0.3593571186065674,,0
2025-09-01 17:41:24,0,45,1,[1129.6683886289638 63.32049990220082 1392.8788286996173 370.6524811570308],[1187.3226318359375 325.6334228515625 1271.960205078125 369.4502868652344],0.29290175437927246,,0
2025-09-01 17:41:24,0,46,1,[1129.7865991023136 63.237169949420405 1393.1240242438234 370.5579815156698],[1207.0517578125 328.692626953125 1268.6602783203125 369.63922119140625],0.4239645302295685,,0
2025-09-01 17:41:24,0,46,2,[1472.2109393622386 97.4276378335444 1713.0499637151192 362.8335041254208],[1548.944580078125 297.14111328125 1641.8896484375 343.4131164550781],0.3773905336856842,,0
2025-09-01 17:41:24,0,46,1,[1129.7865991023136 63.237169949420405 1393.1240242438234 370.5579815156698],[1187.49951171875 325.6744079589844 1271.91259765625 369.3497314453125],0.29353874921798706,,0
2025-09-01 17:41:24,0,47,1,[1129.616248463703 63.4749163014491 1392.8532103002249 370.6363876757632],[1206.7591552734375 328.503662109375 1268.716552734375 369.7237243652344],0.4184446334838867,,0
2025-09-01 17:41:24,0,47,2,[1471.996865949677 97.337070740104 1713.201851330072 362.71885791748934],[1548.99609375 297.07904052734375 1641.585205078125 343.2477111816406],0.3636265993118286,,0
2025-09-01 17:41:24,0,47,1,[1129.616248463703 63.4749163014491 1392.8532103002249 370.6363876757632],[1187.2955322265625 325.5516357421875 1271.9549560546875 369.4452209472656],0.2936287522315979,,0
2025-09-01 17:41:24,0,48,1,[1129.4962710204363 63.45121686780146 1392.616545119326 370.5769481102073],[1205.91943359375 328.4638366699219 1268.682861328125 369.68170166015625],0.42076414823532104,,0
2025-09-01 17:41:24,0,48,2,[1472.1423649526037 97.23792849144803 1714.1760644555402 362.46541139343555],[1549.0638427734375 296.9960632324219 1641.7686767578125 343.2710266113281],0.3736758232116699,,0
2025-09-01 17:41:24,0,48,1,[1129.4962710204363 63.45121686780146 1392.616545119326 370.5769481102073],[1187.059326171875 325.5513000488281 1271.923095703125 369.2904357910156],0.3001089096069336,,0
2025-09-01 17:41:24,0,49,1,[1129.6923189476565 63.40089198476733 1393.046685827936 370.5016413709153],[1206.096923828125 328.42901611328125 1268.6962890625 369.6730041503906],0.4219944477081299,,0
2025-09-01 17:41:24,0,49,2,[1472.1440316089934 97.18474343848945 1714.7715860792086 362.28005848076066],[1548.9482421875 296.9841613769531 1641.9639892578125 343.29931640625],0.3849557340145111,,0
2025-09-01 17:41:24,0,49,1,[1129.6923189476565 63.40089198476733 1393.046685827936 370.5016413709153],[1187.0218505859375 325.5302429199219 1271.9384765625 369.2512512207031],0.3037005364894867,,0
2025-09-01 17:41:24,0,50,1,[1129.6261306460642 63.594310149413985 1392.8658784312188 370.51274725226756],[1206.767578125 328.5734558105469 1268.62939453125 369.54522705078125],0.4246039390563965,,0
2025-09-01 17:41:24,0,50,2,[1471.8518570384945 97.0471169105549 1714.5519036405267 362.1339961452892],[1548.9158935546875 297.07708740234375 1641.804931640625 343.1783752441406],0.3681487441062927,,0
2025-09-01 17:41:24,0,50,1,[1129.6261306460642 63.594310149413985 1392.8658784312188 370.51274725226756],[1187.3057861328125 325.6558532714844 1271.8917236328125 369.0343322753906],0.30194124579429626,,0
2025-09-01 17:41:25,0,51,1,[1129.0298883766761 63.52780041440573 1391.8291664539113 370.29191596059513],[1204.8834228515625 329.38330078125 1267.5111083984375 369.4855041503906],0.4428473114967346,,0
2025-09-01 17:41:25,0,51,2,[1470.9381666054967 122.5763147395719 1712.6268834986656 370.7731847540588],[1547.7418212890625 296.3440246582031 1643.4847412109375 344.6855163574219],0.3936235308647156,,0
2025-09-01 17:41:25,0,51,1,[1129.0298883766761 63.52780041440573 1391.8291664539113 370.29191596059513],[1188.1817626953125 325.8426818847656 1270.9322509765625 369.48468017578125],0.31471389532089233,,0
2025-09-01 17:41:25,0,52,1,[1129.189819457534 63.518388842039485 1392.052592421772 370.16191153557253],[1204.6729736328125 329.39813232421875 1267.433837890625 369.46453857421875],0.44479793310165405,,0
2025-09-01 17:41:25,0,52,2,[1471.0163479433209 133.51828648945957 1711.253780305587 370.90412257980273],[1547.576416015625 296.436767578125 1643.399169921875 344.7125244140625],0.39755895733833313,,0
2025-09-01 17:41:25,0,52,1,[1129.189819457534 63.518388842039485 1392.052592421772 370.16191153557253],[1188.141357421875 325.8072509765625 1270.8885498046875 369.48577880859375],0.3170241117477417,,0
2025-09-01 17:41:25,0,53,1,[1129.1231280403501 63.68481530120803 1391.8954620653406 370.16167906554745],[1205.056640625 329.5435485839844 1267.3853759765625 369.42877197265625],0.44074195623397827,,0
2025-09-01 17:41:25,0,53,2,[1471.510861162791 144.0876158137889 1710.5735181834918 370.9106850078695],[1547.53466796875 296.5260314941406 1643.232177734375 344.6324157714844],0.3843511939048767,,0
2025-09-01 17:41:25,0,53,1,[1129.1231280403501 63.68481530120803 1391.8954620653406 370.16167906554745],[1188.7276611328125 325.943115234375 1270.89111328125 369.5122375488281],0.3145051598548889,,0
2025-09-01 17:41:25,0,54,1,[1129.101522596014 63.46593877640811 1391.810894508626 370.0127067814865],[1205.331787109375 329.44512939453125 1267.427978515625 369.4372863769531],0.4305768311023712,,0
2025-09-01 17:41:25,0,54,2,[1472.0697765512098 147.3784325490597 1709.8051030899803 368.5036162859769],[1547.510498046875 296.5284729003906 1643.1007080078125 344.5018310546875],0.37509557604789734,,0
2025-09-01 17:41:25,0,54,1,[1129.101522596014 63.46593877640811 1391.810894508626 370.0127067814865],[1188.635498046875 325.7649841308594 1270.9326171875 369.35772705078125],0.30687299370765686,,0
2025-09-01 17:41:25,0,55,1,[1129.0351309887126 63.43069247756827 1391.712815129443 370.02210334184133],[1204.64501953125 329.4246520996094 1267.458251953125 369.495849609375],0.4435187578201294,,0
2025-09-01 17:41:25,0,55,2,[1472.598327011613 152.56763235540333 1709.3287065018162 367.75358154192486],[1547.5931396484375 296.5606384277344 1643.36279296875 344.57830810546875],0.3740886151790619,,0
2025-09-01 17:41:25,0,55,1,[1129.0351309887126 63.43069247756827 1391.712815129443 370.02210334184133],[1188.4139404296875 325.8380432128906 1271.052001953125 369.5384216308594],0.31940606236457825,,0
2025-09-01 17:41:25,0,56,1,[1128.875975546553 63.445305625512674 1391.3036171920066 370.0323254785076],[1204.9427490234375 329.5167541503906 1267.4794921875 369.47698974609375],0.4417710602283478,,0
2025-09-01 17:41:25,0,56,2,[1473.0896870790516 155.36442671856489 1708.920359412266 366.411033180524],[1547.6068115234375 296.5065612792969 1643.116455078125 344.4709167480469],0.38936328887939453,,0
2025-09-01 17:41:25,0,56,1,[1128.875975546553 63.445305625512674 1391.3036171920066 370.0323254785076],[1188.68017578125 325.8552551269531 1271.063720703125 369.4151916503906],0.3156699538230896,,0
2025-09-01 17:41:25,0,57,1,[1129.8145333818154 62.70784598433977 1392.9267168669332 369.8027290366207],[1204.404541015625 329.418212890625 1268.101806640625 369.5797424316406],0.47070568799972534,,0
2025-09-01 17:41:25,0,57,1,[1129.8145333818154 62.70784598433977 1392.9267168669332 369.8027290366207],[1186.869873046875 325.8245544433594 1272.119873046875 369.4972229003906],0.3119136095046997,,0
2025-09-01 17:41:25,0,57,2,[1473.0049597183797 129.2961385209918 1709.4288090946438 352.3316438685998],[1547.0643310546875 297.5882263183594 1641.2552490234375 342.8317565917969],0.3010990619659424,,0
2025-09-01 17:41:25,0,58,1,[1130.0209184748794 62.38858863156389 1393.7274598964989 369.82591335262435],[1204.452880859375 329.36199951171875 1268.0673828125 369.5542907714844],0.47414064407348633,,0
2025-09-01 17:41:25,0,58,1,[1130.0209184748794 62.38858863156389 1393.7274598964989 369.82591335262435],[1186.5126953125 325.7559814453125 1272.1361083984375 369.5357666015625],0.31499552726745605,,0
2025-09-01 17:41:25,0,58,2,[1472.8534321729906 117.2121672634602 1709.1806495175276 349.2856412593711],[1547.253662109375 297.6497497558594 1641.043212890625 342.6156921386719],0.2971894145011902,,0
2025-09-01 17:41:25,0,59,1,[1130.2062313050708 62.15227914990672 1394.4200225150846 369.89110177387806],[1204.9097900390625 329.35693359375 1268.1292724609375 369.5278015136719],0.463817298412323,,0
2025-09-01 17:41:25,0,59,1,[1130.2062313050708 62.15227914990672 1394.4200225150846 369.89110177387806],[1186.4886474609375 325.7338562011719 1272.183837890625 369.43115234375],0.3009530007839203,,0
2025-09-01 17:41:25,0,59,2,[1472.9909315573668 110.67026023223885 1709.0618714012594 349.69208877409693],[1547.2774658203125 297.81280517578125 1641.2911376953125 342.5618591308594],0.2989896535873413,,0
2025-09-01 17:41:25,0,60,1,[1130.0591517752257 62.089135021397055 1394.6873625362202 370.0002407952067],[1205.0635986328125 329.2863464355469 1268.2763671875 369.6052551269531],0.46026021242141724,,0
2025-09-01 17:41:25,0,60,1,[1130.0591517752257 62.089135021397055 1394.6873625362202 370.0002407952067],[1187.1441650390625 325.7068176269531 1272.3182373046875 369.47845458984375],0.30151236057281494,,0
2025-09-01 17:41:25,0,60,2,[1473.8485266089313 131.34303649969303 1709.4787652706584 360.41254391244087],[1547.4129638671875 297.9091796875 1641.1256103515625 342.6708679199219],0.29776978492736816,,0
2025-09-01 17:41:26,0,61,1,[1129.8359819301097 62.03805212981638 1394.6701379898852 370.0748095966654],[1204.8487548828125 329.24371337890625 1268.2354736328125 369.6214904785156],0.46813711524009705,,0
2025-09-01 17:41:26,0,61,2,[1473.514494717446 119.11106135437312 1708.9079704203643 354.5114133886944],[1547.43603515625 297.95965576171875 1641.1534423828125 342.76556396484375],0.32880720496177673,,0
2025-09-01 17:41:26,0,61,1,[1129.8359819301097 62.03805212981638 1394.6701379898852 370.0748095966654],[1186.720458984375 325.656005859375 1272.3153076171875 369.548583984375],0.3074476718902588,,0
2025-09-01 17:41:26,0,62,1,[1129.7421310684383 62.04303183807292 1394.6262319751952 370.15521183208654],[1204.4541015625 329.19012451171875 1268.2447509765625 369.6353759765625],0.47448423504829407,,0
2025-09-01 17:41:26,0,62,2,[1473.4478029256861 111.92234667456808 1708.7116313839692 353.001123044866],[1547.3118896484375 297.8276672363281 1641.090087890625 342.7690734863281],0.31968072056770325,,0
2025-09-01 17:41:26,0,62,1,[1129.7421310684383 62.04303183807292 1394.6262319751952 370.15521183208654],[1186.5479736328125 325.64996337890625 1272.3394775390625 369.5892333984375],0.3152836859226227,,0
2025-09-01 17:41:26,0,63,1,[1129.6043023844838 61.74315987978551 1394.5330521546987 370.1217518508753],[1204.9903564453125 329.3418273925781 1268.208984375 369.491455078125],0.4698943793773651,,0
2025-09-01 17:41:26,0,63,1,[1129.6043023844838 61.74315987978551 1394.5330521546987 370.1217518508753],[1186.5382080078125 325.75469970703125 1272.232666015625 369.44256591796875],0.30971387028694153,,0
2025-09-01 17:41:26,0,63,2,[1473.5006544658618 107.802967819897 1708.6948633626112 353.6847722118478],[1547.439697265625 297.7491760253906 1640.89306640625 342.3837890625],0.29829132556915283,,0
2025-09-01 17:41:26,0,64,1,[1129.4704954654896 61.71160381363396 1394.355045788526 370.231953544773],[1205.2554931640625 329.4897766113281 1268.13427734375 369.4318542480469],0.46605002880096436,,0
2025-09-01 17:41:26,0,64,2,[1474.309103246784 111.97359560161482 1708.8852553554227 357.73374228570924],[1547.44921875 297.7801208496094 1641.213134765625 342.43798828125],0.31535759568214417,,0
2025-09-01 17:41:26,0,64,1,[1129.4704954654896 61.71160381363396 1394.355045788526 370.231953544773],[1186.61279296875 325.8011474609375 1272.21337890625 369.4217224121094],0.3021717369556427,,0
2025-09-01 17:41:26,0,65,1,[1129.3127020158602 61.88517274175385 1393.9991753930237 370.35691050657977],[1205.4476318359375 329.41766357421875 1267.941650390625 369.2787170410156],0.4606269896030426,,0
2025-09-01 17:41:26,0,65,2,[1473.9597872994295 106.44419082547124 1708.378118286455 355.84373612543516],[1547.592041015625 297.81060791015625 1641.0223388671875 342.2167053222656],0.3031659722328186,,0
2025-09-01 17:41:26,0,65,1,[1129.3127020158602 61.88517274175385 1393.9991753930237 370.35691050657977],[1186.6502685546875 325.7840881347656 1271.837158203125 369.2216491699219],0.30193039774894714,,0
2025-09-01 17:41:26,0,66,1,[1129.4943012794997 61.471593730118684 1394.238243630787 370.2493280388969],[1204.9566650390625 329.3703918457031 1268.01708984375 369.3882751464844],0.45937713980674744,,0
2025-09-01 17:41:26,0,66,1,[1129.4943012794997 61.471593730118684 1394.238243630787 370.2493280388969],[1186.4150390625 325.7508544921875 1271.861572265625 369.41363525390625],0.29980719089508057,,0
2025-09-01 17:41:26,0,66,2,[1474.717336974543 114.18139419848424 1708.7467772954421 359.76626999528844],[1547.686279296875 297.71722412109375 1640.848876953125 342.0735168457031],0.28941258788108826,,0
2025-09-01 17:41:26,0,67,1,[1129.5492622048116 61.181479787464866 1394.4123619969462 370.18298632086214],[1205.97802734375 329.6056823730469 1267.9317626953125 369.30780029296875],0.4539808928966522,,0
2025-09-01 17:41:26,0,67,2,[1475.2611804913515 117.06681037072343 1708.8109959496294 360.3087413158307],[1547.539794921875 297.7098083496094 1641.739501953125 342.509765625],0.3180808126926422,,0
2025-09-01 17:41:26,0,67,1,[1129.5492622048116 61.181479787464866 1394.4123619969462 370.18298632086214],[1186.7864990234375 325.9270324707031 1271.693115234375 369.29547119140625],0.28876471519470215,,0
2025-09-01 17:41:26,0,68,1,[1129.7363991150835 61.39912980711105 1394.7717324316407 370.3648969530227],[1205.7261962890625 329.62567138671875 1267.902587890625 369.31011962890625],0.4584365785121918,,0
2025-09-01 17:41:26,0,68,2,[1474.509339831368 108.39353635790165 1708.1841210223893 355.8572033020171],[1547.54443359375 297.7872009277344 1641.973388671875 342.60546875],0.3194088637828827,,0
2025-09-01 17:41:26,0,68,1,[1129.7363991150835 61.39912980711105 1394.7717324316407 370.3648969530227],[1186.7802734375 325.91912841796875 1271.7049560546875 369.3139343261719],0.2932150959968567,,0
2025-09-01 17:41:26,0,69,1,[1129.8299714994675 61.55293474533684 1395.031407272267 370.46432653186173],[1204.115234375 328.99163818359375 1267.7418212890625 369.09649658203125],0.4679136574268341,,0
2025-09-01 17:41:26,0,69,1,[1129.8299714994675 61.55293474533684 1395.031407272267 370.46432653186173],[1186.9329833984375 325.6357116699219 1271.273193359375 369.1278381347656],0.3176920711994171,,0
2025-09-01 17:41:26,0,69,2,[1474.1651769267914 104.32121894981375 1707.8699768573197 355.0677229839688],[1547.7923583984375 297.86700439453125 1641.948486328125 342.68865966796875],0.31679224967956543,,0
2025-09-01 17:41:26,0,70,1,[1129.9137137469522 61.38427001760894 1395.473465908675 370.41364952513277],[1205.4053955078125 328.95562744140625 1267.8634033203125 369.0694885253906],0.455727756023407,,0
2025-09-01 17:41:26,0,70,2,[1474.1433954821086 103.07267751609955 1707.867825442051 355.80607353823945],[1547.8436279296875 297.69122314453125 1641.4764404296875 342.39202880859375],0.3053154945373535,,0
2025-09-01 17:41:26,0,70,1,[1129.9137137469522 61.38427001760894 1395.473465908675 370.41364952513277],[1187.488525390625 325.6466979980469 1271.2926025390625 368.97467041015625],0.3044934868812561,,0
2025-09-01 17:41:27,0,71,1,[1129.907129021823 61.09849300562391 1395.8461530058808 370.31970414497346],[1204.3154296875 328.8150329589844 1267.9127197265625 369.15948486328125],0.4660407602787018,,0
2025-09-01 17:41:27,0,71,2,[1474.754802571856 120.90531951792154 1708.5975033757127 363.7386371135558],[1548.0523681640625 297.7326354980469 1641.8741455078125 342.5054016113281],0.3237616717815399,,0
2025-09-01 17:41:27,0,71,1,[1129.907129021823 61.09849300562391 1395.8461530058808 370.31970414497346],[1186.8468017578125 325.5849914550781 1271.45947265625 369.209228515625],0.3170028328895569,,0
2025-09-01 17:41:27,0,72,1,[1129.9173033237282 60.984391017015724 1396.1231792143133 370.3183599849767],[1205.261474609375 328.7289733886719 1267.9395751953125 369.1434631347656],0.4609466791152954,,0
2025-09-01 17:41:27,0,72,1,[1129.9173033237282 60.984391017015724 1396.1231792143133 370.3183599849767],[1187.08349609375 325.5502624511719 1271.519287109375 369.0938415527344],0.3108365535736084,,0
2025-09-01 17:41:27,0,72,2,[1474.2219798276597 110.89935416176527 1708.1552715054281 357.97566039104856],[1548.156005859375 297.7140808105469 1641.7364501953125 342.34295654296875],0.30817073583602905,,0
2025-09-01 17:41:27,0,73,1,[1129.8600127462298 61.15828108635489 1396.2324119630819 370.43156262750006],[1205.8153076171875 328.9642028808594 1267.8951416015625 369.0748291015625],0.46362918615341187,,0
2025-09-01 17:41:27,0,73,2,[1474.0938042421692 106.15028893434797 1708.0932890699635 356.3551834067],[1548.1204833984375 297.86383056640625 1641.98291015625 342.4017639160156],0.310240238904953,,0
2025-09-01 17:41:27,0,73,1,[1129.8600127462298 61.15828108635489 1396.2324119630819 370.43156262750006],[1187.337646484375 325.6793518066406 1271.5064697265625 369.0023193359375],0.3090502917766571,,0
2025-09-01 17:41:27,0,74,1,[1129.8409419798404 61.07776553822154 1396.2686575668017 370.4003554850194],[1205.032470703125 328.85260009765625 1267.96142578125 369.2113342285156],0.4631471335887909,,0
2025-09-01 17:41:27,0,74,1,[1129.8409419798404 61.07776553822154 1396.2686575668017 370.4003554850194],[1186.95849609375 325.5652770996094 1271.5777587890625 369.25360107421875],0.3121470808982849,,0
2025-09-01 17:41:27,0,74,2,[1473.935461602 103.56292047180949 1707.9238564562133 356.2202209212196],[1548.2274169921875 297.86480712890625 1641.5284423828125 342.24163818359375],0.2885221242904663,,0
2025-09-01 17:41:27,0,75,1,[1129.8324231898798 61.03324017126053 1396.4093784429326 370.3883735800499],[1204.3663330078125 328.68475341796875 1267.9976806640625 369.3009338378906],0.46730348467826843,,0
2025-09-01 17:41:27,0,75,1,[1129.8324231898798 61.03324017126053 1396.4093784429326 370.3883735800499],[1186.80517578125 325.5143737792969 1271.6077880859375 369.3840637207031],0.32749584317207336,,0
2025-09-01 17:41:27,0,75,2,[1474.0134442777596 102.30984251837998 1707.9689954898306 356.3674837893822],[1548.294189453125 297.6168212890625 1641.5260009765625 342.251953125],0.2905898690223694,,0
2025-09-01 17:41:27,0,76,1,[1129.8210639355673 61.12108170885449 1396.5369064304666 370.45086522864113],[1204.7867431640625 328.4883117675781 1268.1082763671875 369.411376953125],0.46417737007141113,,0
2025-09-01 17:41:27,0,76,1,[1129.8210639355673 61.12108170885449 1396.5369064304666 370.45086522864113],[1186.9761962890625 325.3111267089844 1271.7423095703125 369.4735107421875],0.3276374042034149,,0
2025-09-01 17:41:27,0,76,2,[1474.0551673908403 101.0643227330913 1708.1434590348545 356.5121705044626],[1548.6295166015625 297.50958251953125 1641.0318603515625 342.1584777832031],0.29529380798339844,,0
2025-09-01 17:41:27,0,77,1,[1129.744499953503 60.85142660496692 1396.4674906195207 370.2790392928616],[1203.87646484375 328.40802001953125 1267.73779296875 369.29052734375],0.4615284502506256,,0
2025-09-01 17:41:27,0,77,2,[1474.102689562034 100.34664968854196 1708.218331054507 356.85609947106695],[1548.5401611328125 297.6396789550781 1641.4661865234375 342.25177001953125],0.30064502358436584,,0
2025-09-01 17:41:27,0,77,1,[1129.744499953503 60.85142660496692 1396.4674906195207 370.2790392928616],[1187.551025390625 324.6468505859375 1271.7158203125 369.9290771484375],0.26075437664985657,,0
2025-09-01 17:41:27,0,78,1,[1129.6940390845748 60.87412454915548 1396.5205858494292 370.30391309034815],[1195.610595703125 327.9149475097656 1269.673828125 370.0660400390625],0.45837944746017456,,0
2025-09-01 17:41:27,0,78,2,[1474.1527585632712 100.28752861540195 1708.1053154830902 357.39828998333803],[1548.674560546875 297.48150634765625 1641.317138671875 342.2593078613281],0.3151666522026062,,0
2025-09-01 17:41:27,0,79,1,[1129.6713992803416 60.8546242558015 1396.5698721629024 370.2681215446696],[1204.1651611328125 328.3759765625 1267.8427734375 369.36468505859375],0.46497777104377747,,0
2025-09-01 17:41:27,0,79,1,[1129.6713992803416 60.8546242558015 1396.5698721629024 370.2681215446696],[1186.6854248046875 325.32440185546875 1271.255615234375 369.2897644042969],0.3309507668018341,,0
2025-09-01 17:41:27,0,79,2,[1473.9666266166805 100.19902222801215 1707.9683694566816 357.9513237748657],[1548.4324951171875 297.53759765625 1641.6068115234375 342.409423828125],0.31312739849090576,,0
2025-09-01 17:41:27,0,80,1,[1129.6547115708156 60.94731293626927 1396.6658611335754 370.2952049760675],[1204.0877685546875 328.2861633300781 1267.8355712890625 369.37457275390625],0.45628485083580017,,0
2025-09-01 17:41:27,0,80,1,[1129.6547115708156 60.94731293626927 1396.6658611335754 370.2952049760675],[1186.489501953125 325.2461242675781 1271.118896484375 369.2206726074219],0.32566148042678833,,0
2025-09-01 17:41:27,0,80,2,[1473.9965753397933 100.28782674759157 1708.1703226320774 358.50484076110223],[1548.371337890625 297.4606628417969 1641.6708984375 342.4822082519531],0.317718505859375,,0
2025-09-01 17:41:28,0,81,1,[1129.4865867414712 61.00944431192028 1396.413852977733 370.3217043754898],[1203.403564453125 328.20733642578125 1267.8392333984375 369.4160461425781],0.46057912707328796,,0
2025-09-01 17:41:28,0,81,2,[1473.9386934676331 100.12373688526978 1708.2352915272509 358.7398261194701],[1548.23876953125 297.3951721191406 1641.9114990234375 342.66937255859375],0.3143896162509918,,0
2025-09-01 17:41:28,0,81,1,[1129.4865867414712 61.00944431192028 1396.413852977733 370.3217043754898],[1187.0133056640625 324.4131774902344 1271.845458984375 370.05047607421875],0.25919511914253235,,0
2025-09-01 17:41:28,0,82,1,[1129.4418167301253 60.9529596588977 1396.2488142314385 370.29083508350084],[1203.9976806640625 328.3226318359375 1267.772216796875 369.3388366699219],0.4522644281387329,,0
2025-09-01 17:41:28,0,82,2,[1473.8861135073514 100.48488708760132 1708.152017599761 359.1898314554637],[1548.3929443359375 297.4201965332031 1642.0096435546875 342.6045227050781],0.3294355273246765,,0
2025-09-01 17:41:28,0,82,1,[1129.4418167301253 60.9529596588977 1396.2488142314385 370.29083508350084],[1187.3865966796875 324.5062255859375 1271.769287109375 369.9645080566406],0.24952653050422668,,0
2025-09-01 17:41:28,0,83,1,[1129.4469892672034 60.832721091069345 1396.1743644288024 370.2380517390539],[1204.5150146484375 328.3271484375 1267.67041015625 369.2553405761719],0.45522937178611755,,0
2025-09-01 17:41:28,0,83,2,[1473.8629218637457 100.43467753914544 1708.1423559243976 359.48598409749957],[1548.4617919921875 297.4615173339844 1641.7430419921875 342.41534423828125],0.3385516107082367,,0
2025-09-01 17:41:28,0,83,1,[1129.4469892672034 60.832721091069345 1396.1743644288024 370.2380517390539],[1186.6326904296875 325.2497863769531 1271.0504150390625 369.0623474121094],0.31935372948646545,,0
2025-09-01 17:41:28,0,84,1,[1129.525336545693 60.795557081391195 1396.3418806882617 370.24427758157185],[1203.87060546875 328.2912902832031 1267.5927734375 369.29345703125],0.4531933069229126,,0
2025-09-01 17:41:28,0,84,2,[1473.8512917975213 100.483269134967 1708.0539968340076 359.7188404904564],[1548.6676025390625 297.5839538574219 1641.3563232421875 342.3307189941406],0.33006617426872253,,0
2025-09-01 17:41:28,0,84,1,[1129.525336545693 60.795557081391195 1396.3418806882617 370.24427758157185],[1186.44580078125 325.2662048339844 1270.9559326171875 369.11767578125],0.3244563937187195,,0
2025-09-01 17:41:28,0,85,1,[1129.4015510351392 60.7900879297934 1396.124997467114 370.265222019718],[1203.911865234375 328.3429870605469 1267.606201171875 369.3044128417969],0.455166220664978,,0
2025-09-01 17:41:28,0,85,2,[1473.8239362861596 100.26685615568078 1708.0194002908202 359.8292328828044],[1548.5782470703125 297.5075378417969 1641.908203125 342.59747314453125],0.3501153588294983,,0
2025-09-01 17:41:28,0,85,1,[1129.4015510351392 60.7900879297934 1396.124997467114 370.265222019718],[1186.35205078125 325.3140563964844 1270.9248046875 369.1471252441406],0.32508811354637146,,0
2025-09-01 17:41:28,0,86,1,[1129.4221360988172 60.75767423465078 1396.235886426295 370.26165303963893],[1204.382568359375 328.38018798828125 1267.593505859375 369.2580261230469],0.45039427280426025,,0
2025-09-01 17:41:28,0,86,2,[1473.8768498695545 100.36337244602487 1708.0115667417995 360.41387502794817],[1548.5767822265625 297.568115234375 1641.6346435546875 342.5487060546875],0.3390065133571625,,0
2025-09-01 17:41:28,0,86,1,[1129.4221360988172 60.75767423465078 1396.235886426295 370.26165303963893],[1186.5634765625 325.3154602050781 1270.9095458984375 369.04864501953125],0.31901809573173523,,0
2025-09-01 17:41:28,0,87,1,[1129.526394975649 60.607869817221825 1396.5011712641667 370.2069129322517],[1195.6781005859375 328.1148681640625 1269.5318603515625 369.9021911621094],0.4511340260505676,,0
2025-09-01 17:41:28,0,87,2,[1473.869521456643 100.43084269877042 1707.8704194272434 360.62604247621437],[1548.646728515625 297.5400085449219 1641.755126953125 342.5544738769531],0.3428371548652649,,0
2025-09-01 17:41:29,0,88,1,[1129.428941994538 60.53679825487808 1396.3248981563438 370.2132487312521],[1203.92333984375 328.3350524902344 1267.616455078125 369.231201171875],0.45736584067344666,,0
2025-09-01 17:41:29,0,88,2,[1473.952637923429 99.97730061316693 1707.9283413386897 359.8317824605042],[1548.86865234375 297.6361083984375 1641.510498046875 342.5462951660156],0.34357473254203796,,0
2025-09-01 17:41:29,0,88,1,[1129.428941994538 60.53679825487808 1396.3248981563438 370.2132487312521],[1187.5120849609375 324.5709533691406 1271.6429443359375 369.87481689453125],0.26137474179267883,,0
2025-09-01 17:41:29,0,89,1,[1129.3487905518011 60.47861647031522 1396.180383867964 370.22306705171377],[1203.63916015625 328.2711181640625 1267.545166015625 369.3446960449219],0.4532032310962677,,0
2025-09-01 17:41:29,0,89,2,[1473.9763748380042 99.95529979712279 1708.0726753732083 359.85765449855734],[1548.872314453125 297.8102111816406 1641.3544921875 342.2348327636719],0.31618985533714294,,0
2025-09-01 17:41:29,0,89,1,[1129.3487905518011 60.47861647031522 1396.180383867964 370.22306705171377],[1186.7025146484375 324.5017395019531 1271.6123046875 370.0291442871094],0.2564872205257416,,0
2025-09-01 17:41:29,0,90,1,[1129.4089320589417 60.315234021879036 1396.2331825741687 370.1596918009783],[1204.861572265625 328.6073913574219 1267.549560546875 369.380126953125],0.4398561418056488,,0
2025-09-01 17:41:29,0,90,1,[1129.4089320589417 60.315234021879036 1396.2331825741687 370.1596918009783],[1186.098388671875 325.45751953125 1271.06298828125 369.2613220214844],0.3085257411003113,,0
2025-09-01 17:41:29,0,90,2,[1473.8970225283588 99.99071388446819 1708.0706636194118 360.2578739493986],[1548.9971923828125 297.9022521972656 1641.1094970703125 342.14593505859375],0.30468034744262695,,0
2025-09-01 17:41:29,0,91,1,[1129.4534885445312 60.27963686127552 1396.3160142992554 370.1674778230955],[1205.7371826171875 328.5611572265625 1267.5289306640625 369.3338928222656],0.43022239208221436,,0
2025-09-01 17:41:29,0,91,1,[1129.4534885445312 60.27963686127552 1396.3160142992554 370.1674778230955],[1186.0594482421875 325.36468505859375 1270.93359375 369.17333984375],0.29918235540390015,,0
2025-09-01 17:41:29,0,91,2,[1473.8464250491002 99.77060504468355 1708.0403819068883 360.23486456644787],[1549.0550537109375 297.8426818847656 1641.1995849609375 342.1162109375],0.2950260639190674,,0
2025-09-01 17:41:29,0,92,1,[1129.72138473449 60.349956031582764 1396.8719749953386 370.26457016339737],[1205.6165771484375 328.5715637207031 1267.5523681640625 369.29644775390625],0.43641936779022217,,0
2025-09-01 17:41:29,0,92,2,[1473.825435713029 99.56248007465157 1708.3331064284216 360.5078587876134],[1549.3114013671875 297.9303283691406 1641.3153076171875 342.2501220703125],0.3174474537372589,,0
2025-09-01 17:41:29,0,92,1,[1129.72138473449 60.349956031582764 1396.8719749953386 370.26457016339737],[1186.1209716796875 325.4315185546875 1270.9857177734375 369.16131591796875],0.3043097257614136,,0
2025-09-01 17:41:29,0,93,1,[1129.8719707450891 60.2863919724152 1397.3520041035813 370.2450626471316],[1204.8797607421875 328.68328857421875 1267.5784912109375 369.38140869140625],0.44202107191085815,,0
2025-09-01 17:41:29,0,93,2,[1473.8418585294828 99.60002361990976 1708.5252808410885 360.8862161747844],[1549.194580078125 297.96295166015625 1641.167724609375 342.3990783691406],0.31076619029045105,,0
2025-09-01 17:41:29,0,93,1,[1129.8719707450891 60.2863919724152 1397.3520041035813 370.2450626471316],[1185.934814453125 325.45526123046875 1271.0994873046875 369.2513427734375],0.30969998240470886,,0
2025-09-01 17:41:30,0,94,1,[1129.9127356189929 60.309510109069976 1397.6623474028115 370.2852953276438],[1205.3814697265625 328.7040100097656 1267.5823974609375 369.4176025390625],0.4364078938961029,,0
2025-09-01 17:41:30,0,94,2,[1473.5676492740245 99.68055885433552 1708.419186992327 361.1701145450556],[1549.1546630859375 298.0226745605469 1641.173583984375 342.8082580566406],0.3277028501033783,,0
2025-09-01 17:41:30,0,94,1,[1129.9127356189929 60.309510109069976 1397.6623474028115 370.2852953276438],[1185.9698486328125 325.4229431152344 1271.097412109375 369.2769775390625],0.30408981442451477,,0
2025-09-01 17:41:30,0,95,1,[1129.8075940940155 60.24110118859318 1397.7810587079382 370.26566625192777],[1205.4888916015625 328.6412353515625 1267.522705078125 369.3890075683594],0.43616390228271484,,0
2025-09-01 17:41:30,0,95,2,[1473.470703596534 99.54531852319161 1708.485078024259 361.02105769178695],[1549.090576171875 297.9686279296875 1641.170654296875 342.61566162109375],0.3117735981941223,,0
2025-09-01 17:41:30,0,95,1,[1129.8075940940155 60.24110118859318 1397.7810587079382 370.26566625192777],[1185.942626953125 325.44049072265625 1271.023681640625 369.2187194824219],0.30430206656455994,,0
2025-09-01 17:41:31,0,96,1,[1129.7729282862103 60.22669668388693 1398.0198411437993 370.2786774708591],[1205.881591796875 328.63116455078125 1267.4765625 369.3597106933594],0.4338725507259369,,0
2025-09-01 17:41:31,0,96,2,[1473.3961468359696 99.44765890393893 1708.540450822207 361.10379142784603],[1549.0242919921875 297.9358825683594 1641.2186279296875 342.65087890625],0.30511146783828735,,0
2025-09-01 17:41:31,0,96,1,[1129.7729282862103 60.22669668388693 1398.0198411437993 370.2786774708591],[1185.8887939453125 325.4245910644531 1270.919677734375 369.2196350097656],0.300545871257782,,0
2025-09-01 17:41:31,0,97,2,[1473.4505030465427 99.35695561653512 1708.6664161801216 361.1062438810462],[1548.903564453125 297.9645690917969 1640.8411865234375 342.5185546875],0.29362252354621887,,0
2025-09-01 17:41:32,0,98,1,[1129.5108405995002 60.02306556455929 1397.8575048987905 370.25927376444247],[1194.82421875 328.0989074707031 1269.397216796875 370.1329650878906],0.4458320438861847,,0
2025-09-01 17:41:32,0,98,2,[1473.6196593802727 102.3737208243331 1708.807431039477 362.1448911187307],[1548.976318359375 298.0362243652344 1640.6923828125 342.44195556640625],0.2868863046169281,,0
2025-09-01 17:41:32,0,99,1,[1129.5015608123817 60.0710526394715 1397.837401709889 370.3204490760486],[1195.1697998046875 328.15081787109375 1269.4775390625 370.14385986328125],0.44333869218826294,,0
2025-09-01 17:41:32,0,99,2,[1473.6366670037967 103.11983239110742 1708.898002759295 362.0223740752729],[1548.95654296875 297.9888000488281 1640.6865234375 342.35260009765625],0.27943918108940125,,0
2025-09-01 17:41:32,0,100,1,[1129.5271659164412 59.9950309802407 1397.8031739587584 370.31650257580867],[1195.2196044921875 328.1202697753906 1269.5919189453125 370.19964599609375],0.44312384724617004,,0
2025-09-01 17:41:32,0,100,2,[1473.5318642636942 108.99455246048899 1708.4796064351374 364.17281074600476],[1548.91552734375 297.75274658203125 1640.744384765625 342.240966796875],0.2722536027431488,,0
2025-09-01 17:41:33,0,101,1,[1129.7911112574843 60.195378276808555 1398.3374033155205 370.7035575383944],[1193.82275390625 329.99554443359375 1268.8128662109375 369.3963623046875],0.47524377703666687,,0
2025-09-01 17:41:33,0,101,2,[1473.6383781910154 116.1430649505536 1708.7336483605854 366.1807743892001],[1549.4681396484375 297.820556640625 1643.6868896484375 344.14984130859375],0.32799917459487915,,0
2025-09-01 17:41:33,0,102,1,[1129.9619894038601 60.335914011715545 1398.8012603631169 370.91773961651256],[1194.2764892578125 329.890869140625 1268.918701171875 369.36895751953125],0.47135674953460693,,0
2025-09-01 17:41:33,0,102,2,[1473.7077389926012 119.50533755397885 1708.9332978553448 365.87201985720003],[1549.2333984375 297.88916015625 1643.660888671875 344.0601806640625],0.32773175835609436,,0
2025-09-01 17:41:33,0,103,1,[1129.9367231209812 60.41288899002913 1399.02529557347 371.05778527324503],[1194.513427734375 329.8409423828125 1268.983154296875 369.3822326660156],0.46433225274086,,0
2025-09-01 17:41:33,0,103,2,[1473.6827204703272 123.96193962502963 1708.991086181421 366.36605190971875],[1549.11181640625 297.8473205566406 1643.43310546875 343.88470458984375],0.30214712023735046,,0
2025-09-01 17:41:33,0,104,1,[1129.9067890924628 60.37861647074382 1399.2992813956955 371.12078208629566],[1192.68017578125 329.72821044921875 1269.0538330078125 369.4832458496094],0.48110339045524597,,0
2025-09-01 17:41:33,0,104,2,[1473.7161825997182 127.80610076925146 1709.1249318226614 366.125351351723],[1549.0660400390625 297.80108642578125 1643.2137451171875 343.8001403808594],0.3076965808868408,,0
2025-09-01 17:41:33,0,104,1,[1129.9067890924628 60.37861647074382 1399.2992813956955 371.12078208629566],[1178.3026123046875 322.9181213378906 1268.6171875 370.7666931152344],0.16358716785907745,,0
2025-09-01 17:41:34,0,105,1,[1129.8467971692396 60.31220455782713 1399.405196949973 371.15777315396065],[1193.0457763671875 329.7485046386719 1268.942138671875 369.4631652832031],0.47224920988082886,,0
2025-09-01 17:41:34,0,105,2,[1473.7425189119904 127.58467659487393 1709.087587061435 364.2489390339117],[1549.225341796875 297.8448791503906 1643.2584228515625 343.8304443359375],0.3281967043876648,,0
2025-09-01 17:41:34,0,105,1,[1129.8467971692396 60.31220455782713 1399.405196949973 371.15777315396065],[1178.25146484375 322.9654846191406 1268.237548828125 370.74310302734375],0.16035550832748413,,0
2025-09-01 17:41:34,0,106,1,[1129.8971689508655 60.14465636203735 1399.579015195304 371.1358454275129],[1193.8060302734375 329.8605651855469 1268.84521484375 369.425537109375],0.47089245915412903,,0
2025-09-01 17:41:34,0,106,2,[1473.7399871232733 134.73822327129858 1709.0882108271253 366.0331864197127],[1549.146240234375 298.0525817871094 1643.11083984375 343.707763671875],0.3450050354003906,,0
2025-09-01 17:41:34,0,106,1,[1129.8971689508655 60.14465636203735 1399.579015195304 371.1358454275129],[1177.8568115234375 322.79730224609375 1268.140625 370.4753723144531],0.1524202972650528,,0
2025-09-01 17:41:34,0,107,1,[1130.027939399072 60.21000247826703 1399.4993237671558 371.2013811573472],[1192.7896728515625 329.9636535644531 1269.0673828125 369.51361083984375],0.4805620312690735,,0
2025-09-01 17:41:34,0,107,2,[1473.9246465305955 130.97988356295275 1709.2074425856767 363.13946343606847],[1549.162353515625 298.0036926269531 1643.104248046875 343.7203674316406],0.3427189886569977,,0
2025-09-01 17:41:34,0,107,1,[1130.027939399072 60.21000247826703 1399.4993237671558 371.2013811573472],[1177.8883056640625 322.89459228515625 1268.268798828125 370.51593017578125],0.16489511728286743,,0
2025-09-01 17:41:34,0,108,1,[1129.2221040493605 60.26757052157498 1398.6706861645253 371.25550861415263],[1192.406982421875 329.8792724609375 1269.145751953125 369.5801086425781],0.4761286675930023,,0
2025-09-01 17:41:34,0,108,2,[1474.3330626895333 126.99720378560653 1709.3647758204172 361.2592039070401],[1549.166015625 297.9592590332031 1643.001708984375 343.8227233886719],0.33730947971343994,,0
2025-09-01 17:41:34,0,108,1,[1129.2221040493605 60.26757052157498 1398.6706861645253 371.25550861415263],[1177.68505859375 322.7274475097656 1268.065185546875 370.46185302734375],0.16435810923576355,,0
2025-09-01 17:41:34,0,109,1,[1128.9896879366133 60.353131045992114 1398.4206816558603 371.23767623384913],[1192.84033203125 329.73980712890625 1269.174072265625 369.56048583984375],0.47734978795051575,,0
2025-09-01 17:41:34,0,109,2,[1474.5375937692922 134.94167598989634 1709.3131522447613 364.6883675895806],[1549.1363525390625 298.0001525878906 1642.998046875 343.9617919921875],0.3466300368309021,,0
2025-09-01 17:41:34,0,109,1,[1128.9896879366133 60.353131045992114 1398.4206816558603 371.23767623384913],[1177.593505859375 322.6051330566406 1268.3387451171875 370.3858642578125],0.1612824946641922,,0
2025-09-01 17:41:34,0,110,1,[1128.920686240774 60.310671395064446 1398.2990795461938 371.19937927194604],[1191.8785400390625 329.6345520019531 1269.2696533203125 369.62158203125],0.4864215850830078,,0
2025-09-01 17:41:34,0,110,2,[1474.6414793990998 143.62366263389788 1709.1678257775307 367.6996114061486],[1548.9766845703125 298.17291259765625 1643.0877685546875 343.9674072265625],0.34285208582878113,,0
2025-09-01 17:41:34,0,110,1,[1128.920686240774 60.310671395064446 1398.2990795461938 371.19937927194604],[1177.719482421875 322.3625793457031 1268.625732421875 370.41082763671875],0.17292441427707672,,0
2025-09-01 17:41:35,0,111,1,[1128.8292841616421 60.094647738494245 1398.1257010357135 371.1177009331623],[1192.2044677734375 329.6330871582031 1269.29443359375 369.562255859375],0.48103243112564087,,0
2025-09-01 17:41:35,0,111,2,[1474.8546724390746 150.28377090728912 1709.0106010705001 369.1513207965633],[1549.052978515625 298.182861328125 1643.100341796875 343.8497009277344],0.33154210448265076,,0
2025-09-01 17:41:35,0,111,1,[1128.8292841616421 60.094647738494245 1398.1257010357135 371.1177009331623],[1178.066650390625 322.3341064453125 1268.4229736328125 370.3317565917969],0.1709262728691101,,0
2025-09-01 17:41:35,0,112,1,[1128.8818579803835 60.046588603233346 1398.2327438400841 371.1787320766447],[1191.856201171875 329.68157958984375 1269.1671142578125 369.59014892578125],0.4856196939945221,,0
2025-09-01 17:41:35,0,112,2,[1475.0456196331158 154.69434073651104 1708.8649321624832 368.62209420459175],[1549.5040283203125 298.1946716308594 1642.5421142578125 343.70635986328125],0.3099571466445923,,0
2025-09-01 17:41:35,0,112,1,[1128.8818579803835 60.046588603233346 1398.2327438400841 371.1787320766447],[1178.3955078125 322.3323669433594 1268.4705810546875 370.52362060546875],0.17249484360218048,,0
2025-09-01 17:41:35,0,113,1,[1128.909542378547 60.04294698872101 1398.2998666657136 371.26300907838333],[1194.375732421875 329.9050598144531 1269.02197265625 369.4798278808594],0.4783874452114105,,0
2025-09-01 17:41:35,0,113,2,[1475.3293429754103 156.4305419394111 1708.719256300505 366.84427627053753],[1549.546142578125 298.1082763671875 1642.348388671875 343.78839111328125],0.32089850306510925,,0
2025-09-01 17:41:35,0,114,1,[1128.9649490851762 60.181936457524046 1398.4637104625122 371.3655550669238],[1194.59912109375 329.9970703125 1269.0435791015625 369.5083923339844],0.4779938757419586,,0
2025-09-01 17:41:35,0,114,2,[1475.4377968524138 157.1853236152333 1708.5132421739975 365.4361959580352],[1549.6663818359375 298.44921875 1642.3096923828125 343.61785888671875],0.30054956674575806,,0
2025-09-01 17:41:35,0,115,1,[1129.116015775095 60.30285114778377 1398.9074449425207 371.428148981776],[1194.0743408203125 329.8872985839844 1269.0860595703125 369.5611267089844],0.4784533679485321,,0
2025-09-01 17:41:35,0,115,2,[1475.5661823118203 158.18576764068166 1708.4715099951477 364.54979176813526],[1549.1627197265625 298.3542785644531 1642.6402587890625 343.77203369140625],0.3160558342933655,,0
2025-09-01 17:41:35,0,116,1,[1129.0884087462553 60.25321542191864 1399.0022157702635 371.39824123264464],[1194.702392578125 329.93243408203125 1269.0047607421875 369.46673583984375],0.4741370379924774,,0
2025-09-01 17:41:35,0,116,2,[1475.5817007719013 158.28252304024133 1708.457294457168 363.70834238019074],[1549.5926513671875 298.3217468261719 1642.5604248046875 343.8128356933594],0.31973838806152344,,0
2025-09-01 17:41:36,0,117,1,[1129.057003290402 60.26325913593658 1399.0858031879993 371.4001342377337],[1193.6019287109375 329.9392395019531 1269.075439453125 369.5627136230469],0.4812045395374298,,0
2025-09-01 17:41:36,0,117,2,[1475.3620231797977 157.13062893204977 1708.195367704167 363.2008093765797],[1549.3326416015625 298.1450500488281 1642.638427734375 343.9505920410156],0.3112286329269409,,0
2025-09-01 17:41:36,0,118,1,[1128.9795845061483 60.290400378512714 1399.0158101339878 371.4108742142256],[1193.8355712890625 329.8700866699219 1269.078369140625 369.5979309082031],0.469840943813324,,0
2025-09-01 17:41:36,0,118,2,[1475.3135220455995 155.82874151691325 1708.1567189055634 363.09605814760175],[1549.4813232421875 298.1285095214844 1642.6292724609375 344.10528564453125],0.30398425459861755,,0
2025-09-01 17:41:36,0,119,1,[1128.8484880493952 60.197875174786645 1398.7019680548974 371.3399089414736],[1193.3470458984375 329.8678283691406 1269.0772705078125 369.5941162109375],0.48214906454086304,,0
2025-09-01 17:41:36,0,119,2,[1475.1453042454596 153.72897408029525 1707.731227282959 362.14825459011746],[1549.6121826171875 298.0970153808594 1642.681396484375 343.9696960449219],0.30719488859176636,,0
2025-09-01 17:41:36,0,120,1,[1128.724666704134 60.11421216223076 1398.4287242100536 371.2741906347927],[1193.3441162109375 329.7080383300781 1269.119140625 369.63134765625],0.4859522581100464,,0
2025-09-01 17:41:36,0,120,2,[1475.220145461334 153.74618982912398 1707.6697823588813 362.61005941038684],[1549.606201171875 298.11761474609375 1642.169677734375 343.6895446777344],0.2967587411403656,,0
2025-09-01 17:41:36,0,120,1,[1128.724666704134 60.11421216223076 1398.4287242100536 371.2741906347927],[1177.868896484375 322.0472717285156 1268.440185546875 370.39007568359375],0.15386632084846497,,0
2025-09-01 17:41:37,0,121,1,[1128.9246145169209 60.29098284132536 1398.8055900718532 371.2684521634451],[1190.7049560546875 328.9076843261719 1269.0631103515625 369.380126953125],0.4683254063129425,,0
2025-09-01 17:41:37,0,121,2,[1476.840246371991 150.2506917136124 1710.2907619919513 361.64533110251796],[1552.4813232421875 297.4973449707031 1643.9989013671875 343.44891357421875],0.23976115882396698,,0
2025-09-01 17:41:37,0,122,1,[1128.9350252738273 60.39403059516505 1399.040400606229 371.28987555752155],[1191.954833984375 329.0856628417969 1268.94287109375 369.18768310546875],0.47601398825645447,,0
2025-09-01 17:41:37,0,122,2,[1477.3043693598402 149.74263003183722 1711.5496692222282 362.31193194544534],[1552.3883056640625 297.7706604003906 1643.8824462890625 343.3532409667969],0.2237914353609085,,0
2025-09-01 17:41:37,0,122,1,[1128.9350252738273 60.39403059516505 1399.040400606229 371.28987555752155],[1179.2764892578125 321.361572265625 1267.308837890625 369.8134765625],0.19104859232902527,,0
2025-09-01 17:41:37,0,123,1,[1128.7473666456988 60.309075501177716 1398.7762191922882 371.2242145069091],[1192.11474609375 329.18902587890625 1268.9630126953125 369.20709228515625],0.46642452478408813,,0
2025-09-01 17:41:37,0,123,2,[1477.5627331913095 151.04432167189714 1712.4765934768027 363.2332381370794],[1552.4912109375 297.7862854003906 1643.75390625 343.19415283203125],0.21348586678504944,,0
2025-09-01 17:41:37,0,123,1,[1128.7473666456988 60.309075501177716 1398.7762191922882 371.2242145069091],[1179.57421875 321.6885681152344 1267.180419921875 370.1001281738281],0.17742569744586945,,0
2025-09-01 17:41:37,0,124,1,[1128.1719625835112 60.013758178792216 1398.4142758758599 371.1219814715617],[1193.1265869140625 329.2892761230469 1268.997802734375 369.1496887207031],0.46462780237197876,,0
2025-09-01 17:41:37,0,124,2,[1478.127983666089 126.87375195817644 1715.1920145021638 351.9815826622098],[1552.6270751953125 297.99554443359375 1643.9315185546875 343.3270263671875],0.18859541416168213,,0
2025-09-01 17:41:37,0,124,1,[1128.1719625835112 60.013758178792216 1398.4142758758599 371.1219814715617],[1179.5906982421875 321.2097473144531 1267.045166015625 370.02239990234375],0.16587384045124054,,0
2025-09-01 17:41:37,0,125,1,[1128.2794321875338 60.0836521580639 1398.4902119953524 371.183870320498],[1189.5908203125 329.62518310546875 1269.5870361328125 369.5397033691406],0.5048152208328247,,0
2025-09-01 17:41:37,0,125,2,[1478.4088060623078 115.37510403519732 1717.1919421258037 350.70237006807247],[1553.004638671875 297.49609375 1644.211669921875 343.2690124511719],0.17888884246349335,,0
2025-09-01 17:41:37,0,126,1,[1128.5791329089934 60.208912485904335 1398.6971557959187 371.1937961744454],[1191.350830078125 329.75225830078125 1269.6053466796875 369.47369384765625],0.4896436333656311,,0
2025-09-01 17:41:37,0,126,1,[1128.5791329089934 60.208912485904335 1398.6971557959187 371.1937961744454],[1179.673095703125 321.1982421875 1267.739501953125 370.5258483886719],0.17396937310695648,,0
2025-09-01 17:41:37,0,126,2,[1478.1889376346608 109.3731649120394 1717.620746164836 352.33475536007927],[1553.1556396484375 297.3617248535156 1643.715576171875 342.58795166015625],0.1514897346496582,,0
2025-09-01 17:41:38,0,127,1,[1129.479250876247 60.3244607039118 1399.244824287579 371.18049759507187],[1190.252685546875 329.6941833496094 1269.723388671875 369.58447265625],0.4866838753223419,,0
2025-09-01 17:41:38,0,127,1,[1129.479250876247 60.3244607039118 1399.244824287579 371.18049759507187],[1179.7325439453125 321.2392578125 1267.8927001953125 370.74261474609375],0.18117152154445648,,0
2025-09-01 17:41:38,0,128,1,[1129.7006239329899 60.4486640019887 1399.374245717881 371.2129953330343],[1190.476318359375 329.80303955078125 1269.763916015625 369.6545104980469],0.47907668352127075,,0
2025-09-01 17:41:38,0,128,1,[1129.7006239329899 60.4486640019887 1399.374245717881 371.2129953330343],[1179.6207275390625 321.5158996582031 1268.0111083984375 370.9285583496094],0.1694718450307846,,0
2025-09-01 17:41:38,0,129,1,[1129.9995084252298 60.332075568931174 1399.5527474768326 371.1481236591145],[1190.9542236328125 329.7552795410156 1269.69970703125 369.45391845703125],0.48267534375190735,,0
2025-09-01 17:41:38,0,129,1,[1129.9995084252298 60.332075568931174 1399.5527474768326 371.1481236591145],[1179.8968505859375 320.9270324707031 1267.6787109375 370.0643005371094],0.17967993021011353,,0
2025-09-01 17:41:38,0,130,1,[1130.483607138373 60.03711508701463 1399.6802159974527 371.0717598895515],[1189.100341796875 329.5064392089844 1269.8114013671875 369.57513427734375],0.4875149428844452,,0
2025-09-01 17:41:38,0,131,1,[1130.4018989543079 60.11096915542544 1399.2629624841047 371.23760384839585],[1188.5235595703125 329.3760986328125 1269.7952880859375 369.65399169921875],0.49764615297317505,,0
2025-09-01 17:41:38,0,132,1,[1130.2745310544478 60.22358961230222 1399.0596431661456 371.2343947195485],[1188.030029296875 329.28753662109375 1269.8759765625 369.71356201171875],0.4960881173610687,,0
2025-09-01 17:41:38,0,133,1,[1130.2341869873028 60.18077267623886 1399.042353608064 371.19721114975073],[1189.7205810546875 329.4546203613281 1269.9075927734375 369.5439147949219],0.47729194164276123,,0
2025-09-01 17:41:38,0,133,1,[1130.2341869873028 60.18077267623886 1399.042353608064 371.19721114975073],[1180.021728515625 320.2236633300781 1267.635986328125 370.3244323730469],0.17954516410827637,,0
2025-09-01 17:41:39,0,134,1,[1130.3808923424226 60.10838379704822 1399.0064195450414 371.1464409602926],[1189.75732421875 329.47747802734375 1269.8751220703125 369.5230407714844],0.4778437316417694,,0
2025-09-01 17:41:39,0,134,1,[1130.3808923424226 60.10838379704822 1399.0064195450414 371.1464409602926],[1180.2213134765625 320.0472106933594 1267.4033203125 370.3349304199219],0.18132776021957397,,0
2025-09-01 17:41:39,0,134,2,[1478.2472020211 101.53206887779325 1720.8507073700414 357.6553861998683],[1553.244140625 297.3715515136719 1644.49951171875 343.384765625],0.1544794887304306,,0
2025-09-01 17:41:39,0,135,1,[1130.2118422554715 59.944143167808306 1398.6661743192 371.09611074032733],[1189.595703125 329.4617004394531 1269.866943359375 369.5582275390625],0.48130813241004944,,0
2025-09-01 17:41:39,0,135,1,[1130.2118422554715 59.944143167808306 1398.6661743192 371.09611074032733],[1180.109619140625 320.1011657714844 1267.5941162109375 370.3365173339844],0.18485701084136963,,0
2025-09-01 17:41:39,0,135,2,[1477.9263487822593 100.37792683658981 1720.811957422073 358.7087655438461],[1553.1943359375 297.5992126464844 1644.435791015625 343.45050048828125],0.16221335530281067,,0
2025-09-01 17:41:39,0,136,1,[1130.11836513266 59.94400989860537 1398.8450618672719 371.07875577731795],[1189.7347412109375 329.3585205078125 1270.0009765625 369.6174621582031],0.47339096665382385,,0
2025-09-01 17:41:39,0,136,1,[1130.11836513266 59.94400989860537 1398.8450618672719 371.07875577731795],[1180.0452880859375 320.2339782714844 1267.760498046875 370.48419189453125],0.17903926968574524,,0
2025-09-01 17:41:39,0,136,2,[1477.3218805236593 99.21085327785215 1720.0702268819878 358.9151824875202],[1553.35400390625 297.5684814453125 1644.463623046875 343.38348388671875],0.1700524389743805,,0
2025-09-01 17:41:40,0,137,1,[1129.8951927303845 59.91100249710399 1398.8961731833977 371.07208195742777],[1190.4952392578125 329.503662109375 1269.828369140625 369.5413513183594],0.4619154930114746,,0
2025-09-01 17:41:40,0,137,1,[1129.8951927303845 59.91100249710399 1398.8961731833977 371.07208195742777],[1180.1881103515625 320.44097900390625 1267.486572265625 370.3970031738281],0.1700185239315033,,0
2025-09-01 17:41:40,0,138,1,[1129.798224722572 59.66135434284914 1399.335049225131 371.01715016731],[1190.55517578125 329.6695556640625 1269.798828125 369.5299987792969],0.4772389233112335,,0
2025-09-01 17:41:40,0,138,1,[1129.798224722572 59.66135434284914 1399.335049225131 371.01715016731],[1180.2056884765625 320.5916748046875 1267.66015625 370.4246520996094],0.17530839145183563,,0
2025-09-01 17:41:40,0,138,2,[1477.4741969766271 98.17769210040692 1720.139738955411 359.3670241464098],[1553.42431640625 297.5797424316406 1644.2889404296875 343.2957763671875],0.1681886613368988,,0
2025-09-01 17:41:40,0,139,1,[1129.8349173487907 59.750532604044935 1399.8420040513995 371.0409857759805],[1189.657470703125 329.6220703125 1269.83056640625 369.59307861328125],0.4876919686794281,,0
2025-09-01 17:41:40,0,139,1,[1129.8349173487907 59.750532604044935 1399.8420040513995 371.0409857759805],[1180.1778564453125 320.57421875 1267.8050537109375 370.6148376464844],0.18568547070026398,,0
2025-09-01 17:41:40,0,139,2,[1477.4643475390717 97.86361155360564 1720.1427771765216 359.4828797288453],[1553.2181396484375 297.49163818359375 1644.2999267578125 343.26104736328125],0.172209694981575,,0
2025-09-01 17:41:40,0,140,1,[1129.6469166012437 59.72647715865122 1400.0063717854098 371.0496309772506],[1189.7061767578125 329.66583251953125 1269.8463134765625 369.5719299316406],0.48634225130081177,,0
2025-09-01 17:41:40,0,140,1,[1129.6469166012437 59.72647715865122 1400.0063717854098 371.0496309772506],[1180.18505859375 320.59197998046875 1267.70068359375 370.44232177734375],0.1884540468454361,,0
2025-09-01 17:41:40,0,140,2,[1477.3583285056045 97.79993101595264 1720.1456586322422 359.91044129261786],[1553.3768310546875 297.72381591796875 1644.1773681640625 343.3634948730469],0.17469237744808197,,0
2025-09-01 17:41:40,0,141,1,[1129.3160966132664 60.04537870037797 1399.6686251209867 371.1762905952039],[1190.2857666015625 329.6072692871094 1269.681396484375 369.5806579589844],0.4773426651954651,,0
2025-09-01 17:41:40,0,141,1,[1129.3160966132664 60.04537870037797 1399.6686251209867 371.1762905952039],[1180.216552734375 320.8719482421875 1267.68701171875 370.6632385253906],0.17863914370536804,,0
2025-09-01 17:41:40,0,141,2,[1477.27715565858 97.68998910128315 1720.3846012769416 360.1915073775599],[1553.5140380859375 297.59417724609375 1644.1658935546875 343.44171142578125],0.17745687067508698,,0
2025-09-01 17:41:41,0,142,1,[1129.1844491703391 60.242232472708935 1399.4630554165938 371.18208153669093],[1190.4190673828125 329.5372009277344 1269.627197265625 369.5907897949219],0.48167359828948975,,0
2025-09-01 17:41:41,0,142,2,[1477.4661967460795 97.69798222650564 1721.106335368567 360.4643609263487],[1553.321044921875 297.5422058105469 1644.366943359375 343.4397888183594],0.1947655826807022,,0
2025-09-01 17:41:41,0,143,1,[1128.9387843987372 60.81602916429068 1399.111598685365 371.38965590169965],[1189.670654296875 329.5592956542969 1269.7269287109375 369.6578369140625],0.48858147859573364,,0
2025-09-01 17:41:41,0,143,2,[1477.0017574034214 97.64500722753056 1720.3742791719064 360.4726059525807],[1553.281494140625 297.52752685546875 1644.700927734375 343.38116455078125],0.1768311858177185,,0
2025-09-01 17:41:41,0,144,1,[1129.0345581162546 60.53537749747767 1399.0777243117918 371.20682921658],[1189.6041259765625 329.62530517578125 1269.7655029296875 369.68585205078125],0.48824694752693176,,0
2025-09-01 17:41:41,0,144,2,[1477.1497405915584 97.86630678156692 1720.5643255986192 360.9263327906433],[1553.2349853515625 297.36865234375 1644.8177490234375 343.44970703125],0.199285089969635,,0
2025-09-01 17:41:58,0,1,3,[0.2471923828125 780.2532348632812 230.24131774902344 1070.6357421875],[94.9339599609375 981.9403076171875 153.22747802734375 1041.107666015625],0.3602129817008972,,0
2025-09-01 17:41:58,0,1,3,[0.2471923828125 780.2532348632812 230.24131774902344 1070.6357421875],[91.35740661621094 971.6279296875 145.7383270263672 1042.4681396484375],0.1511807143688202,,0
2025-09-01 17:41:59,1,1,17,[365.3567199707031 68.76031494140625 627.1983032226562 299.1279602050781],[488.30401611328125 184.0953369140625 546.0296630859375 223.21380615234375],0.2348308265209198,,0
2025-09-01 17:42:08,0,2,3,[0.25121673007704715 780.3137826181335 230.18250456309914 1070.625726494369],[95.00635528564453 982.3477172851562 153.2621612548828 1041.061767578125],0.3599086105823517,,0
2025-09-01 17:42:08,1,2,17,[365.3803578558151 68.7642646745294 627.1732006401031 299.08011532051415],[488.1936950683594 184.0931396484375 546.0396118164062 223.2271728515625],0.2396278828382492,,0
2025-09-01 17:42:08,0,3,3,[0.2676545536697006 780.2974762720644 230.18311847373195 1070.544769269303],[95.23063659667969 982.8934936523438 153.15716552734375 1041.046630859375],0.35636594891548157,,0
2025-09-01 17:42:08,1,3,17,[365.37927040386376 68.73074499345074 627.1991897342442 299.0437053947766],[488.0995788574219 184.0648651123047 546.052978515625 223.2512664794922],0.23970858752727509,,0
2025-09-01 17:42:09,0,4,3,[0.2608910230914461 780.3649260118498 230.12526954000896 1070.5094214973494],[95.15311431884766 982.5240478515625 153.0592803955078 1040.9654541015625],0.35424020886421204,,0
2025-09-01 17:42:09,1,4,17,[365.3096493319293 68.72087454104515 627.1961976253203 299.06186959860264],[488.13299560546875 184.0794219970703 546.05517578125 223.2428436279297],0.23916830122470856,,0
2025-09-01 17:42:09,0,5,3,[0.23683609268333328 780.4183047094898 230.03243623091169 1070.4998937991904],[95.15892791748047 982.3502807617188 153.1676483154297 1041.021484375],0.35273876786231995,,0
2025-09-01 17:42:09,1,5,17,[365.26949639348305 68.69157496194138 627.1948250700577 299.0654426281635],[488.0929870605469 184.08009338378906 546.077880859375 223.2433319091797],0.2420951873064041,,0
2025-09-01 17:42:09,0,6,3,[0.23759854739522268 780.4584745230377 229.99986047139203 1070.4953761550316],[95.16425323486328 982.4360961914062 153.13023376464844 1041.0616455078125],0.3468252420425415,,0
2025-09-01 17:42:10,1,6,17,[365.3005719103733 68.70346704889869 627.1958483544586 298.9930331674665],[488.1574401855469 184.04823303222656 546.06982421875 223.2501983642578],0.23515890538692474,,0
2025-09-01 17:42:10,0,7,3,[0.2528846208364399 780.4845288209334 229.98775407193375 1070.4686726290965],[95.08047485351562 982.4210815429688 153.0033721923828 1041.075927734375],0.34881147742271423,,0
2025-09-01 17:42:10,1,7,17,[365.3507054693223 68.68330896434361 627.2217845705156 298.9354426958216],[488.1821594238281 184.0509796142578 546.0875244140625 223.26173400878906],0.23337075114250183,,0
2025-09-01 17:42:10,0,8,3,[0.26109475648205205 780.5669768225447 229.96022372335273 1070.4663380384084],[94.98588562011719 982.281982421875 153.04400634765625 1041.2222900390625],0.3490754961967468,,0
2025-09-01 17:42:10,1,8,17,[365.38081787344095 68.74176127028942 627.2086029909244 298.9277455109901],[488.155517578125 184.04946899414062 546.0866088867188 223.26832580566406],0.23384591937065125,,0
2025-09-01 17:42:10,0,9,3,[0.2694849833633839 780.6251169118394 229.94933716288253 1070.4595328545613],[95.07421875 982.576171875 152.9365234375 1041.031494140625],0.34517014026641846,,0
2025-09-01 17:42:10,1,9,17,[365.4827050273368 68.76372701825757 627.2193638263611 298.90060738609776],[488.2184143066406 184.09849548339844 546.0533447265625 223.2246551513672],0.238986998796463,,0
2025-09-01 17:42:11,0,10,3,[0.2715592123891497 780.6817979831144 229.94067867257962 1070.4708217549667],[95.06637573242188 982.686767578125 152.94276428222656 1041.047607421875],0.34865283966064453,,0
2025-09-01 17:42:11,1,10,17,[365.56500107546924 68.59071401361419 627.2192823359748 298.800687012361],[488.10919189453125 184.0440216064453 546.0393676757812 223.2634735107422],0.23659934103488922,,0
2025-09-01 17:42:11,0,11,3,[0.27006698623696934 780.7092917832631 229.93642605436676 1070.467716300508],[95.07789611816406 982.6942749023438 152.9113006591797 1041.018798828125],0.35077768564224243,,0
2025-09-01 17:42:11,1,11,17,[365.7071291015658 68.51626712937345 627.2613161809147 298.79953922910977],[488.08740234375 184.03472900390625 546.047607421875 223.267822265625],0.24023494124412537,,0
2025-09-01 17:42:12,0,12,3,[0.26558748433997437 780.6738257461585 229.93910706808276 1070.440036083857],[94.89352416992188 982.1229858398438 153.1649169921875 1041.1326904296875],0.35193395614624023,,0
2025-09-01 17:42:12,1,12,17,[365.73732150505145 68.53548677231059 627.220382587223 298.835175764382],[488.0668029785156 184.0708465576172 545.9982299804688 223.2682342529297],0.24162419140338898,,0
2025-09-01 17:42:12,0,13,3,[0.270934410270641 780.6341832540506 229.95415703458514 1070.4285644828099],[94.9541244506836 982.3928833007812 153.14378356933594 1041.17626953125],0.3546840250492096,,0
2025-09-01 17:42:12,1,13,17,[365.6861188991203 68.46992674102792 627.1573411153304 298.80095128498357],[487.9739685058594 184.04351806640625 546.0176391601562 223.30892944335938],0.24305866658687592,,0
2025-09-01 17:42:12,0,14,3,[0.2625348259043392 780.6691071920781 229.93866865329494 1070.4723224698396],[95.0387191772461 982.5195922851562 153.22752380371094 1041.1854248046875],0.35214653611183167,,0
2025-09-01 17:42:13,1,14,17,[365.567353915735 68.35920084562491 627.0871973251494 298.75925129439133],[487.83343505859375 184.02220153808594 546.029296875 223.32821655273438],0.24875512719154358,,0
2025-09-01 17:42:13,0,15,3,[0.2435963009714328 780.6626077312193 229.8961531435188 1070.477463191352],[95.10067749023438 982.5787963867188 153.125244140625 1041.1669921875],0.3478049635887146,,0
2025-09-01 17:42:13,1,15,17,[365.57849555278074 68.40893491375958 627.1074908875507 298.814394554416],[487.77978515625 184.05056762695312 546.0148315429688 223.33460998535156],0.24735437333583832,,0
2025-09-01 17:42:13,0,16,3,[0.23766519795746888 780.705593373968 229.87157371174942 1070.4863171252025],[95.10493469238281 982.682373046875 153.15171813964844 1041.22021484375],0.3537658751010895,,0
2025-09-01 17:42:13,1,16,17,[365.51541449170134 68.35669998271258 627.0961532703872 298.81390040537303],[487.89453125 184.1342010498047 545.9954223632812 223.29638671875],0.24870379269123077,,0
2025-09-01 17:42:14,0,17,3,[0.25543752107388684 780.6806642637393 229.88812808477547 1070.4447753655647],[95.14674377441406 982.7114868164062 153.12310791015625 1041.177978515625],0.34879088401794434,,0
2025-09-01 17:42:14,1,17,17,[365.3351932821909 68.41192240448444 627.0505329017287 298.8608241652921],[487.957763671875 184.12696838378906 546.0362548828125 223.2957000732422],0.24534253776073456,,0
2025-09-01 17:42:14,0,18,3,[0.24843193695016907 780.7235294651242 229.87499026600338 1070.4657714319833],[95.12123107910156 982.6096801757812 153.21913146972656 1041.1363525390625],0.343129426240921,,0
2025-09-01 17:42:14,1,18,17,[365.4216949332149 68.43551783995667 627.11838072133 298.9085559390058],[487.9427795410156 184.1429443359375 546.0059814453125 223.29689025878906],0.24758951365947723,,0
2025-09-01 17:42:14,0,19,3,[0.24463624719656707 780.7559287580309 229.86905317042408 1070.4755432858487],[95.03762817382812 982.3496704101562 153.33599853515625 1041.246826171875],0.3425380289554596,,0
2025-09-01 17:42:15,1,19,17,[365.4610864524851 68.47489615165429 627.1342654004063 298.94679855739605],[487.9693908691406 184.12911987304688 546.0169067382812 223.28805541992188],0.24772679805755615,,0
2025-09-01 17:42:15,0,20,3,[0.24956142718112062 780.6784934755619 229.8740020766263 1070.4144202762075],[95.17726135253906 982.5970458984375 153.204345703125 1041.0615234375],0.34193840622901917,,0
2025-09-01 17:42:15,1,20,17,[365.4647324863952 68.52318996675136 627.1450690757889 299.0065783933347],[487.9288330078125 184.12486267089844 546.0119018554688 223.3114471435547],0.24499627947807312,,0
2025-09-01 17:42:15,0,21,3,[0.258075050464214 780.6803412092927 229.88824715015292 1070.4136316537504],[95.09674072265625 982.4810180664062 153.24087524414062 1041.111328125],0.34469714760780334,,0
2025-09-01 17:42:15,1,21,17,[365.474684383424 68.54644775165124 627.1531109629708 299.02071905654327],[487.9212341308594 184.1348419189453 546.0243530273438 223.302978515625],0.246570885181427,,0
2025-09-01 17:42:15,0,22,3,[0.27147610811206846 780.725982306719 229.90700839900927 1070.4343045914118],[95.06472778320312 982.4694213867188 153.40415954589844 1041.1810302734375],0.3419394791126251,,0
2025-09-01 17:42:15,1,22,17,[365.4645305452774 68.53671704167786 627.1646196291563 299.0176155841257],[487.8968811035156 184.08143615722656 546.004638671875 223.3127899169922],0.243194580078125,,0
2025-09-01 17:42:16,0,23,3,[0.2842933372215839 780.7459411502914 229.93866325041128 1070.4496857840393],[95.02863311767578 982.453857421875 153.49786376953125 1041.1944580078125],0.34119245409965515,,0
2025-09-01 17:42:16,1,23,17,[365.47799899756654 68.56225038989162 627.1918054118362 299.0249638857774],[487.9523620605469 184.1691436767578 545.9616088867188 223.2786407470703],0.2475806325674057,,0
2025-09-01 17:42:16,0,24,3,[0.2920119530157592 780.7857280085 229.96112282361813 1070.4535959131044],[95.10735321044922 982.67431640625 153.45016479492188 1041.35009765625],0.34310269355773926,,0
2025-09-01 17:42:16,1,24,17,[365.50046172771863 68.6242207705168 627.2339929793069 299.0604650267242],[487.9691467285156 184.2085418701172 545.9306030273438 223.28453063964844],0.2466057986021042,,0
2025-09-01 17:42:16,0,25,3,[0.2862138229040312 780.8604079259005 229.97028103688166 1070.477176780434],[95.15191650390625 982.7188110351562 153.33963012695312 1041.20703125],0.34763303399086,,0
2025-09-01 17:42:16,1,25,17,[365.49251601422327 68.60412576624066 627.2555416223088 299.0504123216619],[487.9119873046875 184.23419189453125 545.9476318359375 223.31068420410156],0.24725522100925446,,0
2025-09-01 17:42:16,0,26,3,[0.27408223750309446 780.9181105065685 229.96060734726615 1070.485340046875],[95.04251098632812 982.3037109375 153.47384643554688 1041.2388916015625],0.3520105183124542,,0
2025-09-01 17:42:16,1,26,17,[365.47714001049127 68.43325096185175 627.2694285411585 298.97247833839026],[487.88336181640625 184.19210815429688 545.9270629882812 223.3219757080078],0.24794162809848785,,0
2025-09-01 17:42:16,0,27,3,[0.2746853164710501 780.8665673704502 229.96120638061097 1070.4387871429137],[95.18900299072266 982.6239624023438 153.35702514648438 1041.0301513671875],0.35367462038993835,,0
2025-09-01 17:42:16,1,27,17,[365.40208371397614 67.93461489828042 627.5746082984192 298.86146560867036],[487.76715087890625 184.13836669921875 546.0099487304688 223.36312866210938],0.25154444575309753,,0
2025-09-01 17:42:17,0,28,3,[0.2699471059616769 780.8603421121943 229.94267514589393 1070.425222043561],[95.34931945800781 983.0108642578125 153.13499450683594 1040.8084716796875],0.3513149917125702,,0
2025-09-01 17:42:17,1,28,17,[365.3088231486613 67.69288382432552 627.7238308405199 298.9017062100756],[487.7417907714844 184.16587829589844 546.0093383789062 223.3345184326172],0.25450026988983154,,0
2025-09-01 17:42:17,0,29,3,[0.2792454698937519 780.8437513126431 229.94095539095588 1070.3914511302446],[95.26325225830078 982.7261352539062 153.20004272460938 1040.9849853515625],0.35410910844802856,,0
2025-09-01 17:42:17,1,29,17,[365.27821379506224 67.6896970017587 627.80958502153 298.99664221883455],[487.6904296875 184.1186065673828 546.0245361328125 223.3607177734375],0.25288426876068115,,0
2025-09-01 17:42:17,0,30,3,[0.288578464597137 780.9029505507422 229.94231121849703 1070.3948064202775],[95.41250610351562 983.0299682617188 153.1431121826172 1041.011962890625],0.3503645062446594,,0
2025-09-01 17:42:17,1,30,17,[365.2415349975921 67.91127313470459 627.5424249375995 299.0307491718256],[487.683837890625 184.0103759765625 545.9130249023438 223.34815979003906],0.2545185685157776,,0
2025-09-01 17:42:17,0,31,3,[0.28254476864069034 780.9319271131028 229.92727573294377 1070.3872511629377],[95.3133773803711 982.6320190429688 153.24984741210938 1041.153564453125],0.3455471694469452,,0
2025-09-01 17:42:17,1,31,17,[365.25011525852585 68.05845797369301 627.3426645395286 299.0122678247617],[487.5799255371094 184.03060913085938 545.8927612304688 223.35086059570312],0.2576102018356323,,0
2025-09-01 17:42:18,0,32,3,[0.2831639541085451 780.895710557155 229.93276751862896 1070.3460468659273],[95.3400650024414 982.9898071289062 153.26748657226562 1041.146240234375],0.35514014959335327,,0
2025-09-01 17:42:18,1,32,17,[365.2304209693971 68.07956409548233 627.1833014388063 298.9219921780832],[487.505859375 184.00827026367188 545.86083984375 223.38931274414062],0.25802990794181824,,0
2025-09-01 17:42:18,0,33,3,[0.2864218863213921 780.9296304791874 229.9311182067764 1070.3831520592864],[95.35086822509766 982.9449462890625 153.2854766845703 1041.1153564453125],0.3433688282966614,,0
2025-09-01 17:42:18,1,33,17,[365.26819737817186 67.79215226814789 627.5003741423736 298.809068577216],[487.3534240722656 184.0488739013672 545.928466796875 223.4417266845703],0.25507086515426636,,0
2025-09-01 17:42:18,0,34,3,[0.2779821928689046 780.916896409919 229.9208524131402 1070.3709533411627],[95.43040466308594 983.1406860351562 153.27691650390625 1040.98583984375],0.34617316722869873,,0
2025-09-01 17:42:18,1,34,17,[365.26021587470416 67.82534807601573 627.6468182131774 298.85932378105133],[487.41229248046875 184.0872344970703 545.852783203125 223.4297332763672],0.2474677413702011,,0
2025-09-01 17:42:18,0,35,3,[0.276312180953326 780.8618031933032 229.91970728770826 1070.3452955087573],[95.38139343261719 983.1157836914062 153.29705810546875 1040.9788818359375],0.34265464544296265,,0
2025-09-01 17:42:19,1,35,17,[365.2228379043412 67.88893482840119 627.7603657995946 298.9083342513183],[487.55084228515625 184.0920867919922 545.8580322265625 223.41188049316406],0.2507249712944031,,0
2025-09-01 17:42:19,0,36,3,[0.450557819867754 779.770519382582 230.2210256922898 1069.9164921880895],[95.4275894165039 983.2542114257812 153.2274169921875 1040.8756103515625],0.3414085805416107,,0
2025-09-01 17:42:19,1,36,17,[365.1051868010577 68.06845361478781 627.8379883869918 299.11714291344134],[487.4596252441406 184.10586547851562 545.9118041992188 223.4359588623047],0.24974696338176727,,0
2025-09-01 17:42:20,0,37,3,[0.49334406273742104 779.1781700729857 230.3537323608411 1069.8630349304444],[95.37305450439453 983.1967163085938 153.30654907226562 1040.9796142578125],0.3386895954608917,,0
2025-09-01 17:42:20,1,37,17,[365.0260232389164 68.14117596499355 627.8787824001223 299.2323660300018],[487.5784606933594 184.17196655273438 545.8570556640625 223.41064453125],0.24849803745746613,,0
2025-09-01 17:42:20,0,38,3,[0.5055045468228201 778.875725028689 230.44450386435096 1069.9308040512253],[95.24712371826172 982.8744506835938 153.4560089111328 1041.2630615234375],0.3405500650405884,,0
2025-09-01 17:42:21,1,38,22,[1308.8870752781456 442.89991755181006 1914.7952252443235 963.7350165847507],[1773.3826904296875 769.0811157226562 1896.7115478515625 828.3302001953125],0.7216535806655884,,0
2025-09-01 17:42:21,1,38,17,[365.05404676618514 68.0949236678444 627.8857193007042 299.25725743606796],[487.547607421875 184.13233947753906 545.8716430664062 223.39633178710938],0.25433656573295593,,0
2025-09-01 17:42:21,0,39,3,[0.3175121808416179 779.7945090117973 230.18665312020528 1070.4939494503108],[95.10862731933594 982.5042114257812 153.40045166015625 1041.3524169921875],0.35464605689048767,,0
2025-09-01 17:42:21,1,39,22,[1297.7281171585244 433.43300948339606 1914.2864736617069 949.8164012664108],[1758.22998046875 757.0292358398438 1881.6650390625 813.7959594726562],0.7171856164932251,,0
2025-09-01 17:42:21,1,39,17,[365.10869843281546 68.5538241910844 627.5917440121353 299.42355597662026],[487.5487060546875 184.04937744140625 545.9000854492188 223.40318298339844],0.25396668910980225,,0
2025-09-01 17:42:21,0,40,3,[0.2538846898565339 780.1697562051311 230.06673152560032 1070.612386081361],[95.02044677734375 982.3335571289062 153.6605682373047 1041.6494140625],0.35156887769699097,,0
2025-09-01 17:42:22,1,40,22,[1288.3061028173456 424.5334325331698 1914.8594606463112 936.0161531670765],[1744.8050537109375 742.6995849609375 1865.8846435546875 801.7803955078125],0.7209848761558533,,0
2025-09-01 17:42:22,1,40,17,[365.12483633919214 68.39652055375146 627.7485494100811 299.31720378353555],[487.5612487792969 184.0345458984375 545.904296875 223.38656616210938],0.25209444761276245,,0
2025-09-01 17:42:22,0,41,3,[0.24098750554111348 780.4095829951106 230.02306204083786 1070.643611216347],[95.1269760131836 982.7810668945312 153.61328125 1041.4439697265625],0.3534095585346222,,0
2025-09-01 17:42:22,1,41,22,[1280.2795618420607 415.0808342246824 1915.4981891968544 921.0699798369674],[1728.032958984375 731.6058349609375 1852.66552734375 787.676025390625],0.7117553949356079,,0
2025-09-01 17:42:22,1,41,17,[365.1797147460733 68.40682417906909 627.8331387865012 299.2447887613916],[487.7688903808594 184.0611572265625 545.8074340820312 223.35646057128906],0.25362029671669006,,0
2025-09-01 17:42:22,0,42,3,[0.24698336499510276 780.5371151808795 229.99956522530152 1070.6293419347564],[94.83213806152344 981.9966430664062 153.94297790527344 1041.8607177734375],0.3578379154205322,,0
2025-09-01 17:42:22,1,42,22,[1269.2058536500488 406.47744375723823 1914.69447907671 907.2803145846244],[1712.9732666015625 718.1657104492188 1831.1063232421875 773.6712036132812],0.7248356938362122,,0
2025-09-01 17:42:22,1,42,17,[365.32447125854196 68.81827276536298 627.6124610580785 299.3591725197146],[487.798828125 184.06243896484375 545.76416015625 223.33425903320312],0.2565240263938904,,0
2025-09-01 17:42:23,0,43,3,[0.25278267548242184 780.5813658185784 229.9853532746046 1070.5750295744767],[95.01519775390625 982.618896484375 153.69369506835938 1041.6573486328125],0.36794161796569824,,0
2025-09-01 17:42:23,1,43,22,[1258.5883905833848 398.2433684812785 1911.2688756837074 892.6261349409612],[1697.7403564453125 705.2662353515625 1817.2430419921875 762.7289428710938],0.7442671656608582,,0
2025-09-01 17:42:23,1,43,17,[365.2400257979405 68.96237001593967 627.300510795948 299.2757517045099],[487.6687316894531 184.13951110839844 545.8092651367188 223.33790588378906],0.25776925683021545,,0
2025-09-01 17:42:23,0,44,3,[0.25499168865262334 780.6748995196947 229.9612857305978 1070.5454757892735],[94.93952178955078 982.423828125 153.86770629882812 1041.903076171875],0.36400869488716125,,0
2025-09-01 17:42:23,1,44,22,[1246.5921265054462 390.7758473416237 1903.3552038962885 879.7510923379217],[1679.227294921875 690.9939575195312 1802.689453125 753.5863647460938],0.7085990905761719,,0
2025-09-01 17:42:23,1,44,17,[365.4308267358802 69.07090596207375 627.2204900037691 299.20513262830366],[487.6276550292969 184.1051788330078 545.904052734375 223.39137268066406],0.2643105089664459,,0
2025-09-01 17:42:24,0,45,3,[0.259649414611971 780.6905650489646 229.9549481451717 1070.5045715761732],[94.97246551513672 982.2308349609375 154.0330352783203 1041.9334716796875],0.36972546577453613,,0
2025-09-01 17:42:24,1,45,17,[365.6570762694728 69.18091221962128 627.2989444654206 299.15677907682476],[487.6515197753906 184.1439971923828 545.861083984375 223.37530517578125],0.2620098888874054,,0
2025-09-01 17:42:24,0,46,3,[0.26262174596514853 780.6949179568317 229.955225802345 1070.476061834378],[94.97613525390625 982.179931640625 153.97216796875 1042.00244140625],0.37340623140335083,,0
2025-09-01 17:42:24,1,46,17,[365.6781162433424 69.3641683101707 627.2390008742227 299.15572903883594],[487.5689392089844 184.16551208496094 545.8316040039062 223.39320373535156],0.2654334008693695,,0
2025-09-01 17:42:24,0,47,3,[0.25481430410944483 780.6860886913355 229.9461890724316 1070.4551074025078],[94.91326904296875 982.0808715820312 154.06919860839844 1042.0760498046875],0.37328845262527466,,0
2025-09-01 17:42:25,1,47,88,[1218.0685241762042 375.9976622296309 1847.1248923958426 828.0313531334167],[1636.102783203125 658.030029296875 1757.4010009765625 711.2853393554688],0.7073500156402588,,0
2025-09-01 17:42:25,1,47,17,[365.7072574445265 69.32262022402797 627.2111401941867 299.03821913634897],[487.7240295410156 184.17100524902344 545.8352661132812 223.35928344726562],0.2600405514240265,,0
2025-09-01 17:42:25,0,48,3,[0.25252436712393944 780.6831089643358 229.94066678142866 1070.4368980228442],[94.90310668945312 982.09716796875 154.09121704101562 1042.0894775390625],0.3675996661186218,,0
2025-09-01 17:42:25,1,48,88,[1208.3967750546256 368.0803465841907 1830.577649565643 814.9826821026929],[1618.9068603515625 644.7420043945312 1739.6795654296875 702.6694946289062],0.710595965385437,,0
2025-09-01 17:42:25,1,48,17,[365.66069473553097 68.76562582902878 627.495176062251 298.8264520187204],[487.6006164550781 184.1780548095703 545.8093872070312 223.35845947265625],0.26373279094696045,,0
2025-09-01 17:42:25,0,49,3,[0.2513604891168768 780.7256338595604 229.9260770424772 1070.4489352952967],[94.68151092529297 981.6427001953125 154.3875274658203 1042.1595458984375],0.3739488422870636,,0
2025-09-01 17:42:25,1,49,88,[1199.3908847455245 360.74858741867126 1814.2631111397336 802.1576239487016],[1606.3846435546875 631.7378540039062 1721.3800048828125 689.0253295898438],0.7157365083694458,,0
2025-09-01 17:42:25,1,49,17,[365.50509089497416 68.38771834628274 627.6429952453894 298.77043039363184],[487.6974792480469 184.13540649414062 545.905029296875 223.37559509277344],0.26592162251472473,,0
2025-09-01 17:42:26,0,50,3,[0.432294603496544 779.6311554513586 230.21646735242206 1069.9644941026297],[94.70684814453125 981.7747192382812 154.32562255859375 1042.09912109375],0.3748356103897095,,0
2025-09-01 17:42:26,1,50,88,[1190.4244232633582 352.19062316581665 1798.03272891378 785.6097783005572],[1588.47216796875 619.4613647460938 1705.7003173828125 677.6641845703125],0.7181122303009033,,0
2025-09-01 17:42:26,1,50,17,[365.38102678039866 68.40954689024689 627.7394748916473 298.9219239637525],[487.7479248046875 184.1440887451172 545.8899536132812 223.36317443847656],0.26271435618400574,,0
2025-09-01 17:42:26,0,51,3,[0.5338060141147594 778.8160217135822 230.4358764172219 1069.7885398454482],[97.0392837524414 979.2103271484375 151.32437133789062 1040.589111328125],0.15965822339057922,,0
2025-09-01 17:42:26,1,51,88,[1181.139858709833 344.7080612298613 1782.2493510391894 772.9963056151477],[1576.248779296875 608.1751708984375 1691.390625 663.8174438476562],0.699472963809967,,0
2025-09-01 17:42:26,1,51,17,[365.2416772168174 67.57708059584085 627.6995424663357 298.9033171115544],[484.6213073730469 184.98312377929688 546.8562622070312 223.7486572265625],0.21793946623802185,,0
2025-09-01 17:42:26,1,52,88,[1179.01043332315 343.0516480783109 1776.5293277050644 768.4537971517408],[1576.2410888671875 608.1436767578125 1691.4100341796875 663.81396484375],0.6991425156593323,,0
2025-09-01 17:42:26,1,52,17,[365.21461239568487 67.0302322515091 627.7395976284931 299.01033093327436],[484.55145263671875 185.0423126220703 546.911865234375 223.75534057617188],0.22046050429344177,,0
2025-09-01 17:42:27,1,53,88,[1179.0953969269847 343.12179548847894 1774.7082608299595 766.9388264721545],[1576.196533203125 608.0143432617188 1691.454833984375 663.9195556640625],0.698398768901825,,0
2025-09-01 17:42:27,1,53,17,[365.24351265075836 67.10402099295963 627.771830103511 299.33721030208807],[484.48663330078125 185.11839294433594 547.0119018554688 223.79978942871094],0.2189067006111145,,0
2025-09-01 17:42:27,0,54,3,[0.5200061676084999 777.7964047802708 230.69315270682523 1069.8640196035044],[96.07676696777344 979.0433349609375 152.4622344970703 1043.54931640625],0.16187551617622375,,0
2025-09-01 17:42:27,1,54,88,[1180.1055554086881 344.4024706043929 1775.2303195053503 767.1939072631812],[1575.24755859375 609.9393920898438 1693.259765625 665.8958740234375],0.7309788465499878,,0
2025-09-01 17:42:28,0,55,3,[-0.5352483623388622 779.4879452467014 227.98551810129186 1071.803606330213],[90.6028060913086 980.9016723632812 150.85791015625 1047.65478515625],0.2009129673242569,,0
2025-09-01 17:42:28,1,55,88,[1180.7734315317339 345.38421907597643 1775.8861331990802 767.6395040612911],[1575.1356201171875 609.6851806640625 1693.3243408203125 666.0119018554688],0.7301669716835022,,0
2025-09-01 17:42:28,0,56,3,[-0.6521714830847856 780.1669571739864 226.65649975578935 1072.642319672218],[90.93470764160156 977.5191650390625 151.21453857421875 1044.756591796875],0.19983617961406708,,0
2025-09-01 17:42:28,1,56,88,[1181.208757990782 346.0848805473105 1776.5778526319764 768.2374719213857],[1575.111328125 609.7326049804688 1693.2392578125 665.9044189453125],0.7300174236297607,,0
2025-09-01 17:42:28,0,57,3,[-0.416921933705936 780.2749302945422 226.10832390190436 1072.9391638315026],[91.50626373291016 978.9393310546875 150.70806884765625 1044.375],0.16341832280158997,,0
2025-09-01 17:42:28,1,57,88,[1181.4802562123682 346.3991893949949 1777.229230421024 768.5962867458741],[1575.138427734375 609.781005859375 1693.23046875 665.9022827148438],0.7291549444198608,,0
2025-09-01 17:42:28,1,58,88,[1181.6745023011676 346.55656904693615 1777.8884632430968 768.9426862546127],[1573.991455078125 606.439453125 1685.879150390625 662.4603881835938],0.688708484172821,,0
2025-09-01 17:42:29,1,59,88,[1181.7884027835985 346.7181803125961 1778.4799232016103 769.3691921275722],[1574.1527099609375 606.6608276367188 1685.7503662109375 662.4523315429688],0.6867084503173828,,0
2025-09-01 17:42:29,1,60,88,[1181.843368567833 346.811486605527 1779.0028827861745 769.7131986128006],[1574.0826416015625 606.6168823242188 1685.7132568359375 662.4930419921875],0.686920166015625,,0
2025-09-01 17:42:29,1,61,88,[1181.8691326099474 346.8745997527036 1779.4688169113274 770.0201615933241],[1574.063232421875 606.60107421875 1685.715087890625 662.514404296875],0.6879318356513977,,0
2025-09-01 17:42:29,1,62,88,[1181.8947306931698 346.92908024100404 1779.9075011210723 770.290484375192],[1573.9940185546875 606.6212768554688 1685.6898193359375 662.5071411132812],0.6881498694419861,,0
2025-09-01 17:42:29,1,63,88,[1181.909232905921 346.9667020668325 1780.3063977074573 770.528642666158],[1573.9727783203125 606.6073608398438 1685.7000732421875 662.501953125],0.6870055198669434,,0
2025-09-01 17:42:29,1,64,88,[1181.9046820490926 346.98704959243764 1780.6693120109167 770.7527280898082],[1573.956298828125 606.516845703125 1685.7275390625 662.5193481445312],0.6858487725257874,,0
2025-09-01 17:42:29,1,65,88,[1181.9054640864426 346.9937874955356 1780.982410664558 770.9305696489673],[1573.868408203125 606.4339599609375 1685.8494873046875 662.4360961914062],0.6856272220611572,,0
2025-09-01 17:42:30,1,66,88,[1181.8975329411069 347.0722748844105 1781.2786414768357 771.2431704009348],[1573.866943359375 606.4742431640625 1685.8494873046875 662.4282836914062],0.6869706511497498,,0
2025-09-01 17:42:30,1,67,88,[1181.8825312967926 347.1126623548307 1781.5428082147048 771.4885171698782],[1573.8702392578125 606.48046875 1685.8472900390625 662.421875],0.6870060563087463,,0
2025-09-01 17:42:30,1,68,88,[1181.868772688681 347.1286532082087 1781.777292614352 771.6692840000882],[1573.8416748046875 606.564208984375 1685.8472900390625 662.43896484375],0.688200831413269,,0
2025-09-01 17:42:30,1,69,88,[1181.8385923189255 347.1643808837093 1781.989530198228 771.930174237322],[1573.8350830078125 606.5032958984375 1685.8209228515625 662.443115234375],0.688058614730835,,0
2025-09-01 17:42:30,1,70,88,[1181.8276400661034 347.1590163757461 1782.186128763145 772.123671641847],[1573.76123046875 606.3106689453125 1685.8865966796875 662.5383911132812],0.6876562237739563,,0
2025-09-01 17:42:31,1,71,88,[1181.799683890138 347.1558378112486 1782.3551615506171 772.3140383777295],[1573.8070068359375 606.346435546875 1685.922119140625 662.4962768554688],0.6889086961746216,,0
2025-09-01 17:42:31,0,60,3,[0.9675646869808077 779.1420907451811 227.71508979515283 1071.068097381902],[95.04043579101562 981.9688110351562 152.5374298095703 1041.1268310546875],0.3244044780731201,,0
2025-09-01 17:42:31,0,60,3,[0.9675646869808077 779.1420907451811 227.71508979515283 1071.068097381902],[91.39881134033203 971.2377319335938 144.05650329589844 1041.1370849609375],0.1507856547832489,,0
2025-09-01 17:42:31,1,72,88,[1181.7708531934118 347.1519862064848 1782.5109319649555 772.4729297749606],[1573.8131103515625 606.3021240234375 1685.9329833984375 662.5277709960938],0.6895527243614197,,0
2025-09-01 17:42:31,0,61,3,[1.0276411371837781 779.8466364107225 228.58339971332117 1071.2542940149228],[95.13160705566406 982.1019287109375 152.7693328857422 1041.265869140625],0.3232079744338989,,0
2025-09-01 17:42:31,1,73,88,[1181.7565277023366 347.1046350336919 1782.6617647297496 772.5498059456952],[1573.5748291015625 606.2078857421875 1685.95068359375 662.576171875],0.6901962757110596,,0
2025-09-01 17:42:31,0,62,3,[0.8896045209008605 780.2055972177216 229.0173671340412 1071.2254805119114],[94.90258026123047 982.1209716796875 152.97520446777344 1041.472412109375],0.3345384895801544,,0
2025-09-01 17:42:31,0,62,3,[0.8896045209008605 780.2055972177216 229.0173671340412 1071.2254805119114],[91.18418884277344 971.5865478515625 144.6123504638672 1041.8924560546875],0.15093348920345306,,0
2025-09-01 17:42:31,1,74,88,[1181.7461446929929 347.0920810470716 1782.8070456372807 772.6831020481407],[1573.628662109375 606.2478637695312 1685.9136962890625 662.5604858398438],0.6892974376678467,,0
2025-09-01 17:42:32,0,63,122,[811.1493404065347 120.61710824647416 1032.4315832306281 279.2098689958231],[874.8623657226562 225.28433227539062 936.1137084960938 260.42266845703125],0.4065476357936859,,0
2025-09-01 17:42:32,0,63,3,[0.7483505209980592 780.3632081330162 229.29125619568293 1071.127813777875],[94.92899322509766 982.1090698242188 152.56008911132812 1041.2684326171875],0.3362635672092438,,0
2025-09-01 17:42:32,0,63,3,[0.7483505209980592 780.3632081330162 229.29125619568293 1071.127813777875],[91.24481201171875 971.5471801757812 144.28744506835938 1041.720458984375],0.15181365609169006,,0
2025-09-01 17:42:32,1,75,88,[1181.7420228205021 347.0251181321097 1782.9417843241793 772.7043709248409],[1573.6893310546875 606.4105224609375 1685.9798583984375 662.5178833007812],0.6883092522621155,,0
2025-09-01 17:42:32,0,64,3,[0.6101126720225523 780.4914981800719 229.43872227622703 1071.0694187742063],[94.97078704833984 982.1182250976562 152.64048767089844 1041.2535400390625],0.3330719769001007,,0
2025-09-01 17:42:32,0,64,3,[0.6101126720225523 780.4914981800719 229.43872227622703 1071.0694187742063],[91.2604751586914 971.62890625 144.3761444091797 1041.665771484375],0.150111123919487,,0
2025-09-01 17:42:32,1,76,88,[1181.722179493162 347.0038538940156 1783.0512336645402 772.7651871238876],[1573.6805419921875 606.4281616210938 1686.0040283203125 662.5274047851562],0.6888021230697632,,0
2025-09-01 17:42:32,0,65,3,[0.4947231366141267 780.5695207298361 229.51249949042858 1071.028539225594],[95.0040512084961 981.8382568359375 152.72930908203125 1041.1103515625],0.33985134959220886,,0
2025-09-01 17:42:33,1,77,88,[1181.7189527563717 347.00652690217345 1783.1870941437048 772.8503164029273],[1573.9654541015625 606.3592529296875 1686.0479736328125 663.5282592773438],0.6919028759002686,,0
2025-09-01 17:42:33,0,66,3,[0.45626017982212375 780.6420666088501 229.67944206924543 1070.9955337795825],[94.93314361572266 981.4609375 152.87457275390625 1041.3900146484375],0.3321622908115387,,0
2025-09-01 17:42:33,1,78,88,[1181.6960356826758 347.00096248807847 1783.2885313721026 772.9171525542284],[1573.9002685546875 606.35302734375 1686.1263427734375 663.5572509765625],0.6917361617088318,,0
2025-09-01 17:42:33,0,67,3,[0.6029538313100744 779.5530552356968 230.0547617789507 1070.486794127577],[94.90227508544922 981.6353759765625 152.63401794433594 1041.2603759765625],0.33253538608551025,,0
2025-09-01 17:42:33,1,79,88,[1181.675145334261 346.9799837302355 1783.3773750501825 772.9629765588074],[1573.808349609375 606.4772338867188 1686.1629638671875 663.5447998046875],0.6899278163909912,,0
2025-09-01 17:42:33,0,68,3,[0.6276392863756683 779.0397253761843 230.25650349266618 1070.3675528633746],[94.8306655883789 981.69873046875 152.59910583496094 1041.2113037109375],0.3351149559020996,,0
2025-09-01 17:42:33,0,68,3,[0.6276392863756683 779.0397253761843 230.25650349266618 1070.3675528633746],[91.23442840576172 971.3677368164062 144.2972412109375 1041.4674072265625],0.15369455516338348,,0
2025-09-01 17:42:33,1,80,17,[363.6071202300931 66.13998659793276 630.4389297026765 300.22408588808713],[493.0577087402344 182.1577606201172 547.8966674804688 222.67112731933594],0.23657119274139404,,0
2025-09-01 17:42:34,0,69,3,[0.39766829687646066 779.8761872672624 230.0580867469008 1070.89600065927],[94.67229461669922 981.1126098632812 152.71005249023438 1041.5010986328125],0.3349531292915344,,0
2025-09-01 17:42:34,0,69,122,[814.4974603408998 115.84524809960594 1039.6943600379782 273.6717163373098],[878.6046752929688 224.3565673828125 935.9686889648438 256.0390319824219],0.266269326210022,,0
2025-09-01 17:42:34,1,81,17,[363.274236999817 66.09924462100533 629.3474082502289 299.8993896281567],[493.9963073730469 182.55780029296875 547.891357421875 222.76904296875],0.23287241160869598,,0
2025-09-01 17:42:34,0,70,122,[815.1263880903218 115.41516690263285 1040.441220763045 272.71455603531],[880.55419921875 223.24676513671875 936.595458984375 256.0838928222656],0.36758458614349365,,0
2025-09-01 17:42:34,0,70,3,[0.3106414512300262 780.1663440553913 229.99482030456477 1070.9892940559994],[94.79718017578125 981.4070434570312 152.59474182128906 1041.353515625],0.33439263701438904,,0
2025-09-01 17:42:34,1,82,17,[363.30291640564786 66.14495819882313 628.8393225240652 299.7802881047136],[494.53070068359375 182.49659729003906 548.02294921875 222.72386169433594],0.22318024933338165,,0
2025-09-01 17:42:35,0,71,122,[817.0204623896143 114.31624377980428 1041.6019290093793 271.124706222986],[878.4979248046875 224.63145446777344 933.056396484375 254.9879608154297],0.41552847623825073,,0
2025-09-01 17:42:35,0,71,3,[0.2769888512156342 780.3315133109824 229.98992815956422 1070.9908580549557],[94.75515747070312 981.202880859375 152.6387939453125 1041.50390625],0.33350491523742676,,0
2025-09-01 17:42:35,1,83,17,[363.4363215784482 66.13055024710117 628.6218656197832 299.6628641827404],[494.7561950683594 182.7051544189453 547.961669921875 222.7646942138672],0.22795848548412323,,0
2025-09-01 17:42:35,0,72,3,[0.25466404745388616 780.4299230004037 229.9846846184975 1070.9662835902966],[94.7329330444336 981.2138671875 152.7579345703125 1041.6265869140625],0.33468836545944214,,0
2025-09-01 17:42:35,0,72,122,[818.6619218832816 113.63739593052141 1042.1929493444143 269.456214172326],[882.187744140625 225.28079223632812 931.6432495117188 253.93959045410156],0.1916421502828598,,0
2025-09-01 17:42:36,1,84,17,[363.54563813472464 66.13399729579474 628.4655139777195 299.603702006141],[494.78082275390625 182.72708129882812 548.0919799804688 222.78341674804688],0.23036664724349976,,0
2025-09-01 17:42:36,0,73,3,[0.24691948375610195 780.5198327851493 229.9970394493659 1070.9456782040736],[94.75603485107422 981.2501220703125 152.68215942382812 1041.383056640625],0.33506670594215393,,0
2025-09-01 17:42:36,1,85,17,[363.63262601773647 66.16405888809733 628.3835326205383 299.59344184804195],[495.1627197265625 182.68418884277344 548.2340087890625 222.75279235839844],0.23318661749362946,,0
2025-09-01 17:42:36,0,74,3,[0.24678318658929754 780.571553610049 230.0246382421924 1070.930686393283],[94.66331481933594 980.9168701171875 152.75393676757812 1041.5064697265625],0.3285531997680664,,0
2025-09-01 17:42:36,0,74,122,[819.8689657271963 112.04451013174815 1042.8972022678768 267.56391521279124],[882.387451171875 223.3546142578125 930.79541015625 252.3102264404297],0.2926260828971863,,0
2025-09-01 17:42:37,1,86,17,[363.6871991434118 66.19300098854517 628.2994129359971 299.58432024802147],[494.9690856933594 182.75978088378906 548.1846313476562 222.79515075683594],0.2280648946762085,,0
2025-09-01 17:42:37,0,75,122,[820.5683427947824 111.45368040096184 1043.5047952280308 265.73250243842045],[884.4662475585938 222.08409118652344 936.0232543945312 252.35316467285156],0.4533306360244751,,0
2025-09-01 17:42:37,0,75,3,[0.23327456889609266 780.5940618965857 230.02158821765505 1070.908039824671],[94.73284149169922 981.0254516601562 152.7354278564453 1041.430419921875],0.33079349994659424,,0
2025-09-01 17:42:37,0,75,122,[820.5683427947824 111.45368040096184 1043.5047952280308 265.73250243842045],[892.8598022460938 212.96969604492188 941.961181640625 249.46865844726562],0.15222050249576569,,0
2025-09-01 17:42:37,1,87,17,[363.71602052177593 66.1678668775171 628.234610719729 299.5620623698569],[494.98846435546875 182.72128295898438 548.232421875 222.79112243652344],0.22627082467079163,,0
2025-09-01 17:42:38,0,76,3,[0.2315508307570866 780.672399511105 230.03035269252678 1070.9293068907332],[94.81927490234375 981.0244140625 152.7234649658203 1041.28271484375],0.3315232992172241,,0
2025-09-01 17:42:38,0,76,122,[821.8448096084115 110.77743050041954 1044.8653735085563 264.1040999206983],[881.6343383789062 223.15225219726562 933.0492553710938 251.63504028320312],0.17369714379310608,,0
2025-09-01 17:42:38,1,88,17,[363.6954059627931 66.31402367712218 627.7584799704381 299.5662461394159],[494.7998962402344 182.73390197753906 548.1068115234375 222.81198120117188],0.22375068068504333,,0
2025-09-01 17:42:38,0,77,122,[823.9724552005563 110.4709127351112 1047.1068607139546 263.4855860782048],[892.049560546875 217.83010864257812 934.46337890625 249.6206512451172],0.36194291710853577,,0
2025-09-01 17:42:38,0,77,3,[0.2390928775820811 780.6815538848372 230.04793389531977 1070.8962903265315],[94.8498764038086 981.240478515625 152.71644592285156 1041.2325439453125],0.3402785360813141,,0
2025-09-01 17:42:38,0,77,122,[823.9724552005563 110.4709127351112 1047.1068607139546 263.4855860782048],[895.8191528320312 211.5331573486328 936.23291015625 247.78565979003906],0.1887560784816742,,0
2025-09-01 17:42:38,1,89,17,[363.7831967827175 66.40044216604734 627.4849613080587 299.5472573903499],[495.48779296875 182.7154083251953 548.1178588867188 222.7788848876953],0.21593965590000153,,0
2025-09-01 17:42:39,0,78,3,[0.23930517149189257 780.7477344784659 230.05802658551198 1070.9429801586107],[94.96735382080078 981.615966796875 152.56394958496094 1040.99853515625],0.33751893043518066,,0
2025-09-01 17:42:39,0,78,122,[824.8276084287304 111.13676505597175 1048.445228180772 264.41347478020907],[888.2686157226562 217.51473999023438 937.2918090820312 249.76162719726562],0.32217109203338623,,0
2025-09-01 17:42:39,1,90,17,[363.91491892437614 66.25147334619714 627.7399457351725 299.5085515042709],[495.4063415527344 182.76882934570312 548.1368408203125 222.772705078125],0.2164670079946518,,0
2025-09-01 17:42:39,0,79,3,[0.23688906788255792 780.7835844385237 230.06490060687202 1070.9571883458348],[94.79258728027344 981.3107299804688 152.53924560546875 1041.1220703125],0.3338814973831177,,0
2025-09-01 17:42:39,0,79,122,[825.0371144323399 110.68404417651978 1049.3206673176192 264.64262131370975],[881.341552734375 217.73776245117188 940.5791015625 250.803955078125],0.29375991225242615,,0
2025-09-01 17:42:39,1,91,17,[363.94532663799373 66.14435014126201 627.8638656191868 299.5069773097523],[495.6830749511719 182.7330780029297 548.33740234375 222.8086395263672],0.2139204889535904,,0
2025-09-01 17:42:39,0,80,3,[0.20485666521616963 780.8111934732559 229.99301517134552 1070.956146052688],[94.70327758789062 980.8375854492188 152.75526428222656 1041.20263671875],0.3316195607185364,,0
2025-09-01 17:42:39,0,80,122,[824.907999024035 110.13274581076652 1050.2972445961655 264.47296323951525],[881.54150390625 215.49472045898438 943.177001953125 249.05625915527344],0.17587316036224365,,0
2025-09-01 17:42:39,1,92,17,[363.95232721843263 66.10686760989083 627.935330201404 299.52725169791233],[495.5708312988281 182.7707061767578 548.3897705078125 222.8005828857422],0.2222510278224945,,0
2025-09-01 17:42:40,0,81,122,[825.7259689621334 109.90584413440448 1051.7270739153328 264.76079330434027],[881.2681884765625 215.41305541992188 944.7933349609375 249.2984619140625],0.43076226115226746,,0
2025-09-01 17:42:40,0,81,3,[0.19784130801831168 780.8565531681979 229.9531026909135 1070.9583465878047],[94.89180755615234 981.2215576171875 152.458740234375 1041.064453125],0.326580286026001,,0
2025-09-01 17:42:40,1,93,17,[363.9989557827926 66.20776766441449 627.9950092258835 299.60104835091283],[495.62982177734375 182.67494201660156 548.5180053710938 222.81614685058594],0.22415585815906525,,0
2025-09-01 17:42:40,0,82,122,[826.921173634962 109.19660194516331 1053.3893779528137 263.59304498242994],[881.7140502929688 212.9436492919922 944.9334106445312 249.5654754638672],0.5410105586051941,,0
2025-09-01 17:42:40,0,82,3,[0.19837636428529493 780.82463561081 229.93440047559432 1070.927695770034],[94.91444396972656 981.7774658203125 152.36874389648438 1041.07666015625],0.3396427035331726,,0
2025-09-01 17:42:40,1,94,17,[364.00973964690377 66.2213856767735 628.0183323121976 299.62735800286805],[495.77374267578125 182.71238708496094 548.5308227539062 222.8185272216797],0.21758419275283813,,0
2025-09-01 17:42:40,0,83,122,[828.1407162855115 109.05573891626038 1055.0767165178097 262.7285703969863],[883.0573120117188 214.32199096679688 943.7886352539062 249.32452392578125],0.48635345697402954,,0
2025-09-01 17:42:40,0,83,3,[0.19653667260415375 780.8215359976112 229.90059349957016 1070.914792520428],[95.02339172363281 982.1605834960938 152.236083984375 1041.0533447265625],0.34283703565597534,,0
2025-09-01 17:42:40,0,83,3,[0.19653667260415375 780.8215359976112 229.90059349957016 1070.914792520428],[91.3647689819336 971.835205078125 144.0197296142578 1041.5592041015625],0.15549366176128387,,0
2025-09-01 17:42:40,1,95,17,[364.09547078774597 66.59211049827844 628.0802723985419 299.8002405384623],[496.01495361328125 182.78201293945312 548.5528564453125 222.79339599609375],0.21199820935726166,,0
2025-09-01 17:42:41,0,84,122,[827.0849144873027 109.4532081418028 1055.3405864626855 263.88544564631377],[884.2240600585938 215.40870666503906 940.7263793945312 248.9801788330078],0.45065802335739136,,0
2025-09-01 17:42:41,0,84,3,[0.19604626153493143 780.7364834370161 229.86420297113608 1070.8750668325263],[95.1152114868164 982.4168701171875 152.1090545654297 1040.8450927734375],0.3406060039997101,,0
2025-09-01 17:42:41,0,84,3,[0.19604626153493143 780.7364834370161 229.86420297113608 1070.8750668325263],[91.39720916748047 971.9517211914062 143.8365020751953 1041.267578125],0.1528274267911911,,0
2025-09-01 17:42:41,1,96,17,[364.20622873427675 66.75950025961333 628.1409708934252 299.8570236607323],[495.83258056640625 182.7955780029297 548.4576416015625 222.795654296875],0.22524547576904297,,0
2025-09-01 17:42:41,0,85,122,[828.408979764293 108.61952212860876 1057.7766319201141 263.3883078434251],[884.6412963867188 216.97262573242188 942.9358520507812 249.15634155273438],0.4597705900669098,,0
2025-09-01 17:42:41,0,85,3,[0.20783274272433516 780.7521597220975 229.85106302868274 1070.9035180585176],[95.04164123535156 982.1856079101562 152.0422821044922 1040.8660888671875],0.33835750818252563,,0
2025-09-01 17:42:41,0,85,3,[0.20783274272433516 780.7521597220975 229.85106302868274 1070.9035180585176],[91.40734100341797 971.7453002929688 143.70945739746094 1041.053955078125],0.1538051813840866,,0
2025-09-01 17:42:41,1,97,17,[364.2328268707987 66.78874164772164 628.1678658410932 299.84673227601616],[495.9984130859375 182.77862548828125 548.5330200195312 222.80831909179688],0.21709243953227997,,0
2025-09-01 17:42:41,0,86,3,[0.22602279558769567 780.7791794841166 229.8617927201728 1070.9336354885622],[94.8940200805664 981.7537231445312 152.26878356933594 1041.0185546875],0.335080087184906,,0
2025-09-01 17:42:41,0,86,122,[829.3912268966144 108.05796978792178 1058.9698826751967 263.35331320989053],[888.4456787109375 217.86325073242188 935.2972412109375 248.24960327148438],0.3115019202232361,,0
2025-09-01 17:42:41,1,98,17,[364.236609251118 66.75990063535029 628.1621842250706 299.80442915625514],[496.2226257324219 182.78009033203125 548.4868774414062 222.76739501953125],0.22903063893318176,,0
2025-09-01 17:42:41,0,87,3,[0.23841725544748726 780.833885767209 229.88471733503923 1070.994316327467],[95.03524017333984 982.0973510742188 152.0847625732422 1040.8096923828125],0.3337180018424988,,0
2025-09-01 17:42:41,0,87,122,[830.2504665253426 106.69575682898285 1060.5120158058999 262.1478642835884],[882.615234375 220.26832580566406 934.480224609375 249.5137481689453],0.30350637435913086,,0
2025-09-01 17:42:41,0,87,3,[0.23841725544748726 780.833885767209 229.88471733503923 1070.994316327467],[91.42131042480469 971.7244873046875 143.8579559326172 1040.8670654296875],0.15161333978176117,,0
2025-09-01 17:42:41,1,99,17,[364.222388881905 66.60516379014186 628.1591907232952 299.72511209394145],[495.8080749511719 182.74493408203125 548.49169921875 222.76304626464844],0.23328101634979248,,0
2025-09-01 17:42:42,0,88,3,[0.2558139556696801 780.8754277269995 229.92168157796672 1070.9845579556345],[95.01191711425781 982.2442626953125 152.12152099609375 1040.723876953125],0.34267228841781616,,0
2025-09-01 17:42:42,0,88,3,[0.2558139556696801 780.8754277269995 229.92168157796672 1070.9845579556345],[91.40476989746094 971.7969360351562 143.8882598876953 1041.0865478515625],0.15534958243370056,,0
2025-09-01 17:42:42,1,100,17,[364.18122028537215 66.58372318195467 628.133425588934 299.73266934782623],[495.81439208984375 182.76718139648438 548.4625854492188 222.75320434570312],0.230946347117424,,0
2025-09-01 17:42:42,1,101,17,[364.1169146019828 66.68259086729043 628.1094302058649 299.80539857865017],[495.9077453613281 182.73953247070312 548.3840942382812 222.72665405273438],0.22967742383480072,,0
2025-09-01 17:42:43,1,102,17,[364.08915209097177 67.23391579221361 628.1000974158295 300.0079659065352],[495.9322204589844 182.7330322265625 548.4365234375 222.72171020507812],0.23468948900699615,,0
2025-09-01 17:42:43,0,91,3,[0.367829211376943 778.1552539795057 229.78997159414283 1070.0724548269284],[94.25489044189453 990.1527709960938 147.85841369628906 1050.0313720703125],0.26528245210647583,,0
2025-09-01 17:42:43,1,103,17,[364.1069796274396 67.34041555767661 628.1044859537858 299.95519603019056],[495.9859619140625 182.76751708984375 548.4246215820312 222.70712280273438],0.23389342427253723,,0
2025-09-01 17:42:43,0,92,3,[0.4067822970318957 777.8230052035835 229.7750232188019 1070.2185692784888],[94.23855590820312 989.1740112304688 149.69503784179688 1049.760498046875],0.3202096223831177,,0
2025-09-01 17:42:43,1,104,17,[364.18505817941 67.70421850179204 628.1083384162516 300.03440457140744],[495.9011535644531 182.8323211669922 548.4351806640625 222.73924255371094],0.2309422791004181,,0
2025-09-01 17:42:44,0,93,3,[0.2837120908326938 778.2746250462333 229.5764317160565 1070.377310965544],[93.43649291992188 989.8707275390625 145.48037719726562 1049.3350830078125],0.22735558450222015,,0
2025-09-01 17:42:44,1,105,17,[364.25880047220414 68.13321854546916 627.7243039705957 300.1212056655396],[496.0078125 182.89791870117188 548.4466552734375 222.73562622070312],0.22826367616653442,,0
2025-09-01 17:42:44,1,106,17,[364.2761230585548 68.33078829552531 627.4562802282007 300.0699064603872],[496.05047607421875 182.95404052734375 548.4569702148438 222.733154296875],0.23102107644081116,,0
2025-09-01 17:42:45,0,95,3,[0.26870817295896643 779.332416698617 229.51714412046016 1070.7635114260463],[93.9389419555664 989.47119140625 151.3318328857422 1051.5391845703125],0.23464344441890717,,0
2025-09-01 17:42:45,1,107,17,[364.37590964075446 68.4091297841154 627.3469066271626 300.0095017553222],[496.1954040527344 182.894775390625 548.5172119140625 222.77391052246094],0.22471852600574493,,0
2025-09-01 17:42:45,0,96,3,[0.4376353176731982 778.9793070738199 229.84713489595833 1070.6717407950264],[95.42509460449219 981.2525024414062 152.36260986328125 1041.89990234375],0.3716585338115692,,0
2025-09-01 17:42:45,0,96,3,[0.4376353176731982 778.9793070738199 229.84713489595833 1070.6717407950264],[91.47065734863281 971.1288452148438 144.0882568359375 1042.3446044921875],0.16101157665252686,,0
2025-09-01 17:42:45,1,108,17,[364.45845900766403 68.13940286444853 627.6425175398196 299.81281462752486],[496.19329833984375 182.91087341308594 548.5201416015625 222.77243041992188],0.22317445278167725,,0
2025-09-01 17:42:45,0,97,3,[0.4722295570334012 778.8364725440181 229.98663853999773 1070.6974868891625],[95.52534484863281 981.4632568359375 152.35171508789062 1041.8551025390625],0.3698892593383789,,0
2025-09-01 17:42:45,0,97,3,[0.4722295570334012 778.8364725440181 229.98663853999773 1070.6974868891625],[91.48675537109375 971.1177978515625 143.91741943359375 1042.2601318359375],0.15889377892017365,,0
2025-09-01 17:42:46,1,109,17,[364.4818066910009 68.03213266357747 627.8126156666199 299.75450679655626],[496.12847900390625 182.95001220703125 548.5966796875 222.807861328125],0.22829794883728027,,0
2025-09-01 17:42:46,0,98,3,[0.45783644478382257 778.6727234603459 230.03495476173453 1070.7066921559308],[95.50861358642578 981.3973388671875 152.39767456054688 1041.90380859375],0.36682161688804626,,0
2025-09-01 17:42:46,0,98,3,[0.45783644478382257 778.6727234603459 230.03495476173453 1070.7066921559308],[91.4626693725586 971.076416015625 144.00733947753906 1042.3212890625],0.1582607924938202,,0
2025-09-01 17:42:46,1,110,17,[364.47147026564494 68.52056891208218 627.5150273684335 299.9663368447166],[496.1993713378906 182.98109436035156 548.6629028320312 222.8173370361328],0.22843028604984283,,0
2025-09-01 17:42:46,0,99,174,[956.4621919699596 444.5727571417723 1422.0812863422673 931.541825519888],[1155.774169921875 832.31982421875 1281.670654296875 882.500244140625],0.7179923057556152,,0
2025-09-01 17:42:46,0,99,173,[370.6371452538266 370.84583957135726 782.1760603352433 688.3153156531522],[536.0658569335938 616.2589721679688 628.248291015625 654.1739501953125],0.5782097578048706,,0
2025-09-01 17:42:46,0,99,3,[0.4495363339031684 778.7049669594369 230.07139475740183 1070.7908379785083],[95.43363189697266 981.2772216796875 152.47532653808594 1042.0458984375],0.3730546236038208,,0
2025-09-01 17:42:46,0,99,3,[0.4495363339031684 778.7049669594369 230.07139475740183 1070.7908379785083],[91.43238830566406 971.067626953125 144.31105041503906 1042.58837890625],0.16008424758911133,,0
2025-09-01 17:42:46,1,111,17,[364.4655223457662 68.4147752308085 627.7029602280134 299.8310070770923],[496.3576354980469 182.9501953125 548.742431640625 222.81253051757812],0.22535651922225952,,0
2025-09-01 17:42:47,0,100,174,[957.9901986160876 448.56093522266576 1427.713326607703 939.5789769193144],[1161.486328125 837.4176635742188 1288.5911865234375 890.2274780273438],0.7098581194877625,,0
2025-09-01 17:42:47,0,100,173,[395.59582611489714 373.62114972626017 789.0499731196298 685.3814756079621],[536.1098022460938 616.0140380859375 628.453369140625 654.267333984375],0.5829620361328125,,0
2025-09-01 17:42:47,0,100,3,[0.4462240880209549 778.6035489174023 230.1167485271503 1070.7770862341383],[95.56796264648438 981.6315307617188 152.5304412841797 1041.8028564453125],0.3679642081260681,,0
2025-09-01 17:42:47,0,100,3,[0.4462240880209549 778.6035489174023 230.1167485271503 1070.7770862341383],[91.50901794433594 971.3507080078125 144.19436645507812 1042.2008056640625],0.1570807844400406,,0
2025-09-01 17:42:47,1,112,17,[364.35904880758517 68.36480564744372 627.7454382302653 299.75046235965306],[496.38153076171875 183.02279663085938 548.7138061523438 222.812255859375],0.2291574627161026,,0
2025-09-01 17:42:47,0,101,174,[959.1628361689619 451.7618217132646 1434.2417914322277 947.7367453922259],[1165.1192626953125 846.4118041992188 1295.383056640625 896.375244140625],0.6808133125305176,,0
2025-09-01 17:42:47,0,101,173,[408.9678010016667 375.2559629700888 789.6549270687572 684.0561239192066],[536.4046020507812 616.306396484375 628.3154907226562 654.1409912109375],0.5826700925827026,,0
2025-09-01 17:42:47,0,101,3,[0.42478698945362225 778.6075062753199 230.1229793534898 1070.8249914237008],[95.64933013916016 981.8551025390625 152.29029846191406 1041.643798828125],0.3676648437976837,,0
2025-09-01 17:42:47,0,101,3,[0.42478698945362225 778.6075062753199 230.1229793534898 1070.8249914237008],[91.5607681274414 971.37841796875 143.69931030273438 1041.925048828125],0.15694659948349,,0
2025-09-01 17:42:47,1,113,17,[364.3040059878663 68.45389841688069 627.8025734277576 299.76314165912004],[496.3970031738281 183.04005432128906 548.7894897460938 222.83335876464844],0.22838732600212097,,0
2025-09-01 17:42:47,0,102,174,[960.782610801666 456.0988211686219 1439.8704202844633 954.4828301349792],[1172.2130126953125 849.2946166992188 1299.8455810546875 899.2765502929688],0.6985725164413452,,0
2025-09-01 17:42:47,0,102,173,[412.2781330846235 375.3492415389221 787.4392776639504 683.6377025215886],[536.517333984375 616.349365234375 628.2286376953125 654.1192626953125],0.5819106698036194,,0
2025-09-01 17:42:47,0,102,3,[0.3966047413425855 778.6616276813662 230.10250801524109 1070.8559106274183],[95.68290710449219 981.9592895507812 152.30044555664062 1041.5787353515625],0.3683304786682129,,0
2025-09-01 17:42:47,0,102,3,[0.3966047413425855 778.6616276813662 230.10250801524109 1070.8559106274183],[91.5677719116211 971.4261474609375 143.66024780273438 1041.8719482421875],0.156511127948761,,0
2025-09-01 17:42:47,1,114,17,[364.22233105947873 68.2669058750999 627.8448721624378 299.66674562312437],[496.3396911621094 182.95468139648438 548.7792358398438 222.84100341796875],0.22450758516788483,,0
2025-09-01 17:42:47,0,103,174,[962.009812364191 458.49054156905044 1445.3052354506535 959.4977411004213],[1178.898681640625 859.7904663085938 1303.76708984375 905.1445922851562],0.7126877903938293,,0
2025-09-01 17:42:47,0,103,173,[410.9747323911982 374.96435971483413 784.7358011747624 683.7387637679172],[536.7081298828125 616.2022094726562 628.1925659179688 654.106201171875],0.5814560055732727,,0
2025-09-01 17:42:47,0,103,3,[0.37555281995726375 778.7560500573145 230.08318325785524 1070.9085278856062],[95.48139953613281 981.3035888671875 152.54824829101562 1041.8536376953125],0.36882027983665466,,0
2025-09-01 17:42:47,0,103,3,[0.37555281995726375 778.7560500573145 230.08318325785524 1070.9085278856062],[91.51770782470703 970.9266357421875 143.97061157226562 1042.0660400390625],0.16134114563465118,,0
2025-09-01 17:42:48,1,115,17,[364.10992344585 68.08801775053712 627.50632741215 299.5756924128937],[496.30419921875 182.9315643310547 548.8089599609375 222.8368377685547],0.22871506214141846,,0
2025-09-01 17:42:48,0,104,174,[963.7843076549264 462.73909376591166 1450.3665825403434 965.864806747518],[1183.7757568359375 860.942138671875 1311.8583984375 912.3541259765625],0.6948537230491638,,0
2025-09-01 17:42:48,0,104,173,[379.799639459922 372.796548982505 773.5762698923706 686.2353119591322],[536.6055908203125 616.010498046875 628.3271484375 654.1737670898438],0.5795700550079346,,0
2025-09-01 17:42:48,0,104,3,[0.3924149295463337 778.7159261444793 230.12024242034593 1070.8458690119503],[95.55921173095703 981.6487426757812 152.53582763671875 1041.7393798828125],0.36923688650131226,,0
2025-09-01 17:42:48,0,104,3,[0.3924149295463337 778.7159261444793 230.12024242034593 1070.8458690119503],[91.52737426757812 971.28369140625 144.13485717773438 1041.99169921875],0.156794473528862,,0
2025-09-01 17:42:48,1,116,17,[364.1259527192543 67.96636710197133 627.3640496422677 299.56286183358435],[496.2875061035156 182.91064453125 548.785400390625 222.828369140625],0.22842121124267578,,0
2025-09-01 17:42:48,0,105,174,[963.1746673033459 463.777868495434 1452.1164177926823 968.699015399595],[1187.5504150390625 867.3007202148438 1320.68896484375 922.5284423828125],0.6933924555778503,,0
2025-09-01 17:42:48,0,105,173,[383.2453686407108 372.9799620603302 779.5427585920946 686.8810844463152],[539.6132202148438 617.2113647460938 629.6163940429688 655.0838012695312],0.6221697330474854,,0
2025-09-01 17:42:48,0,105,3,[0.3759174524291069 778.5426250831953 230.07175746745747 1070.7813228490436],[94.79590606689453 979.9260864257812 153.35888671875 1040.7686767578125],0.27637848258018494,,0
2025-09-01 17:42:48,0,105,3,[0.3759174524291069 778.5426250831953 230.07175746745747 1070.7813228490436],[92.02227783203125 970.6417846679688 145.17843627929688 1038.0625],0.155832901597023,,0
2025-09-01 17:42:48,1,117,17,[364.22125237462785 67.96426957033299 627.6776944321051 299.64926112772133],[496.30316162109375 182.91468811035156 548.795654296875 222.83978271484375],0.22820839285850525,,0
2025-09-01 17:42:48,0,106,174,[962.5396781204302 463.70161415735174 1452.8571181199202 969.6130144230378],[1187.3720703125 867.3841552734375 1320.727783203125 922.5631713867188],0.6920309066772461,,0
2025-09-01 17:42:48,0,106,173,[368.2796200672608 372.1546372339694 777.1011780208926 688.1378597631019],[539.3046875 617.637451171875 629.23291015625 655.1890869140625],0.6203885078430176,,0
2025-09-01 17:42:48,0,106,3,[0.3725852267142926 778.5859569875354 230.04416565224716 1070.8374856983478],[94.70170593261719 979.9033813476562 153.35812377929688 1040.4757080078125],0.2786063551902771,,0
2025-09-01 17:42:48,0,106,3,[0.3725852267142926 778.5859569875354 230.04416565224716 1070.8374856983478],[91.99267578125 970.6788940429688 144.9690704345703 1037.56396484375],0.1587788462638855,,0
2025-09-01 17:42:48,1,118,17,[364.1698718040068 68.15921104350458 627.4497366481432 299.7538690566597],[496.4658508300781 182.9051971435547 548.8255615234375 222.81761169433594],0.2253592610359192,,0
2025-09-01 17:42:49,0,107,174,[962.0557777275412 463.47333628256274 1453.183228960007 969.8888638580679],[1187.5521240234375 867.2341918945312 1320.9683837890625 922.6439208984375],0.6933567523956299,,0
2025-09-01 17:42:49,0,107,173,[364.1740525190736 372.39278012033515 779.3054203038781 688.8171890417875],[539.2256469726562 617.56298828125 629.2276611328125 655.1884155273438],0.6199809908866882,,0
2025-09-01 17:42:49,0,107,3,[0.37010080556906644 778.5609664614286 230.01197567499543 1070.8346324164504],[94.74786376953125 979.91748046875 153.37091064453125 1040.531982421875],0.274774968624115,,0
2025-09-01 17:42:49,0,107,3,[0.37010080556906644 778.5609664614286 230.01197567499543 1070.8346324164504],[91.96920776367188 970.6869506835938 144.90322875976562 1037.54296875],0.1570035219192505,,0
2025-09-01 17:42:49,1,119,17,[364.203988225481 68.22287353392774 627.3406145988453 299.78124227349525],[496.4797668457031 182.8680419921875 548.827880859375 222.79244995117188],0.22630029916763306,,0
2025-09-01 17:42:49,0,108,174,[961.7333903506295 463.24210430410653 1453.2847168791134 969.8663395388023],[1187.5257568359375 867.1728515625 1320.9512939453125 922.5633544921875],0.6939908862113953,,0
2025-09-01 17:42:49,0,108,173,[370.3823824543157 372.47778760879385 784.2079737895982 688.6037513440696],[539.162109375 617.5882568359375 629.28955078125 655.1959228515625],0.6213257908821106,,0
2025-09-01 17:42:49,0,108,3,[0.3857656107151115 778.6399623580558 230.01962062047687 1070.8876706376514],[94.7464828491211 979.5580444335938 153.4049835205078 1040.5301513671875],0.2667018175125122,,0
2025-09-01 17:42:49,0,108,3,[0.3857656107151115 778.6399623580558 230.01962062047687 1070.8876706376514],[91.9925537109375 970.4035034179688 144.89639282226562 1037.35302734375],0.15404948592185974,,0
2025-09-01 17:42:49,1,120,17,[364.2424766065574 68.12033358762083 627.2794399377775 299.735576042069],[496.4449768066406 182.873291015625 548.8030395507812 222.81399536132812],0.22289350628852844,,0
2025-09-01 17:42:49,0,109,174,[961.5321074193305 463.0912636301547 1453.2516987886668 969.7221267675399],[1187.548828125 867.0537109375 1320.9378662109375 922.6121215820312],0.6941087245941162,,0
2025-09-01 17:42:49,0,109,173,[372.09281763650677 372.1079091868475 785.4100599113609 688.3011100004528],[539.29345703125 617.5721435546875 629.4415893554688 655.2362060546875],0.622965931892395,,0
2025-09-01 17:42:49,0,109,3,[0.3940498023921464 778.6148215905241 230.02595963452887 1070.8763821348984],[94.70597839355469 979.5725708007812 153.38047790527344 1040.4271240234375],0.26623839139938354,,0
2025-09-01 17:42:49,0,109,3,[0.3940498023921464 778.6148215905241 230.02595963452887 1070.8763821348984],[91.90145874023438 970.5038452148438 144.8739776611328 1037.1234130859375],0.15303078293800354,,0
2025-09-01 17:42:50,1,121,17,[364.2834800301377 68.19254396570233 627.2380332909327 299.7787500494335],[496.4194641113281 182.82833862304688 548.8347778320312 222.8210906982422],0.2255024015903473,,0
2025-09-01 17:42:50,0,110,174,[961.4105588980011 463.0156175412683 1453.1690406033576 969.4845104866986],[1187.4803466796875 866.7522583007812 1320.848388671875 922.5294799804688],0.695163905620575,,0
2025-09-01 17:42:50,0,110,173,[382.9914697265863 372.74153285752004 789.4444236946292 688.0893695443729],[539.464599609375 617.5455322265625 629.5131225585938 655.1890869140625],0.6217580437660217,,0
2025-09-01 17:42:50,0,110,3,[0.40126604215711836 778.5896129744858 230.03831886833046 1070.8599751864074],[94.74451446533203 979.5269165039062 153.45167541503906 1040.486328125],0.2657971978187561,,0
2025-09-01 17:42:50,0,110,3,[0.40126604215711836 778.5896129744858 230.03831886833046 1070.8599751864074],[91.94169616699219 970.4351806640625 144.9531707763672 1037.154052734375],0.1527390480041504,,0
2025-09-01 17:42:50,1,122,17,[364.2610312885014 67.99895073038759 627.18549510485 299.6711088443193],[496.4163513183594 182.84982299804688 548.7167358398438 222.80787658691406],0.22116631269454956,,0
2025-09-01 17:42:51,0,111,174,[961.3313906910664 462.9754475084337 1453.022705455948 969.2539315985175],[1187.47265625 866.8716430664062 1320.8587646484375 922.5390014648438],0.6932385563850403,,0
2025-09-01 17:42:51,0,111,173,[388.966827415973 372.86199402025295 789.970909311166 687.5865935211741],[539.443603515625 617.6953125 629.5 655.23046875],0.6215678453445435,,0
2025-09-01 17:42:51,0,111,3,[0.397605969597322 778.6012629384455 230.02876262889498 1070.8783220593675],[94.76353454589844 979.5380859375 153.50697326660156 1040.5286865234375],0.26891010999679565,,0
2025-09-01 17:42:51,0,111,3,[0.397605969597322 778.6012629384455 230.02876262889498 1070.8783220593675],[91.94149017333984 970.4916381835938 145.04367065429688 1037.2418212890625],0.15442593395709991,,0
2025-09-01 17:42:51,1,123,17,[364.2019659916946 68.01060975087195 627.1179879272139 299.6409880496825],[496.461181640625 182.81689453125 548.7799072265625 222.81472778320312],0.22552019357681274,,0
2025-09-01 17:42:51,0,112,174,[961.3050802809939 462.96012025523385 1452.8961521223446 969.0192957440671],[1187.4700927734375 866.9605102539062 1320.9183349609375 922.5549926757812],0.6934307813644409,,0
2025-09-01 17:42:51,0,112,173,[394.6034836606555 373.01382040728197 790.0873177070027 687.4292565699678],[539.0982055664062 617.6094360351562 629.7456665039062 655.254638671875],0.6194586753845215,,0
2025-09-01 17:42:51,0,112,3,[0.39729478390140116 778.6087709557139 230.02093341776106 1070.9000997576454],[94.74284362792969 979.620361328125 153.4738006591797 1040.47802734375],0.2685014009475708,,0
2025-09-01 17:42:51,0,112,3,[0.39729478390140116 778.6087709557139 230.02093341776106 1070.9000997576454],[91.94264221191406 970.5488891601562 145.02175903320312 1037.1636962890625],0.1543126404285431,,0
2025-09-01 17:42:52,1,124,17,[364.1907850196684 68.186739831154 627.0950808749152 299.67029322643714],[496.45458984375 182.8395233154297 548.739990234375 222.8216552734375],0.2227105349302292,,0
2025-09-01 17:42:52,0,113,174,[961.3051573515698 462.90633031492257 1452.7353275673688 968.7419190714982],[1187.4056396484375 866.8751831054688 1320.9052734375 922.5577392578125],0.6931639313697815,,0
2025-09-01 17:42:52,0,113,173,[396.5055370810448 372.29626529072385 788.9608588862436 686.6394780211692],[538.654052734375 617.6001586914062 629.782470703125 655.276123046875],0.6186521649360657,,0
2025-09-01 17:42:52,0,113,3,[0.4019502250663578 778.6085079360214 230.02434276596563 1070.906349745627],[94.80413818359375 979.6730346679688 153.5752716064453 1040.523681640625],0.26649922132492065,,0
2025-09-01 17:42:52,0,113,3,[0.4019502250663578 778.6085079360214 230.02434276596563 1070.906349745627],[91.96257019042969 970.598388671875 145.2158660888672 1037.359130859375],0.15243613719940186,,0
2025-09-01 17:42:52,1,125,17,[364.16856110454194 67.98290804048733 627.0834615931691 299.5329050420728],[496.47491455078125 182.83758544921875 548.7451171875 222.82406616210938],0.2206820845603943,,0
2025-09-01 17:42:52,0,114,174,[961.3123834294969 462.8964793634824 1452.5787265418353 968.5629015007561],[1187.337890625 866.9309692382812 1320.9429931640625 922.5357055664062],0.6934022307395935,,0
2025-09-01 17:42:52,0,114,173,[400.2840828919075 372.0141989997876 788.897958519221 686.1915367932286],[538.7166137695312 617.6012573242188 629.5438842773438 655.27978515625],0.6174436807632446,,0
2025-09-01 17:42:52,0,114,3,[0.40580946772713844 778.6318408526814 230.03175692486099 1070.9225763957145],[94.83658599853516 979.6990356445312 153.56405639648438 1040.513427734375],0.26599904894828796,,0
2025-09-01 17:42:52,0,114,3,[0.40580946772713844 778.6318408526814 230.03175692486099 1070.9225763957145],[92.03590393066406 970.5923461914062 145.13279724121094 1037.20703125],0.15231522917747498,,0
2025-09-01 17:42:53,1,126,17,[364.1648541053838 67.86120002038199 627.1061308451445 299.46168642894474],[496.7073669433594 182.827880859375 548.7786254882812 222.82411193847656],0.21825994551181793,,0
2025-09-01 17:42:53,0,115,174,[961.3119511644869 462.86092666022193 1452.431488294097 968.436554969932],[1187.417724609375 866.9974365234375 1320.923583984375 922.519775390625],0.6939985752105713,,0
2025-09-01 17:42:53,0,115,173,[392.779163028634 371.54916488559616 784.710539400797 686.2673426083625],[538.7091064453125 617.6707153320312 629.507080078125 655.2540893554688],0.6176180243492126,,0
2025-09-01 17:42:53,0,115,3,[0.37325475870581215 778.7010825670916 229.95641092295102 1070.9661552192047],[94.84085083007812 979.6195678710938 153.30752563476562 1040.212646484375],0.2575933337211609,,0
2025-09-01 17:42:53,0,115,3,[0.37325475870581215 778.7010825670916 229.95641092295102 1070.9661552192047],[92.0331802368164 970.5064086914062 144.56629943847656 1036.6015625],0.15161623060703278,,0
2025-09-01 17:42:53,1,127,17,[364.1338275759523 67.92795825948217 627.0957008417191 299.49704858562285],[496.7431640625 182.8165283203125 548.7522583007812 222.81646728515625],0.2173715978860855,,0
2025-09-01 17:42:53,0,116,174,[961.3160911234075 462.83476745487087 1452.2792700954278 968.2819290705465],[1187.4180908203125 866.8974609375 1320.9342041015625 922.6051025390625],0.6943953633308411,,0
2025-09-01 17:42:53,0,116,173,[383.95582494923775 371.66965511844364 781.4295582001787 687.0891931427936],[538.861083984375 617.7554931640625 629.5067138671875 655.2947387695312],0.6178038716316223,,0
2025-09-01 17:42:53,0,116,3,[0.3636018982280689 778.7359077858192 229.90970662877174 1070.9906548837075],[94.85449981689453 979.7067260742188 153.3439483642578 1040.2098388671875],0.25775477290153503,,0
2025-09-01 17:42:53,0,116,3,[0.3636018982280689 778.7359077858192 229.90970662877174 1070.9906548837075],[92.04297637939453 970.5199584960938 144.5491485595703 1036.6224365234375],0.15114204585552216,,0
2025-09-01 17:42:53,1,128,17,[364.1081387094387 68.11484301804072 627.0912743465558 299.5848514539839],[496.79425048828125 182.87452697753906 548.7705688476562 222.82044982910156],0.218760147690773,,0
2025-09-01 17:42:53,0,117,174,[961.3361328140096 462.81756386101904 1452.1498827262049 968.17929207293],[1187.3387451171875 866.9111938476562 1320.8485107421875 922.7008666992188],0.6952865123748779,,0
2025-09-01 17:42:53,0,117,173,[389.4912366783933 371.977657848799 784.881444769584 687.4005089326645],[538.7305908203125 617.5634155273438 629.5547485351562 655.3216552734375],0.6187669634819031,,0
2025-09-01 17:42:53,0,117,3,[0.37153103464537196 778.7380462220511 229.89607030467027 1070.9910323184185],[94.80966186523438 979.5499877929688 153.41668701171875 1040.3236083984375],0.25627848505973816,,0
2025-09-01 17:42:53,0,117,3,[0.37153103464537196 778.7380462220511 229.89607030467027 1070.9910323184185],[91.99516296386719 970.4932250976562 144.68702697753906 1036.75830078125],0.15055665373802185,,0
2025-09-01 17:42:54,1,129,17,[364.33820721556447 67.94969494532978 627.0647568112005 299.59079070578866],[487.7842102050781 185.1862030029297 546.185302734375 223.50894165039062],0.28127506375312805,,0
2025-09-01 17:42:54,0,118,174,[961.3435504172611 462.7606791505134 1452.0276282371428 968.0733119123806],[1187.4056396484375 866.9212646484375 1320.907470703125 922.7288818359375],0.6950389742851257,,0
2025-09-01 17:42:54,0,118,173,[398.8085334496676 372.48168503633485 788.3594641366423 687.4752935930713],[538.7949829101562 617.3556518554688 629.7238159179688 655.31591796875],0.6186767220497131,,0
2025-09-01 17:42:54,0,118,3,[0.3916721779779522 778.8036663168264 229.918765061817 1071.023128398631],[94.85088348388672 979.6083984375 152.814453125 1040.07275390625],0.261776864528656,,0
2025-09-01 17:42:54,0,118,3,[0.3916721779779522 778.8036663168264 229.918765061817 1071.023128398631],[91.97227478027344 970.63037109375 144.36114501953125 1036.6109619140625],0.15145155787467957,,0
2025-09-01 17:42:54,1,130,17,[364.49771662577393 68.31559023828426 627.0242353760851 299.84254572271374],[487.9723205566406 185.19342041015625 546.1743774414062 223.49441528320312],0.27601879835128784,,0
2025-09-01 17:42:54,0,119,174,[961.3420601442608 462.7015658728293 1451.8967778087936 967.9657528407719],[1187.424072265625 866.8672485351562 1321.197509765625 922.6525268554688],0.6957570910453796,,0
2025-09-01 17:42:54,0,119,173,[404.9436863627843 372.24916462575436 789.4839752593061 686.7006210405187],[538.9453125 617.3980712890625 629.60888671875 655.34765625],0.6191578507423401,,0
2025-09-01 17:42:54,0,119,3,[0.3902472542918929 778.8038581435744 229.9043835178448 1070.9834773533287],[94.87870788574219 979.7594604492188 152.83522033691406 1040.1446533203125],0.26543599367141724,,0
2025-09-01 17:42:54,0,119,3,[0.3902472542918929 778.8038581435744 229.9043835178448 1070.9834773533287],[91.99715423583984 970.761474609375 144.44784545898438 1036.9434814453125],0.15149305760860443,,0
2025-09-01 17:42:54,1,131,17,[364.604163216863 68.38345187981584 626.983285258282 299.8813084628734],[487.8856506347656 185.231689453125 546.114013671875 223.48013305664062],0.27024486660957336,,0
2025-09-01 17:42:54,0,120,174,[961.3492077901794 462.67808589968917 1451.780997030616 967.9056982926861],[1187.4371337890625 866.6524658203125 1321.5150146484375 922.5122680664062],0.6956603527069092,,0
2025-09-01 17:42:54,0,120,173,[409.4299690778563 372.4516951269219 789.54021409124 686.3715222951927],[539.1959838867188 617.4837036132812 629.4746704101562 655.2492065429688],0.6187795400619507,,0
2025-09-01 17:42:54,0,120,3,[0.3870286976598578 778.8088153811249 229.88887811809383 1070.9512325708909],[94.94217681884766 980.0064697265625 152.7196807861328 1040.061767578125],0.2636314332485199,,0
2025-09-01 17:42:54,1,132,17,[364.5857530140372 68.02514424703467 626.9000962335564 299.71465760078735],[487.9291076660156 185.26583862304688 546.0214233398438 223.44497680664062],0.26700741052627563,,0
2025-09-01 17:42:54,0,121,174,[961.3456776406308 462.621866107233 1451.6700665182814 967.8131248796392],[1187.3895263671875 866.6464233398438 1321.269287109375 922.6257934570312],0.6959226131439209,,0
2025-09-01 17:42:54,0,121,173,[411.0109658884644 372.5332500760799 788.4968360404102 686.1452079514177],[539.0545043945312 617.4369506835938 629.5609741210938 655.2797241210938],0.6195429563522339,,0
2025-09-01 17:42:54,0,121,3,[0.38578303748401765 778.8273062274984 229.87521663749624 1070.9447280125542],[94.86067199707031 979.8096923828125 152.69972229003906 1040.0211181640625],0.26012295484542847,,0
2025-09-01 17:42:54,0,121,3,[0.38578303748401765 778.8273062274984 229.87521663749624 1070.9447280125542],[92.03290557861328 970.7030639648438 144.08702087402344 1036.5400390625],0.15239885449409485,,0
2025-09-01 17:42:55,1,133,17,[364.6854668164224 68.00685307381842 626.9108528064667 299.76651743727973],[487.8584289550781 185.24642944335938 546.0100708007812 223.48141479492188],0.2726611793041229,,0
2025-09-01 17:42:55,0,122,174,[961.3887070304081 462.702123502364 1451.5426024756603 967.8062155535777],[1187.410400390625 866.783935546875 1321.027587890625 922.64794921875],0.6951485276222229,,0
2025-09-01 17:42:55,0,122,173,[412.8792716754034 372.92099841104005 787.7357436425708 686.5607367232303],[539.1397094726562 617.4124145507812 629.5032348632812 655.2998657226562],0.6186385154724121,,0
2025-09-01 17:42:55,0,122,3,[0.39155541481373746 778.8103587038582 229.88242835828083 1070.935461150677],[94.81766510009766 979.7276611328125 152.788330078125 1039.988037109375],0.2546364665031433,,0
2025-09-01 17:42:55,1,134,17,[364.73058137627277 67.84686370445166 626.7887441463308 299.78236831757914],[487.4596252441406 185.0353546142578 546.1366577148438 223.6366424560547],0.25516825914382935,,0
2025-09-01 17:42:55,0,123,174,[961.4211101897274 462.6922586853385 1451.4352753293126 967.7549428434451],[1187.375244140625 866.7295532226562 1321.0927734375 922.6056518554688],0.695745587348938,,0
2025-09-01 17:42:55,0,123,173,[413.9678095862393 372.885554694161 787.0353622438713 686.5164774989488],[539.267822265625 617.5003051757812 629.40478515625 655.254150390625],0.6208176016807556,,0
2025-09-01 17:42:55,0,123,3,[0.39966187267008024 778.7670701965089 229.90048304987278 1070.895185411035],[94.79122161865234 979.7744750976562 152.81881713867188 1040.15380859375],0.2587483823299408,,0
2025-09-01 17:42:55,1,135,17,[364.80932984220453 67.78211662925929 626.7295642393652 299.8531328415405],[487.37091064453125 184.98193359375 546.1690063476562 223.63668823242188],0.2557848393917084,,0
2025-09-01 17:42:55,0,124,174,[961.4651413732836 462.64185676452433 1451.3168230421943 967.7102349851796],[1187.381103515625 866.7581787109375 1321.0755615234375 922.6201782226562],0.6951887011528015,,0
2025-09-01 17:42:55,0,124,173,[413.20944141283417 372.85869692694837 785.9868581676226 686.2081307200333],[539.2998046875 617.5164184570312 629.4127197265625 655.2496948242188],0.6210277676582336,,0
2025-09-01 17:42:55,0,124,3,[0.3989482397395392 778.7345516272319 229.90407957571261 1070.8830366867116],[94.73966979980469 979.6371459960938 152.81602478027344 1040.218994140625],0.2592477798461914,,0
2025-09-01 17:42:55,0,124,3,[0.3989482397395392 778.7345516272319 229.90407957571261 1070.8830366867116],[92.03633880615234 970.4994506835938 144.29454040527344 1036.7568359375],0.15088681876659393,,0
2025-09-01 17:42:56,1,136,17,[364.9051275011542 67.78342377097543 626.7062883623244 299.93799106067223],[487.7910461425781 185.1236114501953 546.0013427734375 223.4941864013672],0.26340240240097046,,0
2025-09-01 17:42:56,0,125,174,[961.51844966375 462.5305401212298 1451.2511969389261 967.6369021922811],[1187.338623046875 866.68359375 1320.97119140625 922.5889892578125],0.6957371234893799,,0
2025-09-01 17:42:56,0,125,173,[414.2749410655541 372.87313601480366 786.0121384526107 685.9766537429979],[538.7386474609375 617.4170532226562 629.3972778320312 655.271728515625],0.6198821067810059,,0
2025-09-01 17:42:56,0,125,3,[0.3950358993699581 778.6918796913726 229.8983125977373 1070.8749627481473],[94.7376708984375 979.6939086914062 152.88235473632812 1040.2164306640625],0.25579634308815,,0
2025-09-01 17:42:56,1,137,17,[364.9235225079616 67.71366573717754 626.6535393827853 299.9324532999145],[487.80889892578125 185.13706970214844 545.9133911132812 223.53533935546875],0.2551560401916504,,0
2025-09-01 17:42:56,0,126,174,[961.5344987764121 462.55341009612926 1451.180977561335 967.6844429003297],[1187.3472900390625 866.6036376953125 1320.860107421875 922.5723876953125],0.694814145565033,,0
2025-09-01 17:42:56,0,126,173,[414.85371530651474 372.8485534905435 785.8556283864091 685.8297236000012],[538.8294677734375 617.2079467773438 629.371826171875 655.2239379882812],0.6206335425376892,,0
2025-09-01 17:42:56,0,126,3,[0.3878995664656344 778.6963752281556 229.88403243687333 1070.8936997567564],[94.73274993896484 979.8004760742188 152.87921142578125 1040.20068359375],0.26224449276924133,,0
2025-09-01 17:42:56,0,126,3,[0.3878995664656344 778.6963752281556 229.88403243687333 1070.8936997567564],[92.0645751953125 970.53955078125 144.28932189941406 1036.7109375],0.15279711782932281,,0
2025-09-01 17:42:57,1,138,17,[364.8696860219676 67.6237235710663 626.5729086568979 299.9071591551616],[487.8373107910156 185.05760192871094 545.9166259765625 223.55831909179688],0.25849002599716187,,0
2025-09-01 17:42:57,0,127,174,[963.2426941226895 461.5917257428658 1452.036666951134 967.6308920666502],[1187.242431640625 866.5881958007812 1321.25439453125 922.7506713867188],0.6934439539909363,,0
2025-09-01 17:42:57,0,127,173,[412.13885627998513 373.3966193581474 785.996039119936 686.2731691682242],[536.0440063476562 616.632080078125 633.8642578125 656.092041015625],0.5889551639556885,,0
2025-09-01 17:42:57,0,127,3,[0.27283636553134727 778.0590755093147 229.59850420963608 1070.6363983084625],[95.52433776855469 979.200439453125 151.97914123535156 1039.842041015625],0.20202885568141937,,0
2025-09-01 17:42:57,1,139,17,[364.83564824698766 67.59784088481032 626.5353410761265 299.9344928488131],[487.6969299316406 185.0237274169922 545.9083251953125 223.5967254638672],0.2578671872615814,,0
2025-09-01 17:42:57,0,128,174,[962.3651378422273 461.6756732776653 1451.346833199892 967.7074955390433],[1187.21826171875 866.5111083984375 1321.13427734375 922.84130859375],0.6919398903846741,,0
2025-09-01 17:42:57,0,128,173,[402.6982568431883 373.58163692679767 783.401097954549 686.546696935626],[535.9852905273438 616.521240234375 633.9168701171875 656.09814453125],0.5881256461143494,,0
2025-09-01 17:42:57,0,128,3,[0.2617294037266902 777.7440924362522 229.46189145067956 1070.6055244273632],[95.54698181152344 979.3828125 152.01434326171875 1039.8768310546875],0.20403413474559784,,0
2025-09-01 17:42:57,1,140,17,[364.870289870356 67.614855663677 626.5312705132114 299.9564332306554],[487.6972961425781 185.02395629882812 545.899658203125 223.57864379882812],0.2590530514717102,,0
2025-09-01 17:42:57,0,129,174,[962.0129772654354 461.8381097839739 1451.089704145445 967.7837511505778],[1187.192626953125 866.6499633789062 1321.10205078125 922.7928466796875],0.691508948802948,,0
2025-09-01 17:42:57,0,129,173,[404.88108927796645 373.4906452088276 786.4490934135473 686.4373463548093],[536.1954956054688 616.5562133789062 633.8983764648438 656.1688842773438],0.5898820161819458,,0
2025-09-01 17:42:57,0,129,3,[0.2792664857222462 777.611781013497 229.3885909964296 1070.6619916951142],[95.54767608642578 979.3524780273438 152.02230834960938 1039.8087158203125],0.2027980387210846,,0
2025-09-01 17:42:58,1,141,17,[364.89906954761716 67.64264280101919 626.5399620900174 299.98985556524815],[487.61627197265625 184.97003173828125 545.8652954101562 223.5816650390625],0.2571410834789276,,0
2025-09-01 17:42:58,0,130,174,[961.8640828850591 461.87726162704496 1451.0064025122058 967.705380001183],[1187.1683349609375 866.7782592773438 1320.7529296875 922.7598266601562],0.6926641464233398,,0
2025-09-01 17:42:58,0,130,173,[404.7747447547871 373.4985226470837 787.3822666397956 686.3908033096677],[536.4728393554688 616.7254028320312 633.7730712890625 656.061279296875],0.5888559222221375,,0
2025-09-01 17:42:58,0,130,3,[0.3094653148186808 777.551143221362 229.3619992021095 1070.7203750787655],[95.63713836669922 979.5327758789062 151.8857421875 1039.6671142578125],0.20426981151103973,,0
2025-09-01 17:42:59,1,142,17,[364.94336351407844 67.72678576316429 626.5596255722361 300.05105303634423],[487.44671630859375 184.9346923828125 545.8182373046875 223.58908081054688],0.2626274526119232,,0
2025-09-01 17:43:00,0,131,174,[961.8271294880153 461.9354345954563 1451.0055447087814 967.6702192025401],[1187.26171875 866.6158447265625 1321.007568359375 922.8131103515625],0.6916836500167847,,0
2025-09-01 17:43:00,0,131,173,[406.78452768342873 373.48420467224446 788.8497888452248 686.3926794346946],[536.3899536132812 616.7449340820312 633.6834106445312 656.0734252929688],0.586702287197113,,0
2025-09-01 17:43:00,0,131,3,[0.33038373462147774 777.514304423117 229.3394177776406 1070.7916680073995],[95.59185028076172 979.5217895507812 152.00628662109375 1039.8623046875],0.20486865937709808,,0
2025-09-01 17:43:00,1,143,17,[365.00414938006395 67.78134858060203 626.5749456063575 300.08360260722765],[487.6114196777344 184.91944885253906 545.8682250976562 223.58665466308594],0.25876548886299133,,0
2025-09-01 17:43:01,0,132,174,[961.7609448131611 462.0572268771738 1450.9314637067664 967.7021582357842],[1187.2833251953125 866.5929565429688 1320.746826171875 922.7243041992188],0.6911841630935669,,0
2025-09-01 17:43:01,0,132,173,[406.6276304964212 373.34928874727245 788.9484810474498 686.3848580324662],[536.5525512695312 616.7888793945312 633.6940307617188 656.034423828125],0.5863951444625854,,0
2025-09-01 17:43:01,0,132,3,[0.3466956150459737 777.434141911682 229.32417392909886 1070.7942127300798],[95.53655242919922 979.541748046875 152.03375244140625 1040.0343017578125],0.20323024690151215,,0
2025-09-01 17:43:01,1,144,17,[365.1071568486748 67.80873305309348 626.619091074848 300.102109356596],[487.5033264160156 184.9372100830078 545.8818359375 223.61705017089844],0.2570454776287079,,0
2025-09-01 17:43:01,0,133,174,[961.7333993850798 462.17975726365677 1450.8559907142294 967.7160871952776],[1187.3463134765625 866.4497680664062 1321.0894775390625 922.7477416992188],0.6915715932846069,,0
2025-09-01 17:43:01,0,133,173,[407.91669335098874 373.22545993798224 789.601726492981 686.3523263392309],[537.0202026367188 616.984619140625 633.7710571289062 655.92529296875],0.583743155002594,,0
2025-09-01 17:43:01,0,133,3,[0.35043918606358204 777.4149000082734 229.2946343681228 1070.8509641232192],[95.7209701538086 979.9476928710938 151.67300415039062 1039.66015625],0.19837184250354767,,0
2025-09-01 17:43:01,1,145,17,[365.03466626009333 67.67223746883431 626.6634102582359 299.82442064047393],[489.9601135253906 183.9444122314453 546.6890869140625 223.6274871826172],0.23507794737815857,,0
2025-09-01 17:43:01,0,134,174,[961.717859412418 462.15163463963006 1450.8285816935008 967.6826060159914],[1187.30029296875 866.5939331054688 1321.280029296875 922.8801879882812],0.6907709836959839,,0
2025-09-01 17:43:01,0,134,173,[401.04724350546496 373.1002262995692 786.7792030427455 686.4624507797389],[536.9697875976562 617.1510009765625 633.8800659179688 656.0643920898438],0.5884496569633484,,0
2025-09-01 17:43:01,0,134,3,[0.3612203236299365 777.3661718916273 229.28166966720903 1070.8671078832576],[95.70771789550781 979.9845581054688 151.71990966796875 1039.59619140625],0.2007775902748108,,0
2025-09-01 17:43:02,1,146,17,[365.0386188841784 67.64920952152208 626.718670411863 299.6825098646739],[489.9548034667969 183.93576049804688 546.6790161132812 223.62066650390625],0.23653414845466614,,0
2025-09-01 17:43:02,0,135,174,[961.760139389799 462.058452676936 1450.8368215513324 967.6305101807316],[1187.2308349609375 866.4906616210938 1321.24755859375 922.8893432617188],0.6920552849769592,,0
2025-09-01 17:43:02,0,135,173,[392.3591654630917 372.95716425715386 784.2460186683105 686.5965254536716],[536.9793090820312 617.3350219726562 633.7642822265625 655.9232177734375],0.5867131948471069,,0
2025-09-01 17:43:02,0,135,3,[0.37544661944895097 777.3909403483223 229.28506977034877 1070.902292140032],[95.69828033447266 980.00634765625 151.77383422851562 1039.62255859375],0.19990174472332,,0
2025-09-01 17:43:02,1,147,17,[365.0301674552567 67.62088651933736 626.7668964264685 299.5517044713969],[489.9814453125 183.93040466308594 546.685791015625 223.5465087890625],0.24771170318126678,,0
2025-09-01 17:43:02,0,136,174,[961.7144227860714 462.12982203640115 1450.7816579200082 967.7171583282098],[1187.2640380859375 866.546630859375 1320.97021484375 922.812744140625],0.6922207474708557,,0
2025-09-01 17:43:02,0,136,173,[380.203694218499 373.0066318168259 781.278945263837 686.8200497355771],[536.4864501953125 617.2981567382812 633.6759033203125 655.90869140625],0.589966893196106,,0
2025-09-01 17:43:02,0,136,3,[0.38074659421447166 777.3949656580521 229.28109031610308 1070.9127640346867],[95.6971206665039 980.1270141601562 151.76422119140625 1039.605712890625],0.20111989974975586,,0
2025-09-01 17:43:02,1,148,17,[365.06907789165564 67.61372027593285 626.8355026138863 299.492551690918],[490.2760925292969 184.15621948242188 546.4949340820312 223.3187255859375],0.2512161135673523,,0
2025-09-01 17:43:03,1,149,17,[365.0411055584585 67.60927297676804 626.8404880010787 299.42080546855505],[490.4964294433594 184.26663208007812 546.455078125 223.20181274414062],0.24948500096797943,,0
2025-09-01 17:43:03,0,137,174,[961.7114565594798 462.0491322942137 1450.7724914353375 967.6775788145135],[1187.286376953125 866.927734375 1320.896240234375 922.9168090820312],0.6898192763328552,,0
2025-09-01 17:43:03,0,137,173,[367.3823037479011 372.80532857061576 779.1054508375274 686.9366986846005],[536.7842407226562 617.2893676757812 633.7071533203125 655.93994140625],0.5910828113555908,,0
2025-09-01 17:43:03,0,137,3,[0.39469029095332075 777.4155357136748 229.29957704309817 1070.920808829074],[95.63680267333984 979.8740844726562 151.77777099609375 1039.6304931640625],0.20403359830379486,,0
2025-09-01 17:43:03,1,150,17,[364.9858430403068 67.61990508739383 626.8153700116026 299.3768916318295],[490.4548034667969 184.0800018310547 546.625244140625 223.3209686279297],0.25118857622146606,,0
2025-09-01 17:43:04,0,138,173,[343.62371509509893 372.46341891124644 770.7910982699643 687.3633107949033],[534.24072265625 617.1348876953125 630.382080078125 654.7247924804688],0.5476022958755493,,0
2025-09-01 17:43:04,0,138,3,[0.5584775291338815 778.1624632668843 229.64627646640628 1071.2547651615305],[95.19451141357422 982.550537109375 153.88247680664062 1040.8839111328125],0.39325782656669617,,0
2025-09-01 17:43:04,1,151,17,[364.9662743818002 67.67166602116842 626.8390596594295 299.3957589771602],[490.3532409667969 184.13525390625 546.5552368164062 223.3377685546875],0.25250768661499023,,0
2025-09-01 17:43:04,0,139,173,[332.2946248414272 372.1089138603367 770.5086068813192 687.5493217934672],[534.5160522460938 617.0787963867188 630.5636596679688 654.7935791015625],0.5485013127326965,,0
2025-09-01 17:43:04,0,139,3,[0.5817079751856511 778.5878042637792 229.79341341375874 1071.3153326087952],[95.2123794555664 982.550537109375 153.8360595703125 1040.8787841796875],0.39828920364379883,,0
2025-09-01 17:43:04,1,152,17,[364.9649004474728 67.68546367705711 626.8758995172648 299.33262977583934],[490.70709228515625 184.1770477294922 546.5897827148438 223.27391052246094],0.2368811070919037,,0
2025-09-01 17:43:04,0,140,173,[333.8884835730285 372.0772881443785 775.4481272175226 687.650707201141],[534.08447265625 617.0237426757812 630.47900390625 654.8734741210938],0.545327365398407,,0
2025-09-01 17:43:04,0,140,3,[0.5520231417760613 778.8000479990526 229.83382444808953 1071.2695717316944],[95.3113021850586 982.7351684570312 153.83375549316406 1040.812744140625],0.3979361057281494,,0
2025-09-01 17:43:05,1,153,17,[364.98333610409986 67.7347445941049 626.9049151673482 299.2969075986181],[490.4443359375 184.03623962402344 546.5218505859375 223.3219757080078],0.2455262392759323,,0
2025-09-01 17:43:05,0,141,173,[337.0599948000838 372.00823901294206 779.2303658937583 687.6900107720596],[534.5000610351562 616.8642578125 630.4696655273438 654.830810546875],0.5445696115493774,,0
2025-09-01 17:43:05,0,141,3,[0.519398956950468 778.9224436760876 229.83999642919537 1071.201122347888],[95.28435516357422 982.7023315429688 153.7858123779297 1040.70458984375],0.39938950538635254,,0
2025-09-01 17:43:05,1,154,17,[365.0221417046836 67.48603446196437 627.2477670188085 299.2467734096772],[490.5326843261719 184.11865234375 546.48583984375 223.2782745361328],0.24788624048233032,,0
2025-09-01 17:43:05,0,142,173,[331.29825757344975 371.76363011073204 778.1057653268172 687.6933249429387],[534.5732421875 616.7301025390625 630.3584594726562 654.7849731445312],0.5471271276473999,,0
2025-09-01 17:43:05,0,142,3,[0.5033198440623607 779.013033227397 229.85666040348187 1071.158128630027],[95.14356994628906 982.47509765625 154.16259765625 1041.0238037109375],0.3909253776073456,,0
2025-09-01 17:43:06,1,155,17,[364.9965073716827 67.38420209542845 627.4581881231726 299.3000875490601],[490.6642761230469 184.13539123535156 546.4564208984375 223.25372314453125],0.2509154677391052,,0
2025-09-01 17:43:06,0,143,173,[328.3605307432358 371.4825660656726 778.4997701312157 687.5907088700161],[535.16845703125 617.3652954101562 629.9517211914062 654.739013671875],0.545366108417511,,0
2025-09-01 17:43:06,0,143,3,[0.48858289264092036 778.9895959265557 229.86299227335022 1071.0969286351808],[95.12217712402344 982.456787109375 153.84950256347656 1040.72021484375],0.3886597454547882,,0
2025-09-01 17:43:06,1,156,17,[364.92937273348326 67.57030768745534 627.2627374830561 299.38067265038694],[490.4618225097656 184.15951538085938 546.6180419921875 223.31167602539062],0.2561172842979431,,0
2025-09-01 17:43:06,0,144,173,[326.0319329358915 372.5879785173468 779.3835848531137 689.3702628433973],[540.979736328125 619.119873046875 633.685546875 655.0107421875],0.5278822183609009,,0
2025-09-01 17:43:06,0,144,3,[0.8564514612729397 778.3578526047331 230.7903367016158 1070.9976457962493],[93.9093246459961 980.4299926757812 154.94952392578125 1040.1968994140625],0.36204490065574646,,0
2025-09-01 17:43:06,1,157,17,[364.8818572884993 67.67134787012056 627.1063396518276 299.4027969103148],[490.3624267578125 183.99888610839844 546.5476684570312 223.2923126220703],0.26507821679115295,,0
2025-09-01 17:43:07,1,158,17,[364.88997466490014 67.39608704843688 627.3693148507308 299.3413768096245],[490.0652160644531 184.0799560546875 546.6460571289062 223.39178466796875],0.267467200756073,,0
2025-09-01 17:43:07,0,145,173,[323.1300408052775 372.76628327466415 779.8823369257825 690.1160413499351],[526.9365234375 616.9786376953125 634.7597045898438 660.6251220703125],0.5235093235969543,,0
2025-09-01 17:43:07,1,159,17,[364.83170773717876 67.6172096172465 627.1931396759933 299.4431681386168],[490.0507507324219 184.05642700195312 546.7081298828125 223.4838409423828],0.2498866468667984,,0
2025-09-01 17:43:07,0,146,173,[325.93768196412867 373.7834822118492 782.9807344676321 691.0390071845976],[525.875244140625 616.0433959960938 634.984130859375 660.7020874023438],0.5370323657989502,,0
2025-09-01 17:43:07,1,160,17,[364.7730561119224 67.73263105731803 627.0565728595473 299.40738695134945],[490.12457275390625 184.21170043945312 546.721923828125 223.4337158203125],0.25182411074638367,,0
2025-09-01 17:43:08,0,147,173,[337.3039443204775 373.98529807574005 788.5413969236163 691.848932942482],[527.1898803710938 607.853759765625 636.5324096679688 656.447021484375],0.5849754214286804,,0
2025-09-01 17:43:08,1,161,17,[364.88576982309274 67.79887233942897 627.059663287223 299.39256778229856],[490.0450134277344 184.3483428955078 546.6172485351562 223.28297424316406],0.27396366000175476,,0
2025-09-01 17:43:09,0,148,173,[353.9351381329927 375.3947598809143 795.3646929109191 693.6757057678012],[523.2948608398438 608.4569091796875 638.1944580078125 659.2025756835938],0.589795708656311,,0
2025-09-01 17:43:09,0,148,3,[0.7219927478392805 779.519373875549 231.7826900648169 1071.8486765561358],[94.48200225830078 992.1641235351562 147.37921142578125 1049.396240234375],0.20793543756008148,,0
2025-09-01 17:43:09,0,149,173,[354.2293904116598 376.5265506445385 793.4015595148649 695.6963518067807],[531.7894287109375 609.3682250976562 638.2145385742188 658.3348388671875],0.587887167930603,,0
2025-09-01 17:43:09,0,149,3,[0.6885227809463288 780.4887741732186 231.86514375406557 1072.2809072547211],[95.0795669555664 994.030517578125 145.96810913085938 1049.4910888671875],0.16514071822166443,,0
2025-09-01 17:43:10,0,150,173,[350.4336636302836 376.59167168918214 790.6338735310695 696.6379733951284],[531.5317993164062 609.2412109375 638.0504150390625 658.448974609375],0.5934666395187378,,0
2025-09-01 17:43:10,0,150,3,[0.6472393460076518 780.9490999060008 231.89704636903264 1072.3601865681512],[95.11436462402344 994.0874633789062 146.08412170410156 1049.49462890625],0.16531500220298767,,0
2025-09-01 17:43:10,0,151,173,[345.3592810896197 376.40884701394793 788.3589013664194 697.2309709206647],[529.550048828125 609.5801391601562 637.479736328125 658.5652465820312],0.5926223993301392,,0
2025-09-01 17:43:10,0,151,3,[0.6290182061000138 781.1861849248082 231.94879539859124 1072.2858660881732],[95.12124633789062 994.0501708984375 146.0576171875 1049.517333984375],0.16565163433551788,,0
2025-09-01 17:43:11,0,152,173,[347.08277801440033 376.18730649862084 789.5379992516661 697.5297350945726],[529.68115234375 609.591796875 637.5694580078125 658.515380859375],0.5906164646148682,,0
2025-09-01 17:43:11,0,152,3,[0.6151552334224704 781.3510901284817 231.9949836656429 1072.24610917433],[95.13095092773438 994.0658569335938 145.9678955078125 1049.5086669921875],0.16493451595306396,,0
2025-09-01 17:43:12,0,153,173,[351.34107061326006 376.0445723468308 791.374321766826 697.7241670883882],[530.0750122070312 609.7421264648438 637.7935791015625 658.4054565429688],0.5824511051177979,,0
2025-09-01 17:43:12,0,153,3,[0.5948974122106279 781.4140201532111 232.01798637780473 1072.1763917988294],[95.12226867675781 994.1396484375 145.78363037109375 1049.44775390625],0.16294416785240173,,0
2025-09-01 17:43:12,0,154,173,[346.1468626093457 375.827604047054 788.7428539884621 697.8573456701689],[529.749267578125 609.67041015625 637.9854736328125 658.462158203125],0.5803859829902649,,0
2025-09-01 17:43:12,0,154,3,[0.581624700754432 781.4457685513141 232.0435381304099 1072.15159856555],[95.0950698852539 994.0721435546875 145.98931884765625 1049.3839111328125],0.1650998890399933,,0
2025-09-01 17:43:13,0,155,173,[341.0111083593406 375.41763139839196 787.132643980201 697.7571096900958],[529.9480590820312 609.6463623046875 638.0505981445312 658.3917846679688],0.5782555937767029,,0
2025-09-01 17:43:13,0,155,3,[0.5733143049501876 781.4037081303793 232.07253347709047 1072.0496404210637],[95.14942932128906 993.9840087890625 146.17849731445312 1049.3177490234375],0.16879473626613617,,0
2025-09-01 17:43:15,0,156,173,[340.0836585474324 375.1681071080494 787.7416004490958 697.6490066506266],[529.7750244140625 609.7427978515625 638.0339965820312 658.4111328125],0.5782490968704224,,0
2025-09-01 17:43:15,0,156,3,[0.5558708910477463 781.3881449386454 232.07789370511858 1072.065631068251],[95.0928726196289 993.999755859375 146.27430725097656 1049.246337890625],0.17085722088813782,,0
2025-09-01 17:43:15,0,157,173,[338.77125591935373 375.1005666260388 788.0088193576019 697.5886460072326],[529.7010498046875 609.9400634765625 638.0194702148438 658.2965698242188],0.5782530903816223,,0
2025-09-01 17:43:15,0,157,3,[0.5468504698238661 781.3925817639379 232.08692184116018 1072.0592999111445],[95.13883209228516 994.1427612304688 146.25967407226562 1049.202880859375],0.1745413988828659,,0
2025-09-01 17:43:16,0,158,173,[338.65995993970967 375.1266743855242 788.5573114657376 697.4969294353416],[529.61865234375 609.8369750976562 638.2787475585938 658.3379516601562],0.5750837922096252,,0
2025-09-01 17:43:16,0,158,3,[0.5319058353943831 781.446894765211 232.07206498205795 1072.0604741185077],[95.16641235351562 994.1470336914062 146.25723266601562 1049.27001953125],0.17523373663425446,,0
2025-09-01 17:43:17,0,159,173,[338.1299843273853 375.0368585922162 788.6846925120192 697.4423766471405],[529.7949829101562 609.997802734375 638.2046508789062 658.388671875],0.5784956216812134,,0
2025-09-01 17:43:17,0,159,3,[0.5346416537140612 781.4588428005425 232.09250553215333 1072.1116796970057],[95.26663970947266 994.2565307617188 146.2909698486328 1049.356201171875],0.17207930982112885,,0
2025-09-01 17:43:18,0,160,173,[340.9783762532937 375.04188694653755 790.0813291044351 697.4573374282838],[530.2365112304688 610.040283203125 638.2491455078125 658.347900390625],0.5787699818611145,,0
2025-09-01 17:43:18,0,160,3,[0.5381622232506089 781.458228693487 232.1187776407749 1072.1064643408515],[95.21073150634766 994.1178588867188 146.32781982421875 1049.4200439453125],0.17291267216205597,,0
2025-09-01 17:43:19,0,161,173,[342.97078451198365 375.02694775726536 790.7121293900112 697.5683157283581],[530.1416015625 609.9591064453125 638.2780151367188 658.4373779296875],0.577849268913269,,0
2025-09-01 17:43:19,0,161,3,[0.5311936034508875 781.4226295278892 232.12079049611373 1072.0463704986994],[95.22562408447266 994.1127319335938 146.29747009277344 1049.419189453125],0.17344674468040466,,0
2025-09-01 17:47:26,0,28,37,[1227.0830208375119 198.86173145424013 1858.5172579559144 412.15875839476814],[1454.1741943359375 237.4529571533203 1533.0208740234375 284.1266174316406],0.17372077703475952,,0
2025-09-01 17:47:34,0,30,37,[1226.1756477826725 197.5243120132946 1859.6279737245777 409.0813259050174],[1453.760498046875 236.80166625976562 1533.4326171875 284.30499267578125],0.155733123421669,,0
2025-09-01 17:47:34,0,31,50,[1225.2708840635971 200.76270412781764 1709.8034656691327 383.11463346708024],[1452.994384765625 237.14859008789062 1533.884033203125 284.2037658691406],0.20619292557239532,,0
2025-09-01 17:47:34,0,32,50,[1218.8040188909604 196.03405320228558 1687.2003995316604 371.83275734043923],[1453.30517578125 237.59788513183594 1533.559814453125 283.88287353515625],0.2623569965362549,,0
2025-09-01 17:47:34,0,33,76,[1236.7710749498501 226.91164461108878 1722.7177994941712 417.0983895134072],[1454.3162841796875 237.8547821044922 1533.3995361328125 283.7286071777344],0.2110283523797989,,0
2025-09-01 17:47:35,0,34,76,[1265.9178027515622 229.60965860376686 1762.5940884405518 418.53401138000163],[1454.010986328125 237.74761962890625 1533.62890625 283.9878845214844],0.2380436807870865,,0
2025-09-01 17:47:35,0,36,76,[1279.830577800671 230.6452910770383 1799.7953740609396 419.3430651776231],[1456.1884765625 237.92591857910156 1533.705810546875 283.8970947265625],0.15140800178050995,,0
2025-09-01 17:47:59,0,1,1,[1126.8463134765625 65.64290618896484 1400.931396484375 370.6510925292969],[1190.243408203125 328.32452392578125 1267.85302734375 369.641357421875],0.5105403661727905,,0
2025-09-01 17:48:02,0,2,1,[1127.3690051331516 65.30247602601293 1402.3927595700054 370.67703231717957],[1190.0028076171875 328.33502197265625 1267.9566650390625 369.6702575683594],0.5205398797988892,,0
2025-09-01 17:48:02,0,3,1,[1127.348720516321 65.27798548858175 1402.6409543077602 370.67163290754576],[1190.51220703125 328.53680419921875 1267.8621826171875 369.6565246582031],0.5264627933502197,,0
2025-09-01 17:48:02,0,4,1,[1127.884932187062 65.33607305826408 1404.2260651134711 371.00669427143305],[1189.9205322265625 328.380859375 1268.22265625 369.8751525878906],0.533876895904541,,0
2025-09-01 17:48:02,0,4,2,[1479.1763399246875 95.4928209974691 1704.5395910735647 358.09259564637904],[1550.18115234375 296.3674621582031 1636.8292236328125 344.2336120605469],0.2033669352531433,,0
2025-09-01 17:48:02,0,5,1,[1128.0499084802043 65.3011283295854 1405.289146333135 371.191294416318],[1191.6490478515625 328.7287902832031 1267.8267822265625 369.4417419433594],0.5255391001701355,,0
2025-09-01 17:48:02,0,5,1,[1128.0499084802043 65.3011283295854 1405.289146333135 371.191294416318],[1172.4813232421875 324.3403015136719 1270.3673095703125 369.9634094238281],0.19922156631946564,,0
2025-09-01 17:48:02,0,5,2,[1479.7142938755678 95.52644818916824 1704.896599419661 358.5890659964235],[1550.520751953125 296.5812683105469 1636.5755615234375 343.6553955078125],0.18134304881095886,,0
2025-09-01 17:48:02,0,6,1,[1127.7696575351863 65.52476091396039 1404.8749576118014 371.1193186945895],[1192.0592041015625 328.7548828125 1267.8172607421875 369.4690246582031],0.5179756879806519,,0
2025-09-01 17:48:02,0,6,1,[1127.7696575351863 65.52476091396039 1404.8749576118014 371.1193186945895],[1172.2578125 324.3688049316406 1270.2760009765625 370.0636901855469],0.20000076293945312,,0
2025-09-01 17:48:02,0,6,2,[1480.1711977936016 95.68550769779353 1705.1200220014152 359.16575002718537],[1550.3621826171875 296.5268249511719 1636.0625 343.56304931640625],0.16845767199993134,,0
2025-09-01 17:48:02,0,7,1,[1127.6521790263926 65.74515536570709 1404.416869578031 371.00960533296535],[1193.255615234375 328.9813537597656 1267.7469482421875 369.54400634765625],0.5063341856002808,,0
2025-09-01 17:48:02,0,7,2,[1480.3790559152117 95.64905029798547 1705.1273271253776 359.5943432455246],[1550.2562255859375 296.4714660644531 1636.294189453125 343.68402099609375],0.18547511100769043,,0
2025-09-01 17:48:02,0,7,1,[1127.6521790263926 65.74515536570709 1404.416869578031 371.00960533296535],[1172.3236083984375 324.44549560546875 1270.0078125 370.0125732421875],0.18143253028392792,,0
2025-09-01 17:48:02,0,8,1,[1127.4599098650192 65.86367226436775 1403.9811786665728 370.88672436866943],[1192.53955078125 328.80816650390625 1267.84619140625 369.61614990234375],0.5132870674133301,,0
2025-09-01 17:48:02,0,8,1,[1127.4599098650192 65.86367226436775 1403.9811786665728 370.88672436866943],[1172.4771728515625 324.3959655761719 1270.1676025390625 370.1590576171875],0.19331641495227814,,0
2025-09-01 17:48:02,0,8,2,[1480.1993903474265 95.47894233146553 1705.1831335883132 359.8261401127312],[1550.1456298828125 296.3922119140625 1636.1876220703125 343.7331237792969],0.17311912775039673,,0
2025-09-01 17:48:03,0,9,1,[1127.6286043104328 65.8341764420542 1404.0347146873096 370.825275770586],[1192.6744384765625 328.44940185546875 1267.8233642578125 369.6747741699219],0.5135181546211243,,0
2025-09-01 17:48:03,0,9,2,[1480.2287713018732 95.40236347789278 1705.2334386477291 359.8515425505288],[1550.02490234375 296.3163757324219 1636.5166015625 344.1873779296875],0.20493781566619873,,0
2025-09-01 17:48:03,0,9,1,[1127.6286043104328 65.8341764420542 1404.0347146873096 370.825275770586],[1172.0670166015625 324.2274475097656 1270.35693359375 370.15478515625],0.19891609251499176,,0
2025-09-01 17:48:03,0,10,1,[1127.6191890054633 65.77443913498044 1403.9970849755423 370.8051804097573],[1191.6943359375 329.0501403808594 1267.856689453125 369.8515319824219],0.5231496095657349,,0
2025-09-01 17:48:03,0,10,1,[1127.6191890054633 65.77443913498044 1403.9970849755423 370.8051804097573],[1171.1007080078125 324.5982971191406 1270.468505859375 370.4059753417969],0.20903842151165009,,0
2025-09-01 17:48:03,0,10,2,[1480.162271038478 95.18756216184048 1705.307917172286 359.6219417089575],[1549.8856201171875 296.49749755859375 1636.4403076171875 344.12890625],0.16762830317020416,,0
2025-09-01 17:48:03,0,11,1,[1127.5303957972465 65.8531618011477 1403.723351805936 370.793124778083],[1191.05615234375 328.7821960449219 1267.83154296875 370.06304931640625],0.5317161679267883,,0
2025-09-01 17:48:03,0,12,1,[1127.43199807121 65.86373902576571 1403.681098639024 370.7683939072411],[1191.1134033203125 328.99853515625 1267.766845703125 369.85760498046875],0.5175844430923462,,0
2025-09-01 17:48:03,0,12,1,[1127.43199807121 65.86373902576571 1403.681098639024 370.7683939072411],[1171.5147705078125 324.67620849609375 1270.3876953125 370.5791931152344],0.20704588294029236,,0
2025-09-01 17:48:03,0,12,2,[1480.350462598 95.17397920591816 1705.3457542355968 359.44600295005574],[1549.6219482421875 296.95257568359375 1636.08837890625 343.47381591796875],0.1622048169374466,,0
2025-09-01 17:48:03,0,13,1,[1127.4119161361057 65.63988851351982 1403.9816593017956 370.67735667319914],[1190.337646484375 329.123291015625 1267.8040771484375 370.02740478515625],0.5113505721092224,,0
2025-09-01 17:48:03,0,14,1,[1127.3884548208773 65.24100914897286 1404.6700433614053 370.52634327710535],[1188.0726318359375 328.70068359375 1267.851318359375 370.28851318359375],0.5211544036865234,,0
2025-09-01 17:48:03,0,15,1,[1127.312841951764 65.17859028104397 1405.2470056166892 370.54564399162786],[1188.583740234375 328.5718078613281 1267.74462890625 370.19671630859375],0.5217676758766174,,0
2025-09-01 17:48:03,0,16,1,[1127.0823260313864 65.47391883065467 1405.421865006187 370.6330822562203],[1186.672607421875 328.4725036621094 1267.677001953125 370.24859619140625],0.526137113571167,,0
2025-09-01 17:48:03,0,17,1,[1127.0064511165908 65.47291921924676 1405.4287958240054 370.5611469829241],[1189.946044921875 328.6084899902344 1267.7567138671875 370.10650634765625],0.5138950347900391,,0
2025-09-01 17:48:04,0,18,1,[1126.7293036843116 65.72962803595567 1404.9104874957757 370.55013968040566],[1189.6707763671875 328.75390625 1267.73193359375 369.9961242675781],0.5206450819969177,,0
2025-09-01 17:48:04,0,19,1,[1126.690119820088 66.23949236476048 1404.6780961833601 370.623587190177],[1189.1470947265625 328.6175231933594 1267.8062744140625 369.9913330078125],0.5107903480529785,,0
2025-09-01 17:48:04,0,20,1,[1126.559025214239 66.25768285384842 1404.3626476083866 370.4254553043153],[1190.2972412109375 328.592529296875 1267.8236083984375 370.0231018066406],0.47801604866981506,,0
2025-09-01 17:48:04,0,21,1,[1126.467096233557 66.18694325810202 1404.0163045333127 370.1919351673545],[1191.1396484375 328.6242370605469 1267.959716796875 369.95709228515625],0.4681765139102936,,0
2025-09-01 17:48:04,0,22,1,[1126.1676978144606 66.21099889436613 1403.1625124950929 370.13611054203784],[1191.0538330078125 328.8095397949219 1268.0145263671875 369.9290771484375],0.46161210536956787,,0
2025-09-01 17:48:04,0,24,1,[1126.799201861349 66.02721786125306 1403.6250808855439 370.0855144667658],[1190.29833984375 328.5423278808594 1267.9178466796875 369.8783874511719],0.43855151534080505,,0
2025-09-01 17:48:04,0,25,1,[1126.9121469196311 66.09836695305066 1403.6020501221278 370.1474204947498],[1190.788818359375 328.6465148925781 1267.978271484375 369.6143493652344],0.44619306921958923,,0
2025-09-01 17:48:04,0,25,2,[1478.936598819539 94.58224172771861 1705.4601379137862 359.3457984754819],[1551.0450439453125 297.43780517578125 1636.1766357421875 343.8091735839844],0.18264466524124146,,0
2025-09-01 17:48:04,0,26,1,[1126.9923495654477 66.19313708551473 1403.4641613416563 370.1689433220573],[1193.3394775390625 328.7596435546875 1267.942138671875 369.4434814453125],0.44426387548446655,,0
2025-09-01 17:48:04,0,26,2,[1478.349709231255 94.78738647296717 1705.191058853864 359.4234538881829],[1552.072998046875 297.8104248046875 1636.24365234375 344.1134948730469],0.20141693949699402,,0
2025-09-01 17:48:05,0,27,1,[1127.2238204356775 66.28818169464242 1403.6748294091556 370.16003091610037],[1192.2763671875 328.7993469238281 1267.9765625 369.4566650390625],0.4444809556007385,,0
2025-09-01 17:48:05,0,27,2,[1478.6543362645998 94.71787960553311 1705.2776240028684 359.0955289211096],[1552.0667724609375 298.0953369140625 1636.2703857421875 344.29302978515625],0.20123298466205597,,0
2025-09-01 17:48:05,0,28,1,[1127.4379447849758 66.38534553182396 1403.8451254456907 370.2759082662467],[1192.9185791015625 328.9233703613281 1267.9566650390625 369.39691162109375],0.4361395537853241,,0
2025-09-01 17:48:05,0,28,2,[1478.7158852012415 94.81094247168733 1705.4097591498073 358.8951124294493],[1552.55029296875 297.97406005859375 1636.1917724609375 343.96612548828125],0.16793891787528992,,0
2025-09-01 17:48:05,0,29,1,[1127.3388954608827 66.47670995129272 1403.5201771426505 370.3455838463963],[1193.2760009765625 329.15057373046875 1268.0855712890625 369.4765319824219],0.44977399706840515,,0
2025-09-01 17:48:05,0,29,2,[1479.0677409735883 94.8105003323868 1705.662164686992 358.70199885249076],[1552.9102783203125 298.51861572265625 1636.088134765625 344.16387939453125],0.15516628324985504,,0
2025-09-01 17:48:05,0,30,1,[1127.4229844406682 66.31700838991526 1403.685218961838 370.3135937100517],[1193.4512939453125 328.7347717285156 1268.32763671875 369.5235290527344],0.44510361552238464,,0
2025-09-01 17:48:05,0,31,1,[1127.2729651471232 66.17107875303353 1403.3802459812414 370.3091613617812],[1193.17529296875 328.6068420410156 1268.406005859375 369.7830505371094],0.44932183623313904,,0
2025-09-01 17:48:05,0,32,1,[1127.3088788367772 65.9633694818007 1403.4666418461625 370.3249067602335],[1193.7120361328125 328.67034912109375 1268.3011474609375 369.6010437011719],0.43083029985427856,,0
2025-09-01 17:48:05,0,33,1,[1127.0925049960279 66.03906772389496 1403.12009774556 370.48812996655386],[1193.6817626953125 328.6511535644531 1268.3843994140625 369.8515319824219],0.45533034205436707,,0
2025-09-01 17:48:06,0,34,1,[1126.821598666304 66.18285951857536 1402.5098618454017 370.6435939819791],[1191.1387939453125 328.6025390625 1268.2701416015625 369.9538879394531],0.4988260567188263,,0
2025-09-01 17:48:06,0,35,1,[1127.204382711618 66.13099549955373 1403.023024184287 370.7022035270612],[1193.21240234375 328.469970703125 1268.615234375 370.01751708984375],0.47639408707618713,,0
2025-09-01 17:48:06,0,36,1,[1127.366898453025 66.01273184100273 1403.3078945285301 370.74725466792665],[1193.808837890625 328.3377990722656 1268.492431640625 369.97332763671875],0.47368910908699036,,0
2025-09-01 17:48:06,0,36,2,[1481.3206080881741 95.15670060007938 1706.8327593936124 356.7960222196402],[1551.63134765625 298.3067932128906 1636.5849609375 343.6609191894531],0.15875579416751862,,0
2025-09-01 17:48:06,0,37,1,[1127.4502979005542 65.88008535640807 1403.54712831417 370.6994422840206],[1194.8856201171875 328.7348937988281 1268.4200439453125 369.80877685546875],0.47387856245040894,,0
2025-09-01 17:48:06,0,37,2,[1480.9552649299712 95.31202596207899 1706.7638457536787 357.00374933931346],[1551.9169921875 298.3854064941406 1636.144775390625 343.1236572265625],0.17114830017089844,,0
2025-09-01 17:48:06,0,38,1,[1127.3501312127569 65.92081489281122 1403.283393002751 370.70287670192994],[1194.7493896484375 328.255859375 1268.6275634765625 369.8617248535156],0.4628452956676483,,0
2025-09-01 17:48:06,0,38,2,[1480.612785691048 95.49237559325096 1706.9274876353284 357.4389012261353],[1552.1385498046875 297.9139099121094 1635.9188232421875 343.3570251464844],0.1596388965845108,,0
2025-09-01 17:48:06,0,39,1,[1127.4437299779247 65.86858175892138 1403.5149502967606 370.80025480682264],[1194.617919921875 328.3865661621094 1268.6005859375 369.9330139160156],0.4612495005130768,,0
2025-09-01 17:48:06,0,39,2,[1480.1281104498487 95.44942942826461 1706.691493122191 357.6528020403472],[1552.7010498046875 297.95208740234375 1635.9891357421875 343.37322998046875],0.16031166911125183,,0
2025-09-01 17:48:06,0,40,1,[1127.0447090505088 65.8592789426834 1402.8286062831883 370.8899847594222],[1196.3328857421875 328.6228332519531 1268.0120849609375 369.4654541015625],0.43572118878364563,,0
2025-09-01 17:48:06,0,40,2,[1479.3001070492392 95.58468467160014 1706.5758057304665 358.13930851350204],[1550.8565673828125 297.6240539550781 1636.447021484375 343.62298583984375],0.15528851747512817,,0
2025-09-01 17:48:06,0,41,1,[1126.9064387600304 66.04203087702757 1402.4703140692893 371.0635064737289],[1195.985595703125 328.5240478515625 1268.2557373046875 369.5730285644531],0.43112194538116455,,0
2025-09-01 17:48:06,0,41,2,[1478.264253293339 95.33681370202683 1705.9811816960203 357.80384473759716],[1550.8765869140625 297.8861389160156 1636.351318359375 343.251708984375],0.17036062479019165,,0
2025-09-01 17:48:07,0,42,1,[1127.0550305507957 66.07101330255779 1402.5123683187942 371.0232850680351],[1196.2789306640625 328.6529235839844 1268.3563232421875 369.3541564941406],0.4571797847747803,,0
2025-09-01 17:48:07,0,42,2,[1477.6143048420379 95.35623061678993 1705.8490676456802 357.95806516613004],[1550.2210693359375 297.94842529296875 1636.2161865234375 343.1397399902344],0.16827185451984406,,0
2025-09-01 17:48:07,0,43,1,[1126.9725625315732 66.00055604748601 1402.6635749448096 370.90298970465847],[1195.155517578125 328.7794189453125 1268.1658935546875 369.4307556152344],0.45000389218330383,,0
2025-09-01 17:48:07,0,44,1,[1127.0060835733345 66.01824202837034 1403.2149084972386 370.93330298158287],[1196.9990234375 329.0105285644531 1268.3038330078125 369.27093505859375],0.44870224595069885,,0
2025-09-01 17:48:07,0,45,1,[1127.5504078633323 65.80811763480762 1404.8339730062141 370.85162972066524],[1196.110595703125 328.7468566894531 1268.106201171875 369.41046142578125],0.4521295726299286,,0
2025-09-01 17:48:07,0,46,1,[1127.5223535009454 65.69635285273719 1405.3044547671648 370.86176778018887],[1197.6741943359375 328.7882995605469 1268.0599365234375 369.3435974121094],0.4397854208946228,,0
2025-09-01 17:48:07,0,47,1,[1127.6919873852269 65.77385842716603 1406.1179922336735 370.9876256435142],[1197.6690673828125 328.8992614746094 1268.2042236328125 369.44989013671875],0.4241599440574646,,0
2025-09-01 17:48:08,0,48,1,[1127.3820360879574 65.81692800717028 1406.0553646009714 370.94178476500383],[1195.804931640625 328.80078125 1268.2198486328125 369.5120849609375],0.41762515902519226,,0
2025-09-01 17:48:08,0,49,1,[1126.9743639112712 65.78751231804242 1405.1577579493273 370.94462538259484],[1195.288330078125 328.77276611328125 1268.2818603515625 369.5289306640625],0.415521502494812,,0
2025-09-01 17:48:08,0,50,1,[1126.7195885104127 66.04458809244451 1404.4823878294208 371.1532373478177],[1195.490234375 328.5988464355469 1268.145263671875 369.5540771484375],0.39351338148117065,,0
2025-09-01 17:48:08,0,51,1,[1127.5145950194205 66.88349356414005 1404.051050188572 371.3874058901116],[1195.9635009765625 329.2120666503906 1268.1641845703125 369.6046142578125],0.46820592880249023,,0
2025-09-01 17:48:08,0,52,1,[1128.0309688850518 67.39167063845196 1403.5720810090245 371.43852047691246],[1195.8387451171875 329.2440185546875 1268.1258544921875 369.6017761230469],0.47368621826171875,,0
2025-09-01 17:48:08,0,53,1,[1127.4345010138982 67.58720473992025 1401.4989668014355 371.3521575937363],[1186.77001953125 328.6528015136719 1268.008056640625 369.7158508300781],0.5103265643119812,,0
2025-09-01 17:48:09,0,54,1,[1127.5883327265576 67.63347001565813 1400.8618333274096 371.2756027467059],[1186.732421875 328.6681823730469 1267.9473876953125 369.6916809082031],0.5107228755950928,,0
2025-09-01 17:48:09,0,55,1,[1127.859930158289 67.90916754108707 1400.6769728453532 371.3923182686612],[1185.08203125 328.4367370605469 1267.9537353515625 369.9165344238281],0.513575553894043,,0
2025-09-01 17:48:09,0,56,1,[1128.0176733286664 68.03372766902166 1400.487604676907 371.41594550465436],[1185.471435546875 328.3768615722656 1267.915771484375 369.8941955566406],0.5151604413986206,,0
2025-09-01 17:48:09,0,57,1,[1128.079639342311 68.27751629530422 1400.3522940844678 371.63053502713893],[1185.8701171875 328.7295227050781 1268.569580078125 370.3858337402344],0.5239394307136536,,0
2025-09-01 17:48:09,0,58,1,[1128.1823180996848 68.40349904668304 1400.3493683553202 371.71845833454256],[1186.5150146484375 328.645751953125 1268.5858154296875 370.3729248046875],0.5186928510665894,,0
2025-09-01 17:48:09,0,59,1,[1128.2368043360048 68.57655187918371 1400.0434596642908 371.7917902378963],[1186.4595947265625 328.69903564453125 1268.486572265625 370.46173095703125],0.5180966258049011,,0
2025-09-01 17:48:09,0,60,1,[1128.2569141560814 68.69310418600276 1399.7686690128987 371.81875365340073],[1186.777587890625 328.6329650878906 1268.4385986328125 370.4996643066406],0.4997696876525879,,0
2025-09-01 17:48:09,0,61,1,[1128.3211700727566 68.68975586604512 1399.6224480519436 371.78715364308357],[1186.632568359375 328.6571350097656 1268.43359375 370.4913330078125],0.5068560242652893,,0
2025-09-01 17:48:09,0,62,1,[1128.3118366279173 68.64348625303583 1399.5573803970806 371.7675913760389],[1186.5450439453125 328.6553039550781 1268.4071044921875 370.48492431640625],0.5081284046173096,,0
2025-09-01 17:48:10,0,63,1,[1128.0959710443808 68.7162687036554 1399.3129431951238 371.975852997781],[1184.9505615234375 328.792236328125 1268.669677734375 370.72906494140625],0.5214173793792725,,0
2025-09-01 17:48:10,0,64,1,[1128.061232998625 68.67255865503071 1399.1931491318198 372.05298236868657],[1184.309814453125 328.76239013671875 1268.6251220703125 370.7767639160156],0.5245214700698853,,0
2025-09-01 17:48:10,0,65,1,[1127.9329851363657 68.75116926792487 1398.9309285087368 372.1647735446873],[1185.76953125 328.69659423828125 1268.5181884765625 370.5719909667969],0.5146619081497192,,0
2025-09-01 17:48:10,0,66,1,[1128.0429707656815 68.69240707466216 1399.1998292052738 372.2003074965362],[1185.7091064453125 328.765625 1268.5009765625 370.5747375488281],0.5151464343070984,,0
2025-09-01 17:48:10,0,67,1,[1128.0750962458835 68.51027197061012 1399.4135597436923 372.1796344270571],[1185.4761962890625 328.8095397949219 1268.49072265625 370.5669250488281],0.5220575332641602,,0
2025-09-01 17:48:10,0,68,1,[1128.1951410485608 68.48737668292279 1399.47719985922 372.1929840929259],[1185.1488037109375 328.6593017578125 1268.504150390625 370.59942626953125],0.5227398872375488,,0
2025-09-01 17:48:10,0,69,1,[1128.0284901365912 68.63169915017545 1399.0944465598245 372.3038138878312],[1183.7835693359375 328.37109375 1268.484130859375 370.3642272949219],0.5162762999534607,,0
2025-09-01 17:48:10,0,70,1,[1127.8875337968402 68.8010374805126 1398.7790129699315 372.4034211868605],[1184.150146484375 328.4471740722656 1268.49365234375 370.30499267578125],0.5104305148124695,,0
2025-09-01 17:48:10,0,71,1,[1127.851603732984 68.99462590422343 1398.5811709356537 372.59025714299753],[1183.975341796875 328.5636291503906 1268.319580078125 370.38812255859375],0.4954511225223541,,0
2025-09-01 17:48:10,0,72,1,[1126.7805987165732 69.55335092569834 1395.7180195003555 372.9822876537385],[1183.936279296875 329.24169921875 1268.227783203125 371.1007080078125],0.5132284164428711,,0
2025-09-01 17:48:11,0,73,1,[1126.7639621871845 69.53604946626098 1394.4507483852271 373.106661432939],[1184.8681640625 330.17138671875 1269.421142578125 372.4518127441406],0.5480759143829346,,0
2025-09-01 17:48:11,0,74,1,[1126.8529762733697 69.84731587265915 1393.6018142496528 373.49512548058306],[1184.9833984375 330.19647216796875 1269.404541015625 372.4243469238281],0.5481425523757935,,0
2025-09-01 17:48:11,0,75,1,[1126.9724414159596 69.94745250534302 1392.9318779528735 373.6400475208201],[1185.1524658203125 330.31829833984375 1269.3623046875 372.3873596191406],0.5445000529289246,,0
2025-09-01 17:48:11,0,76,1,[1126.9551087225566 69.48067879780277 1392.2735711975963 373.30295332080027],[1185.36083984375 330.4709777832031 1269.298583984375 372.3387756347656],0.5536490678787231,,0
2025-09-01 17:48:11,0,77,1,[1127.225896880468 69.18093898508707 1392.2471781559866 373.11696257662356],[1185.4578857421875 330.4527893066406 1269.2689208984375 372.274658203125],0.5555687546730042,,0
2025-09-01 17:48:11,0,78,1,[1127.3753175595423 69.1638037356085 1392.1205600664587 373.12349991928676],[1185.5859375 330.4792785644531 1269.251220703125 372.2481994628906],0.5532707571983337,,0
2025-09-01 17:48:11,0,79,1,[1127.579030940144 69.2326630402892 1392.2326950855459 373.21256084322107],[1186.0159912109375 330.6042175292969 1269.1231689453125 372.1102294921875],0.5531875491142273,,0
2025-09-01 17:48:11,0,80,1,[1127.8263858436867 68.80738032107448 1392.5916222958685 373.0038370863899],[1185.778564453125 330.6025085449219 1269.0992431640625 372.1004333496094],0.5550909042358398,,0
2025-09-01 17:48:11,0,81,1,[1127.8125172067193 68.74716867802036 1392.5366097074862 373.0103282848155],[1185.56298828125 330.69244384765625 1269.1585693359375 372.06951904296875],0.5558868050575256,,0
2025-09-01 17:48:12,0,82,1,[1127.8912044067858 68.60171135506693 1392.6912755816877 372.9783575273122],[1185.55810546875 330.5303955078125 1269.2745361328125 372.1750793457031],0.5576653480529785,,0
2025-09-01 17:48:12,0,83,1,[1128.305689767926 68.100146305371 1393.379050643294 372.8738474823266],[1185.6083984375 330.497314453125 1269.330078125 372.20361328125],0.5532099604606628,,0
2025-09-01 17:48:12,0,84,1,[1129.4297161174663 67.7993184279216 1395.6596549699861 373.09545768750706],[1186.0830078125 330.63653564453125 1270.37548828125 372.9595642089844],0.5588981509208679,,0
2025-09-01 17:48:12,0,85,1,[1129.6516848712743 67.67218665440987 1396.712530615455 373.2854813903437],[1186.1251220703125 330.7936706542969 1270.404052734375 372.9983825683594],0.5691516399383545,,0
2025-09-01 17:48:12,0,86,1,[1130.150755301319 68.71709228028311 1398.3525288295104 374.01451307886737],[1186.078857421875 330.859619140625 1270.53173828125 373.0478515625],0.5771386027336121,,0
2025-09-01 17:48:12,0,87,1,[1130.3606756637525 68.98791258040336 1399.8199102046708 374.149129219024],[1186.1143798828125 330.73236083984375 1270.510986328125 373.0654296875],0.5710689425468445,,0
2025-09-01 17:48:12,0,88,1,[1130.5941674088572 68.87012506179136 1401.5152762311873 374.0636699374603],[1186.051025390625 330.7754211425781 1270.5673828125 373.04315185546875],0.5779750943183899,,0
2025-09-01 17:48:12,0,89,1,[1130.5016582131443 68.93950679189248 1402.3602934480955 374.0384683928674],[1185.949951171875 330.6407775878906 1270.5458984375 373.1053161621094],0.5731110572814941,,0
2025-09-01 17:48:12,0,90,1,[1130.671861095148 69.05568835895997 1403.7895412554071 374.05235886827614],[1186.0155029296875 330.7450866699219 1270.7230224609375 373.1896667480469],0.5769437551498413,,0
2025-09-01 17:48:12,0,91,1,[1129.8866971045784 69.18609127869689 1402.995355829523 374.0513328909329],[1185.9365234375 330.65972900390625 1270.7318115234375 373.160888671875],0.5722097158432007,,0
2025-09-01 17:48:13,0,92,1,[1129.1488865759998 69.35888724311332 1401.701163859358 374.0527673461811],[1185.9188232421875 330.7083435058594 1270.7197265625 373.172607421875],0.5731955766677856,,0
2025-09-01 17:48:13,0,93,1,[1128.8090452825054 69.54396349883677 1400.7134804317884 374.0762212313007],[1185.8017578125 330.6929931640625 1270.713134765625 373.2424011230469],0.5817152857780457,,0
2025-09-01 17:48:13,0,94,1,[1128.704497853718 69.64420661179372 1400.0891058935138 374.0542341468988],[1185.78662109375 330.6264953613281 1270.690185546875 373.2752380371094],0.5808058381080627,,0
2025-09-01 17:48:13,0,95,1,[1129.109338606068 69.64387970827164 1400.616959440259 373.9597766632025],[1185.8525390625 330.6517639160156 1270.6776123046875 373.2558288574219],0.5763925313949585,,0
2025-09-01 17:48:13,0,96,1,[1129.2243866311678 69.6106918397355 1400.9689508761594 373.8801967968226],[1185.641357421875 330.6141662597656 1270.6839599609375 373.33807373046875],0.5848140716552734,,0
2025-09-01 17:48:13,0,97,1,[1129.376606612806 69.72657649761379 1401.3667738081099 373.88323466674416],[1185.8704833984375 330.5979309082031 1270.7098388671875 373.3103942871094],0.5786855816841125,,0
2025-09-01 17:48:13,0,98,1,[1129.2624000996166 69.74416414339575 1401.4661787102987 373.83681568946236],[1185.8873291015625 330.61505126953125 1270.7845458984375 373.3858337402344],0.5802333950996399,,0
2025-09-01 17:48:13,0,99,1,[1129.8761381624595 67.56274232558084 1402.000646130346 371.87796691011386],[1197.5321044921875 329.3039855957031 1268.369384765625 369.6427001953125],0.48926615715026855,,0
2025-09-01 17:48:14,0,100,1,[1130.3850053679246 66.26786761644081 1402.6885212470927 370.97559062019167],[1196.6495361328125 329.1544494628906 1268.4722900390625 369.6014404296875],0.497679740190506,,0
2025-09-01 17:48:14,0,101,1,[1130.9179636670058 65.96884236835194 1404.1360965800384 370.87295026579596],[1194.0013427734375 328.86370849609375 1268.4122314453125 369.7691345214844],0.4979090988636017,,0
2025-09-01 17:48:14,0,102,1,[1130.8986875789665 65.58589222123598 1404.5519537215523 370.78739836638795],[1193.020751953125 328.8009338378906 1268.480712890625 369.73333740234375],0.5140563249588013,,0
2025-09-01 17:48:14,0,103,1,[1130.8898823512068 65.44800303151433 1404.8467097825 370.83999886971424],[1194.4468994140625 328.9096374511719 1268.5462646484375 369.7039794921875],0.5035597681999207,,0
2025-09-01 17:48:14,0,104,1,[1130.6682820696274 65.47239843659085 1404.7638042365497 370.9260163969883],[1194.16748046875 329.00921630859375 1268.4024658203125 369.5794372558594],0.5069537162780762,,0
2025-09-01 17:48:14,0,105,1,[1130.5925593118882 65.76395888294383 1405.1339055133822 371.1001057186018],[1193.9091796875 328.8804626464844 1268.42724609375 369.59765625],0.5060908198356628,,0
2025-09-01 17:48:14,0,106,1,[1130.509733627683 65.73136309645957 1405.275786511424 371.08119534447826],[1195.10546875 329.1097717285156 1268.3575439453125 369.512451171875],0.5048449635505676,,0
2025-09-01 17:48:14,0,107,1,[1130.5846858787013 65.52429041880362 1405.522566442337 370.9656598491383],[1194.4405517578125 329.1081237792969 1268.3448486328125 369.5024719238281],0.4965723156929016,,0
2025-09-01 17:48:15,0,108,1,[1130.749583902225 65.25200563060005 1406.0174550442125 370.8593374075007],[1196.3712158203125 329.19287109375 1268.31640625 369.4881591796875],0.48042914271354675,,0
2025-09-01 17:48:15,0,109,1,[1130.88914871746 65.12165455825229 1406.4242883547963 370.8282860626838],[1195.743408203125 328.9853515625 1268.2811279296875 369.4032287597656],0.49148043990135193,,0
2025-09-01 17:48:15,0,110,1,[1131.0825278476598 65.23165349646601 1407.0838339096965 370.90257864727084],[1195.9049072265625 328.7919616699219 1268.2623291015625 369.44512939453125],0.48474639654159546,,0
2025-09-01 17:48:15,0,111,1,[1131.0842287761236 65.24797334258358 1407.391491891966 370.906526222533],[1196.839599609375 328.82861328125 1268.197265625 369.3897705078125],0.4780840575695038,,0
2025-09-01 17:48:15,0,112,1,[1130.8343910080616 65.4156455270842 1407.1513145248155 370.96973664806615],[1198.342529296875 329.12860107421875 1268.1976318359375 369.4124450683594],0.4693525731563568,,0
2025-09-01 17:48:15,0,113,1,[1130.8765397376503 65.4090271313616 1407.2615109972633 370.9578584243464],[1197.8138427734375 329.0722961425781 1268.2281494140625 369.4395446777344],0.47980403900146484,,0
2025-09-01 17:48:15,0,113,2,[1478.38775557454 93.05358767757573 1712.0288626902336 360.73601249415424],[1550.9366455078125 297.36456298828125 1635.1600341796875 342.6909484863281],0.15223534405231476,,0
2025-09-01 17:48:16,0,114,1,[1130.848603391308 65.49712477526316 1407.3847039643663 370.97317763664296],[1198.025146484375 329.11785888671875 1268.2135009765625 369.4584045410156],0.4671359062194824,,0
2025-09-01 17:48:16,0,114,2,[1477.898203468925 93.4756850821503 1711.7342255309243 360.8991615278584],[1551.040771484375 297.3743896484375 1635.1949462890625 342.6484069824219],0.15177306532859802,,0
2025-09-01 17:48:16,0,115,1,[1130.729203959798 65.67087865225133 1407.1816200314481 370.98259985343043],[1197.0780029296875 329.1496887207031 1268.2091064453125 369.4761962890625],0.4756070077419281,,0
2025-09-01 17:48:16,0,115,2,[1477.2185898015632 93.8184479655161 1711.0432153906327 361.05983677872814],[1550.9429931640625 297.304443359375 1635.5450439453125 342.6985778808594],0.1682780683040619,,0
2025-09-01 17:48:16,0,116,1,[1130.9444511935012 65.7492164407075 1407.7967789300328 370.93525314066585],[1195.978271484375 329.23199462890625 1268.185546875 369.5052185058594],0.47233834862709045,,0
2025-09-01 17:48:16,0,116,2,[1477.0968171247112 93.7852195337353 1710.6066096659586 361.103047774574],[1551.001220703125 297.3708190917969 1635.46044921875 342.57122802734375],0.16692736744880676,,0
2025-09-01 17:48:16,0,117,1,[1131.065146141585 65.70303000908581 1408.4402248085453 370.8616502057853],[1194.028076171875 329.0335693359375 1268.21728515625 369.68682861328125],0.4670160710811615,,0
2025-09-01 17:48:16,0,117,2,[1477.312761231088 94.03756888779375 1710.7143443917937 361.4684135423739],[1551.1385498046875 297.3839416503906 1635.5809326171875 342.7149353027344],0.15459337830543518,,0
2025-09-01 17:48:17,0,118,1,[1130.591658877795 65.47969590368413 1407.7388664596006 370.73556970041716],[1194.1102294921875 329.0134582519531 1268.2474365234375 369.742431640625],0.4790671765804291,,0
2025-09-01 17:48:17,0,118,2,[1477.6541391301055 94.64924259298382 1711.2908953079607 361.8165224873194],[1551.087890625 297.2682800292969 1635.4130859375 342.7593688964844],0.1619877815246582,,0
2025-09-01 17:48:17,0,119,1,[1130.4190620665865 65.27321215893386 1407.6446294599161 370.69128970778723],[1194.971923828125 329.0379638671875 1268.3631591796875 369.7121887207031],0.4605220556259155,,0
2025-09-01 17:48:17,0,120,1,[1129.871655453855 65.41379746686832 1406.473848966586 370.7650493439404],[1194.2100830078125 329.0810241699219 1268.413330078125 369.7709045410156],0.4775408208370209,,0
2025-09-01 17:48:17,0,120,2,[1476.9365111346988 96.96555835724052 1711.0951996203457 362.7908666987243],[1551.3714599609375 297.3690185546875 1635.5274658203125 342.7027587890625],0.16681599617004395,,0
2025-09-01 17:48:18,0,121,1,[1129.6117803943964 65.25587356706816 1405.5032939227078 370.6200404208736],[1194.2230224609375 329.09967041015625 1268.4346923828125 369.7656555175781],0.4836317300796509,,0
2025-09-01 17:48:18,0,121,2,[1476.1926997856062 96.57415263634277 1709.8657608164644 362.6328582943132],[1551.2442626953125 297.4054870605469 1635.4610595703125 342.7643127441406],0.17492859065532684,,0
2025-09-01 17:48:18,0,122,1,[1129.832564033412 65.26225894600142 1405.2956953452917 370.62248939611914],[1196.2686767578125 329.3332214355469 1268.42431640625 369.5898742675781],0.4782925248146057,,0
2025-09-01 17:48:18,0,122,2,[1476.039874863587 96.36326332232224 1709.3760851573293 362.3674599511189],[1551.46923828125 297.59979248046875 1635.30078125 342.5503234863281],0.154578298330307,,0
2025-09-01 17:48:18,0,123,1,[1129.564678208075 65.5492616537467 1404.3623435247011 370.73542367125754],[1196.24560546875 329.2507629394531 1268.43017578125 369.6117858886719],0.4726630449295044,,0
2025-09-01 17:48:18,0,123,2,[1475.8184782467806 96.69855201296872 1709.0474614581062 363.006950589866],[1551.4248046875 297.4839782714844 1635.709716796875 342.6370544433594],0.170320525765419,,0
2025-09-01 17:48:19,0,124,1,[1129.7405639582792 65.74785512579552 1404.384779645605 370.8133736020192],[1197.4534912109375 329.2254638671875 1268.4918212890625 369.6563415527344],0.4532313644886017,,0
2025-09-01 17:48:19,0,124,2,[1476.0231874788246 96.65459345171556 1709.3793850047218 363.4711763707868],[1551.5040283203125 297.48358154296875 1635.7431640625 342.7191467285156],0.17259810864925385,,0
2025-09-01 17:48:19,0,125,1,[1129.575941504552 65.56646242432006 1403.8008533430705 370.68486537182275],[1194.297607421875 328.8905334472656 1268.552490234375 369.63702392578125],0.4811623692512512,,0
2025-09-01 17:48:19,0,125,2,[1475.7440205208586 96.230028218071 1709.4734292252015 363.82488603303193],[1551.3739013671875 297.2565612792969 1635.9129638671875 342.74041748046875],0.19449208676815033,,0
2025-09-01 17:48:19,0,126,1,[1129.6268453017724 65.81962638251287 1403.672998190631 370.773532016925],[1192.4619140625 328.6323547363281 1268.56201171875 369.8023681640625],0.4876653254032135,,0
2025-09-01 17:48:19,0,126,2,[1476.0348277732946 96.4385713817745 1709.776683070454 364.48960375549893],[1551.018310546875 297.1407165527344 1636.0576171875 342.9872131347656],0.21101881563663483,,0
2025-09-01 17:48:19,0,127,1,[1129.631681682259 65.63787456303109 1403.194131800597 370.6375121362347],[1192.9613037109375 328.6745910644531 1268.5367431640625 369.74835205078125],0.4741872251033783,,0
2025-09-01 17:48:19,0,127,2,[1475.7609383875483 95.93141149824325 1709.7447063144805 364.5646498862392],[1551.02490234375 297.3027038574219 1635.8162841796875 342.8547668457031],0.1826174110174179,,0
2025-09-01 17:48:20,0,128,1,[1129.555153471354 66.49015065562122 1402.4763066811706 370.9702840511787],[1194.6300048828125 328.9359130859375 1268.556640625 369.6607666015625],0.4692390561103821,,0
2025-09-01 17:48:20,0,128,2,[1475.4426241598117 96.44899006719604 1709.7164765073371 365.53694852371723],[1551.076904296875 297.44769287109375 1635.506103515625 342.8955078125],0.15457044541835785,,0
2025-09-01 17:48:20,0,129,1,[1130.4001923665387 65.65274669313555 1403.9327407529859 370.4846283988679],[1194.7069091796875 328.84149169921875 1268.6339111328125 369.73663330078125],0.47954249382019043,,0
2025-09-01 17:48:20,0,129,2,[1475.3859470583095 95.3385367211016 1709.3173777624186 365.585886616607],[1550.986083984375 297.4347229003906 1635.683349609375 342.9410705566406],0.1850508153438568,,0
2025-09-01 17:48:20,0,130,1,[1130.548119427051 66.06876663445362 1404.2521173175078 370.70831154216046],[1195.678955078125 328.760009765625 1268.536376953125 369.63922119140625],0.45432156324386597,,0
2025-09-01 17:48:20,0,130,2,[1475.771355861367 95.10230467532355 1709.285895648107 365.7470305850426],[1551.1871337890625 297.5337829589844 1635.5562744140625 342.7900390625],0.17006967961788177,,0
2025-09-01 17:48:20,0,131,1,[1130.5907035764662 65.88401659162815 1404.6038867267998 370.645064766942],[1196.147216796875 328.7540588378906 1268.4844970703125 369.6534118652344],0.45076069235801697,,0
2025-09-01 17:48:20,0,131,2,[1474.6338856503132 95.17542599342522 1708.513501022551 365.51535168264746],[1551.180908203125 297.66448974609375 1635.676025390625 343.02923583984375],0.17319150269031525,,0
2025-09-01 17:48:20,0,132,1,[1130.7035607248085 65.74491611093993 1405.434220960491 370.64080560001827],[1194.83642578125 328.7135925292969 1268.499755859375 369.7682189941406],0.44624823331832886,,0
2025-09-01 17:48:20,0,132,2,[1475.4605254592766 95.37037484949025 1708.804390737192 366.21646144685405],[1551.0673828125 297.38397216796875 1636.0166015625 343.26214599609375],0.18273353576660156,,0
2025-09-01 17:48:21,0,133,1,[1130.523807727883 66.16436092424729 1405.7313834791314 370.8691309650608],[1195.997314453125 328.8898620605469 1268.479248046875 369.68109130859375],0.45214328169822693,,0
2025-09-01 17:48:21,0,133,2,[1474.4744644828502 95.23262705256286 1708.7246682017376 366.217539832531],[1551.066650390625 297.3128662109375 1635.7705078125 343.0262145996094],0.20208320021629333,,0
2025-09-01 17:48:21,0,134,1,[1130.5566160051783 66.61738910153804 1406.2476333364573 371.04389558536616],[1196.05224609375 328.8664245605469 1268.471923828125 369.72357177734375],0.45888859033584595,,0
2025-09-01 17:48:21,0,134,2,[1474.0365834517997 94.71120713090573 1708.8790968270155 365.94782724496304],[1551.126708984375 297.27813720703125 1635.98291015625 343.20501708984375],0.18549981713294983,,0
2025-09-01 17:48:21,0,135,1,[1128.1587605887635 67.80447971239408 1401.188648987069 371.25649564268053],[1196.8834228515625 329.110107421875 1268.4521484375 369.5547180175781],0.49205079674720764,,0
2025-09-01 17:48:21,0,136,1,[1128.0407254490742 68.81646552078189 1399.3300141082373 371.29078488727316],[1199.4459228515625 329.217041015625 1268.605224609375 369.618896484375],0.4761512577533722,,0
2025-09-01 17:48:21,0,137,1,[1129.0072283896388 68.45780946867453 1400.2239437901462 370.75856749325715],[1196.263671875 329.1145324707031 1268.5506591796875 369.6756896972656],0.4806707799434662,,0
2025-09-01 17:48:22,0,138,1,[1129.8629281993215 67.81569180766124 1401.4444285162356 370.255385536027],[1195.6195068359375 329.0196533203125 1268.4903564453125 369.7554931640625],0.46838831901550293,,0
2025-09-01 17:48:22,0,139,1,[1130.1427995717927 67.38444858371642 1401.7139738275928 370.0106448321616],[1197.7255859375 329.17816162109375 1268.4779052734375 369.6487731933594],0.4822874069213867,,0
2025-09-01 17:48:22,0,139,2,[1479.057054626391 94.96992079470718 1710.607011147791 365.7828436926594],[1550.953857421875 297.0160827636719 1636.449462890625 343.2837219238281],0.17575404047966003,,0
2025-09-01 17:48:22,0,140,1,[1130.283031036161 67.30976243975681 1401.7656948820772 370.0492816641441],[1197.3541259765625 329.3525390625 1268.52978515625 369.6309814453125],0.4843562841415405,,0
2025-09-01 17:48:22,0,140,2,[1479.6972146932792 94.56166236279711 1710.7969149588805 365.7791068286505],[1550.6920166015625 297.2051696777344 1636.4718017578125 343.0207214355469],0.17825137078762054,,0
2025-09-01 17:48:22,0,141,1,[1130.1553705392703 67.1633268956667 1401.4654527324387 370.0643368631654],[1194.884033203125 329.035400390625 1268.533447265625 369.78204345703125],0.4886987507343292,,0
2025-09-01 17:48:22,0,141,2,[1480.249028875721 93.87950039502334 1710.899318185557 365.6595159257252],[1550.6572265625 296.99700927734375 1636.669921875 343.2998046875],0.15833137929439545,,0
2025-09-01 17:48:22,0,142,1,[1130.1126703745629 66.98049918619876 1401.518503857252 370.0705589565971],[1194.1605224609375 328.8807678222656 1268.643798828125 369.919189453125],0.5046347379684448,,0
2025-09-01 17:48:22,0,142,2,[1480.7600272215075 95.0778132034186 1710.971080715157 366.7355952055822],[1550.7254638671875 296.7935791015625 1636.7227783203125 343.45526123046875],0.16766603291034698,,0
2025-09-01 17:48:22,0,143,1,[1130.3490971169117 66.7754858632926 1402.2471357554023 370.05683006105676],[1192.5382080078125 328.8497619628906 1268.5211181640625 369.9310302734375],0.502249002456665,,0
2025-09-01 17:48:22,0,143,2,[1481.2965053177202 93.86021471858885 1710.9635623582642 365.95843087983974],[1550.93701171875 296.7166748046875 1636.7578125 343.5022277832031],0.15889602899551392,,0
2025-09-01 17:48:23,0,151,1,[1131.0018255197544 64.35531769387754 1406.1980698235368 370.1166700066524],[1196.2486572265625 328.7566833496094 1268.603515625 369.87982177734375],0.4655410349369049,,0
2025-09-01 17:48:24,0,152,1,[1131.1137318162027 64.0565037555586 1406.732292253575 370.08359520048896],[1196.1505126953125 328.76513671875 1268.6470947265625 369.8394470214844],0.4582686722278595,,0
2025-09-01 17:48:24,0,153,1,[1130.9495165057222 63.985847505578846 1406.7107392685987 370.15518393357866],[1196.03955078125 328.7218933105469 1268.6485595703125 369.85455322265625],0.4596656262874603,,0
2025-09-01 17:48:24,0,154,1,[1130.9855608638954 63.85175716447421 1407.037771523634 370.18144746723135],[1194.8724365234375 328.55145263671875 1268.731201171875 369.9826354980469],0.4670245945453644,,0
2025-09-01 17:48:24,0,155,1,[1130.6674843549265 64.29128349535421 1406.817404523236 370.4090896071836],[1190.4708251953125 328.16583251953125 1268.8436279296875 370.04058837890625],0.46282726526260376,,0
2025-09-01 17:48:24,0,156,1,[1130.3151586956942 64.63337217220268 1406.2617356936535 370.52165342761054],[1189.0546875 327.9264221191406 1268.8582763671875 370.0652160644531],0.46180814504623413,,0
2025-09-01 17:48:25,0,157,1,[1130.3252759659051 64.85370501377321 1406.1095410335404 370.56141409889295],[1188.5084228515625 327.9320068359375 1268.937744140625 370.11676025390625],0.4711662530899048,,0
2025-09-01 17:48:25,0,158,1,[1130.3108644619092 64.62615523128875 1405.6650980115687 370.3652749788242],[1189.0784912109375 327.93255615234375 1268.927490234375 370.07537841796875],0.47592735290527344,,0
2025-09-01 17:48:25,0,160,1,[1130.279658574596 64.08228067132112 1405.0045457775245 370.08390691361035],[1188.9290771484375 327.9385070800781 1268.96044921875 370.0318908691406],0.4945141673088074,,0
2025-09-01 17:48:26,0,161,1,[1130.2466536100471 64.10405084454572 1404.8475059408809 370.14070947088146],[1189.3681640625 328.121337890625 1268.8857421875 370.03216552734375],0.4881671071052551,,0
2025-09-01 17:48:26,0,162,1,[1130.3091444444096 63.857455034632125 1404.8204686837223 370.1059702453474],[1189.6292724609375 328.151123046875 1268.8172607421875 369.985595703125],0.48400354385375977,,0
2025-09-01 17:52:59,0,1,1,[1128.1627197265625 62.69737243652344 1403.5357666015625 370.3083801269531],[1197.5050048828125 330.14288330078125 1268.2025146484375 369.3844299316406],0.5458697080612183,,0
2025-09-01 17:52:59,0,1,2,[1476.874267578125 93.51849365234375 1709.0556640625 358.52630615234375],[1551.2515869140625 298.6824645996094 1635.5240478515625 342.7041931152344],0.3562432527542114,,0
2025-09-01 17:53:01,0,2,1,[1128.2507961913552 62.372951791960446 1404.8634422718055 370.3816814466761],[1198.9429931640625 329.96893310546875 1268.31982421875 369.2822570800781],0.5432083010673523,,0
2025-09-01 17:53:01,0,2,2,[1476.9346558072496 93.42508628646445 1709.0047963667432 359.0050357461125],[1551.38671875 298.8774108886719 1634.9747314453125 342.5112609863281],0.34393003582954407,,0
2025-09-01 17:53:01,0,3,1,[1128.1646681379939 62.45445309572213 1405.196868594092 370.4649774942867],[1198.754150390625 330.0500793457031 1268.3206787109375 369.2765808105469],0.5387936234474182,,0
2025-09-01 17:53:01,0,3,2,[1476.9701037093241 93.66624325457562 1708.6918829491628 359.36869668682175],[1551.4134521484375 298.91082763671875 1635.0076904296875 342.563720703125],0.35333144664764404,,0
2025-09-01 17:53:02,0,4,1,[1128.4664816632835 62.59126324778438 1406.1287189442178 370.58653583534806],[1198.5235595703125 329.90423583984375 1268.3885498046875 369.3780212402344],0.5430776476860046,,0
2025-09-01 17:53:02,0,4,2,[1476.969574806153 93.74895786676345 1708.346656070602 359.5082581178249],[1551.465087890625 298.7496643066406 1635.22119140625 342.6526794433594],0.38047701120376587,,0
2025-09-01 17:53:02,0,4,1,[1128.4664816632835 62.59126324778438 1406.1287189442178 370.58653583534806],[1173.08642578125 324.09588623046875 1270.774169921875 369.6896057128906],0.15035559237003326,,0
2025-09-01 17:53:02,0,5,1,[1128.351652643639 62.66337990549056 1405.5696215330552 370.3269021502789],[1197.93994140625 329.886962890625 1268.341064453125 369.3729248046875],0.5427172780036926,,0
2025-09-01 17:53:02,0,5,2,[1477.0991215307063 93.77820894191666 1708.4098581232292 359.75071043892245],[1551.645263671875 298.68377685546875 1635.079833984375 342.69976806640625],0.36891400814056396,,0
2025-09-01 17:53:02,0,5,1,[1128.351652643639 62.66337990549056 1405.5696215330552 370.3269021502789],[1173.258544921875 324.174072265625 1270.5205078125 369.97039794921875],0.15400922298431396,,0
2025-09-01 17:53:02,0,6,1,[1128.311328560395 62.785823661608106 1405.1617413818872 370.1959568122921],[1198.168212890625 329.8541259765625 1268.384765625 369.4606018066406],0.5400991439819336,,0
2025-09-01 17:53:02,0,6,2,[1477.106885602272 93.60282930966008 1708.4551244155095 359.93913356536405],[1551.520751953125 298.6846618652344 1635.008056640625 342.3614196777344],0.36855706572532654,,0
2025-09-01 17:53:02,0,7,1,[1128.405235372649 62.86985981381892 1405.0289585683452 370.114804042169],[1198.2930908203125 329.7889709472656 1268.444091796875 369.4508056640625],0.5408346056938171,,0
2025-09-01 17:53:02,0,7,2,[1476.9450303198728 93.24478210966865 1708.2795241030285 359.8962937487114],[1551.465087890625 298.48388671875 1635.192626953125 342.55718994140625],0.36200591921806335,,0
2025-09-01 17:53:02,0,8,1,[1128.2668985585512 63.05584665368244 1404.326237269984 370.0484623422574],[1196.8231201171875 329.6777038574219 1268.530517578125 369.5687255859375],0.5497716069221497,,0
2025-09-01 17:53:02,0,8,2,[1476.960030884378 93.1391304977297 1708.4719410857904 360.0641386445238],[1551.2991943359375 298.4672546386719 1635.191162109375 342.712646484375],0.3739653527736664,,0
2025-09-01 17:53:02,0,9,1,[1128.2301909987907 63.33404912646941 1403.7704505463023 370.0623005269698],[1197.3292236328125 329.8667297363281 1268.4202880859375 369.4264831542969],0.5527610778808594,,0
2025-09-01 17:53:02,0,9,2,[1476.8763778513612 93.03088623638908 1708.5488151482964 360.26476733983907],[1551.439208984375 298.5784606933594 1634.843017578125 342.3460998535156],0.3519485592842102,,0
2025-09-01 17:53:02,0,10,1,[1128.0238608619563 63.82932622789076 1402.479719254862 370.05529810989356],[1197.6011962890625 329.85888671875 1268.41845703125 369.4179382324219],0.5457420349121094,,0
2025-09-01 17:53:02,0,10,2,[1476.5360483974416 92.73896747508684 1708.4695584383696 360.91703136422166],[1551.5562744140625 298.536376953125 1634.8648681640625 342.5456848144531],0.337070107460022,,0
2025-09-01 17:53:02,0,11,1,[1128.3617459121915 63.835261039480685 1402.7743827424124 370.0596682556734],[1197.6837158203125 329.823974609375 1268.329833984375 369.3692626953125],0.543895423412323,,0
2025-09-01 17:53:02,0,11,2,[1476.6815634892057 92.61059061186361 1708.8859233641308 361.24848903462623],[1551.560302734375 298.5025634765625 1634.89892578125 342.5860290527344],0.338969349861145,,0
2025-09-01 17:53:02,0,12,1,[1128.4018224099307 63.8709675914896 1402.514707169277 370.01940908494004],[1197.4051513671875 329.81805419921875 1268.33984375 369.3853454589844],0.5420395731925964,,0
2025-09-01 17:53:02,0,12,2,[1476.7747432545764 92.54203159289156 1709.1376678251556 361.1749393469256],[1551.718505859375 298.57537841796875 1634.923828125 342.6658935546875],0.3310616612434387,,0
2025-09-01 17:53:03,0,13,1,[1128.4733922301234 63.80968740404876 1402.5648199001275 369.9893977670374],[1196.238037109375 329.7301940917969 1268.5006103515625 369.498779296875],0.5451814532279968,,0
2025-09-01 17:53:03,0,13,2,[1476.7777697254082 92.39589483656641 1709.2172975220374 361.00793732137674],[1551.709716796875 298.57861328125 1634.989013671875 342.765380859375],0.3359313905239105,,0
2025-09-01 17:53:03,0,14,1,[1128.152031950221 63.875479045973236 1401.7165677634898 369.9599093768942],[1197.9427490234375 329.7744140625 1268.7093505859375 369.5592041015625],0.5471575856208801,,0
2025-09-01 17:53:03,0,14,2,[1476.6637784923678 92.31599684467344 1709.0234559846872 360.82068363765177],[1551.7481689453125 298.57830810546875 1635.0479736328125 342.80267333984375],0.33575770258903503,,0
2025-09-01 17:53:03,0,15,1,[1128.2408135320404 63.83620301004416 1401.7444026117284 369.9407076663358],[1197.71533203125 329.9639587402344 1268.71142578125 369.43133544921875],0.5590190291404724,,0
2025-09-01 17:53:03,0,15,2,[1476.7054464635746 92.67440479520852 1708.9763762365762 361.27676869618256],[1551.8470458984375 298.6571350097656 1635.1754150390625 342.7611999511719],0.3313440978527069,,0
2025-09-01 17:53:03,0,16,1,[1128.2426039839077 63.55682082100165 1401.6716726368493 369.818532834649],[1199.2047119140625 330.01239013671875 1268.68701171875 369.3724670410156],0.5460127592086792,,0
2025-09-01 17:53:03,0,16,2,[1476.6563863949498 92.67245691061083 1708.813417972024 361.2155315577322],[1552.0052490234375 298.8744812011719 1634.8406982421875 342.6791687011719],0.3005945682525635,,0
2025-09-01 17:53:03,0,17,1,[1128.5299650622198 63.381591175610964 1402.3223985515776 369.78905566970195],[1200.1337890625 330.01300048828125 1268.70263671875 369.3300476074219],0.539735734462738,,0
2025-09-01 17:53:03,0,17,2,[1476.6121646233967 92.41250184089236 1708.5327422190155 360.8770365215289],[1551.9935302734375 298.907958984375 1634.5396728515625 342.6601867675781],0.27931591868400574,,0
2025-09-01 17:53:03,0,18,1,[1128.6339408929362 63.03275550108853 1402.7842965254258 369.7493816549213],[1199.26904296875 330.00787353515625 1268.70263671875 369.28070068359375],0.5510014295578003,,0
2025-09-01 17:53:03,0,18,2,[1476.7877794086019 92.4380210422346 1708.5869857059677 360.8444788119053],[1552.19970703125 299.00274658203125 1634.643310546875 342.7033386230469],0.283091276884079,,0
2025-09-01 17:53:03,0,19,1,[1129.0765839419932 62.78049942745696 1404.168635423684 369.7581775521917],[1198.727294921875 330.0916748046875 1268.7069091796875 369.18450927734375],0.5575528740882874,,0
2025-09-01 17:53:03,0,19,2,[1476.766110245565 92.29116309735136 1708.4657264274151 360.77065563210385],[1552.111572265625 298.98187255859375 1634.5247802734375 342.58685302734375],0.28550615906715393,,0
2025-09-01 17:53:03,0,20,1,[1129.0507279899127 62.43034544704449 1404.8913077491118 369.7177790441246],[1199.078369140625 330.1906433105469 1268.62548828125 369.1946716308594],0.5551559329032898,,0
2025-09-01 17:53:03,0,20,2,[1476.6818136656123 92.04803214433574 1708.3338718806137 360.74296878731013],[1552.0108642578125 298.90850830078125 1634.7100830078125 342.70458984375],0.2854645550251007,,0
2025-09-01 17:53:03,0,21,1,[1128.8055251655326 61.807130491308584 1405.0693598835126 369.5306540643255],[1199.06005859375 330.03662109375 1268.71044921875 369.26202392578125],0.5529881715774536,,0
2025-09-01 17:53:03,0,21,2,[1476.6174198131926 91.85711048830981 1708.1917958228833 360.85974630823114],[1551.8023681640625 298.92388916015625 1634.8443603515625 342.7480773925781],0.3002920150756836,,0
2025-09-01 17:53:04,0,22,1,[1128.8310008224494 62.154479272640486 1405.7092755044146 369.87937717361456],[1198.06787109375 330.0379943847656 1268.6424560546875 369.2738342285156],0.5543630123138428,,0
2025-09-01 17:53:04,0,22,2,[1476.643515859133 91.91043301136975 1708.2139363545734 361.17006238576687],[1552.184326171875 298.9658203125 1634.6854248046875 342.68212890625],0.2735949456691742,,0
2025-09-01 17:53:04,0,23,1,[1128.4433844638488 62.438223904521834 1405.3838414718007 369.9338692743961],[1199.2708740234375 329.94189453125 1268.523193359375 369.2248840332031],0.5416802167892456,,0
2025-09-01 17:53:04,0,23,2,[1476.7013225902376 91.95626381218156 1708.2164042846118 361.416844562602],[1551.998291015625 298.91802978515625 1634.807373046875 342.7526550292969],0.2825469374656677,,0
2025-09-01 17:53:04,0,24,1,[1128.1225163244433 62.740804564825424 1404.8699803143425 369.96347199796276],[1199.1240234375 330.0281982421875 1268.60009765625 369.2399597167969],0.5442410707473755,,0
2025-09-01 17:53:04,0,24,2,[1477.0457367850731 92.04274517845423 1708.317639692575 361.43004882354705],[1552.0576171875 298.9224853515625 1634.969970703125 342.7693176269531],0.3043079972267151,,0
2025-09-01 17:53:04,0,25,1,[1128.2183377228266 62.317698029934746 1405.2608462078542 369.76001257752057],[1197.963623046875 330.3628234863281 1268.7821044921875 369.3976135253906],0.5603283047676086,,0
2025-09-01 17:53:04,0,25,2,[1477.104927099298 92.11600942453418 1708.076619019118 361.34768898653925],[1551.837158203125 298.83892822265625 1635.18017578125 342.8118896484375],0.32420313358306885,,0
2025-09-01 17:53:04,0,25,1,[1128.2183377228266 62.317698029934746 1405.2608462078542 369.76001257752057],[1173.1124267578125 324.1831970214844 1270.702880859375 369.7059020996094],0.15904168784618378,,0
2025-09-01 17:53:04,0,26,1,[1128.1789038993109 62.27060375420436 1404.9979429907487 369.83300902566987],[1197.0516357421875 330.34423828125 1268.871337890625 369.55865478515625],0.5632804036140442,,0
2025-09-01 17:53:04,0,26,2,[1477.2067986484371 92.33631176910117 1708.0291561279537 361.31296809221044],[1551.8602294921875 298.8101501464844 1635.4061279296875 342.8663330078125],0.3223022222518921,,0
2025-09-01 17:53:04,0,27,1,[1128.0411779267736 62.966602587541274 1404.407717648344 370.17225209513913],[1196.108154296875 330.261962890625 1268.8585205078125 369.6183776855469],0.5675913691520691,,0
2025-09-01 17:53:04,0,27,2,[1477.7789719699924 92.63783136648846 1708.1593684519846 361.55919655024024],[1551.7979736328125 298.7204895019531 1635.45703125 343.0259704589844],0.3327437937259674,,0
2025-09-01 17:53:04,0,28,1,[1127.7170617483323 63.91104126582158 1403.2607843764888 370.499108916159],[1194.078369140625 330.13787841796875 1268.8109130859375 369.7160339355469],0.5678673386573792,,0
2025-09-01 17:53:04,0,28,2,[1477.5602332354636 92.7858230632435 1707.820826290513 361.9043860333155],[1551.6767578125 298.57965087890625 1635.293701171875 343.079833984375],0.3407060205936432,,0
2025-09-01 17:53:05,0,29,1,[1126.87611484752 64.00113305396337 1400.469392320178 370.3320409291256],[1195.0477294921875 330.2485046386719 1268.8289794921875 369.6623229980469],0.5649223327636719,,0
2025-09-01 17:53:05,0,29,2,[1476.8918529076802 92.70671566907649 1707.5110998378748 362.1974576522193],[1551.863525390625 298.8328552246094 1635.122314453125 342.993896484375],0.3252689242362976,,0
2025-09-01 17:53:05,0,30,1,[1126.9333049510353 64.2589728048925 1399.1267794857029 370.2831862740913],[1193.2327880859375 329.8443603515625 1268.8916015625 369.91021728515625],0.5644635558128357,,0
2025-09-01 17:53:05,0,30,2,[1476.4814636526842 92.84039980963632 1707.4789408537183 362.70027323975864],[1551.633544921875 298.5447692871094 1635.3720703125 343.09100341796875],0.3691153824329376,,0
2025-09-01 17:53:05,0,31,1,[1127.2043876396701 64.34524215925288 1398.3466861243787 370.27855157730664],[1193.5933837890625 329.9090881347656 1268.8233642578125 369.8627014160156],0.5650498270988464,,0
2025-09-01 17:53:05,0,31,2,[1476.4275197694437 92.84838542416699 1707.6080997659037 362.7469233741307],[1551.5211181640625 298.4729919433594 1635.5145263671875 343.0042419433594],0.3654768168926239,,0
2025-09-01 17:53:05,0,32,1,[1127.782783805215 64.23350636154564 1398.5892405449515 370.1903380429869],[1192.886962890625 330.103759765625 1268.817138671875 369.83270263671875],0.5632526874542236,,0
2025-09-01 17:53:05,0,32,2,[1475.819192621189 92.66950729503824 1707.4828059226293 362.5940161272773],[1551.8001708984375 298.560791015625 1635.2545166015625 342.9925231933594],0.3417423367500305,,0
2025-09-01 17:53:05,0,33,1,[1128.6169662755449 63.68276127310412 1400.0739106744315 369.99307001500205],[1194.57177734375 330.4827880859375 1268.8843994140625 369.7401428222656],0.5591334700584412,,0
2025-09-01 17:53:05,0,33,2,[1475.3289798613464 92.77740158622524 1707.5744593105483 362.6702886559784],[1552.0147705078125 298.8088073730469 1634.8978271484375 342.9312744140625],0.3240106999874115,,0
2025-09-01 17:53:05,0,34,1,[1128.9465409055056 63.85441803532166 1400.9811696061452 370.09720531315804],[1194.3857421875 330.37127685546875 1268.94873046875 369.7826232910156],0.559277355670929,,0
2025-09-01 17:53:05,0,34,2,[1475.0524043881435 92.82405607081296 1707.6802605882265 362.7020025432474],[1551.962890625 298.625732421875 1635.109619140625 343.130615234375],0.32581228017807007,,0
2025-09-01 17:53:05,0,35,1,[1128.8084936054247 63.67608296334498 1400.9341137493338 369.99344644310287],[1194.591552734375 330.5577697753906 1268.903076171875 369.6341247558594],0.5671922564506531,,0
2025-09-01 17:53:05,0,35,2,[1475.237730670185 92.7014378773035 1708.0170541554785 362.6993089384738],[1551.86767578125 298.7392272949219 1635.0594482421875 342.93853759765625],0.3186250925064087,,0
2025-09-01 17:53:06,0,36,1,[1128.4508361550866 63.766156407266635 1400.2235857422006 370.05880930355966],[1195.6868896484375 330.6023254394531 1268.8818359375 369.58428955078125],0.5628033876419067,,0
2025-09-01 17:53:06,0,36,2,[1474.761642019298 92.47063085807102 1707.9482778492616 362.3489742807011],[1552.0504150390625 298.8234558105469 1634.554443359375 342.7467956542969],0.2837661802768707,,0
2025-09-01 17:53:06,0,37,1,[1128.7636860546709 63.568086821774926 1400.8508131191152 369.9782153262678],[1194.861572265625 330.63446044921875 1268.8154296875 369.5827331542969],0.5642370581626892,,0
2025-09-01 17:53:06,0,37,2,[1474.4422466147355 92.58898608629502 1707.9641181700792 362.496537304258],[1551.978515625 298.8612060546875 1634.5279541015625 342.87762451171875],0.28234854340553284,,0
2025-09-01 17:53:06,0,38,1,[1128.713107193239 64.65795830035768 1400.8718433839622 370.39271486996665],[1196.1380615234375 330.56121826171875 1268.9774169921875 369.6932373046875],0.5564090013504028,,0
2025-09-01 17:53:06,0,38,2,[1475.0727994796782 93.42001063984159 1708.1927075863744 362.9808710618205],[1551.8636474609375 298.7003173828125 1634.5738525390625 342.9377746582031],0.3016972541809082,,0
2025-09-01 17:53:06,0,39,1,[1128.8618172609115 64.83860369347502 1401.3257967016204 370.3506134418007],[1195.7684326171875 330.47369384765625 1268.9168701171875 369.7781982421875],0.5538710355758667,,0
2025-09-01 17:53:06,0,39,2,[1475.8164774866996 93.75705083026094 1708.3595678184442 363.0842146805155],[1552.0872802734375 298.8571472167969 1634.3748779296875 342.8731384277344],0.290550172328949,,0
2025-09-01 17:53:06,0,40,1,[1128.8643418900056 64.96778185459783 1401.6409924193267 370.27487587251625],[1195.975830078125 330.5895080566406 1268.7723388671875 369.62823486328125],0.5536497831344604,,0
2025-09-01 17:53:06,0,40,2,[1475.551934362717 93.95616798623396 1707.888565818388 362.97180806619076],[1552.1806640625 299.0457458496094 1634.348876953125 342.68756103515625],0.306174635887146,,0
2025-09-01 17:53:06,0,41,1,[1128.1885739621493 64.18779853908254 1400.455714185577 369.86146245758766],[1195.793701171875 330.6654052734375 1268.7344970703125 369.59307861328125],0.5502942204475403,,0
2025-09-01 17:53:06,0,41,2,[1475.4069334628273 94.29997036041365 1707.6416594372538 363.0553793795335],[1552.26416015625 298.92169189453125 1634.299072265625 342.7548522949219],0.3000313937664032,,0
2025-09-01 17:53:06,0,42,1,[1128.8057614584784 64.3464917662545 1401.7537729841445 369.93630966677813],[1194.7459716796875 330.5420837402344 1268.932373046875 369.5654296875],0.5568074584007263,,0
2025-09-01 17:53:06,0,42,2,[1474.6295128007775 94.09731821422949 1707.164397203998 361.69780930111153],[1552.4873046875 298.89141845703125 1634.0509033203125 342.7835388183594],0.2712007164955139,,0
2025-09-01 17:53:06,0,43,1,[1128.9549515643948 63.572998154607916 1402.5486724154903 369.6180451258366],[1195.8101806640625 330.6017150878906 1268.801513671875 369.5357971191406],0.5493572950363159,,0
2025-09-01 17:53:06,0,43,2,[1474.3256045844144 93.98553250994146 1707.0483828172853 361.0583814193543],[1552.4267578125 298.83087158203125 1634.205322265625 342.88397216796875],0.2757267653942108,,0
2025-09-01 17:53:06,0,44,1,[1128.6807366425587 63.733729787801906 1402.394669832625 369.7791741115058],[1196.6480712890625 330.58074951171875 1268.876220703125 369.4955139160156],0.5456891059875488,,0
2025-09-01 17:53:06,0,44,2,[1474.0600301394456 93.97551249163166 1706.9533652926634 360.56786246258076],[1552.4527587890625 298.7369384765625 1634.1566162109375 342.7026672363281],0.2749321460723877,,0
2025-09-01 17:53:07,0,45,1,[1128.5153590187601 63.973486155248196 1402.1320002451275 369.89698329536725],[1196.5760498046875 330.5325622558594 1268.8572998046875 369.5312805175781],0.5479157567024231,,0
2025-09-01 17:53:07,0,45,2,[1475.2179286390156 94.53024615850828 1707.6799086133956 361.8938088467421],[1552.4088134765625 298.6839294433594 1634.1983642578125 342.5796203613281],0.2755584418773651,,0
2025-09-01 17:53:07,0,46,1,[1128.3476234728491 64.11898959414523 1401.7557623326293 370.00574995207614],[1196.82275390625 330.6026611328125 1268.707763671875 369.5234069824219],0.5497796535491943,,0
2025-09-01 17:53:07,0,46,2,[1475.525496405353 94.38017236276497 1707.7953386610711 362.41342508415494],[1552.4853515625 298.8558044433594 1634.0584716796875 342.52215576171875],0.2586615979671478,,0
2025-09-01 17:53:07,0,47,1,[1128.6089149990064 63.36344333811499 1402.396507979459 369.7084756001368],[1194.872802734375 330.4263610839844 1268.748046875 369.6171569824219],0.5551891326904297,,0
2025-09-01 17:53:07,0,47,2,[1475.7985798766283 94.09203446382497 1707.8988457858447 362.5384231036363],[1552.5677490234375 298.75830078125 1634.1533203125 342.74249267578125],0.25581204891204834,,0
2025-09-01 17:53:07,0,48,2,[1476.1182618247562 93.82697742699366 1708.0787062350746 362.61034395799925],[1552.502197265625 298.8358459472656 1634.351806640625 342.76055908203125],0.276350736618042,,0
2025-09-01 17:53:07,0,49,2,[1476.197921007815 93.57310217551958 1707.9615391158634 362.3754220153219],[1552.458984375 298.9338684082031 1633.8837890625 342.5671691894531],0.2543656826019287,,0
2025-09-01 17:53:07,0,50,2,[1475.943607623966 93.59676944234786 1707.7308292463506 362.4002474198521],[1552.3861083984375 298.7284240722656 1634.1214599609375 342.83184814453125],0.24167068302631378,,0
2025-09-01 17:53:07,0,51,1,[1126.7098707997277 63.15631689705742 1396.5206983030223 370.00372015060174],[1196.69873046875 329.28533935546875 1267.819091796875 369.3386535644531],0.5439304709434509,,0
2025-09-01 17:53:07,0,51,2,[1475.162252537856 92.71526672483756 1708.0734839065879 360.95801416637676],[1551.725830078125 298.4284362792969 1635.035888671875 342.6797180175781],0.40531402826309204,,0
2025-09-01 17:53:07,0,52,1,[1127.4667302911669 63.432348295577924 1396.5223360682455 370.11138218622415],[1196.288330078125 328.89093017578125 1267.883056640625 369.36968994140625],0.5410546064376831,,0
2025-09-01 17:53:07,0,52,2,[1473.6998553893877 92.1791170686842 1707.5964564621927 358.73136248941705],[1551.4508056640625 298.25811767578125 1635.3812255859375 342.7513732910156],0.4182169735431671,,0
2025-09-01 17:53:08,0,53,1,[1128.6720316315839 63.34470258468389 1398.266500225712 370.076819662649],[1194.4215087890625 328.6102294921875 1268.0537109375 369.52880859375],0.5441762208938599,,0
2025-09-01 17:53:08,0,53,2,[1474.553373015401 92.43626743033812 1708.4556569621334 359.0740250576263],[1551.0926513671875 298.22882080078125 1635.58447265625 342.8988952636719],0.40136030316352844,,0
2025-09-01 17:53:08,0,54,1,[1129.4450889627205 62.94905098714975 1399.9017346039623 369.89622806630956],[1193.37451171875 328.62298583984375 1267.95263671875 369.36358642578125],0.546431839466095,,0
2025-09-01 17:53:08,0,54,2,[1475.0994031623977 92.71435669372164 1708.831504663403 359.3857913067478],[1551.4066162109375 298.48529052734375 1635.5333251953125 343.0361328125],0.400339275598526,,0
2025-09-01 17:53:08,0,55,1,[1129.5596882764003 62.916846874318 1400.7902820602217 369.9130900976987],[1194.197021484375 328.9579772949219 1267.861083984375 369.44671630859375],0.5475042462348938,,0
2025-09-01 17:53:08,0,55,2,[1475.3054562409147 92.85637498820904 1708.924624219233 359.6481174985082],[1551.3568115234375 298.6549987792969 1635.40771484375 342.8408203125],0.40467286109924316,,0
2025-09-01 17:53:08,0,56,1,[1129.2332845400758 63.190466972367716 1400.6346942034259 370.0139548964181],[1194.0634765625 328.9071350097656 1267.9000244140625 369.46014404296875],0.5448269844055176,,0
2025-09-01 17:53:08,0,56,2,[1475.3794980392834 92.9720420695138 1708.8305950139681 359.8981711349049],[1551.63720703125 298.6463317871094 1635.3603515625 342.9060363769531],0.39636385440826416,,0
2025-09-01 17:53:08,0,57,2,[1475.3411953336063 93.26245897993758 1708.7584221954976 360.4620462852364],[1551.926513671875 299.1522216796875 1635.2867431640625 343.6324768066406],0.37477773427963257,,0
2025-09-01 17:53:08,0,58,1,[1129.168050543946 62.96284071469637 1400.8512241617925 370.35751460526285],[1186.7286376953125 328.25836181640625 1268.8770751953125 369.8694763183594],0.587898313999176,,0
2025-09-01 17:53:08,0,58,2,[1475.0603233455495 93.27885752358392 1708.5868034169157 360.7151511493488],[1552.13525390625 299.51129150390625 1635.123046875 343.2351379394531],0.39034101366996765,,0
2025-09-01 17:53:08,0,59,1,[1129.5165943359495 62.988772092790384 1402.0325524126622 370.5511236808255],[1187.1195068359375 328.18695068359375 1268.843505859375 369.8539123535156],0.5852822065353394,,0
2025-09-01 17:53:08,0,59,2,[1474.8968445970545 93.20890923157714 1708.6321886802516 360.8207653281741],[1551.945556640625 299.40655517578125 1635.158203125 343.3746643066406],0.40203189849853516,,0
2025-09-01 17:53:09,0,60,1,[1129.442280771603 63.27338478032178 1402.2563597535884 370.76384648592887],[1187.96484375 328.41339111328125 1268.757568359375 369.75897216796875],0.5823843479156494,,0
2025-09-01 17:53:09,0,60,2,[1475.1997343542444 94.50940924729221 1708.8543997274787 362.00396303987975],[1552.0006103515625 299.48162841796875 1635.1795654296875 343.4209899902344],0.4024031162261963,,0
2025-09-01 17:53:09,0,61,1,[1129.45050646056 63.38215797008192 1402.4402939159363 370.8834187441871],[1187.9459228515625 328.42449951171875 1268.6815185546875 369.7994689941406],0.5811786651611328,,0
2025-09-01 17:53:09,0,61,2,[1473.8575571150293 93.29804227697304 1708.0668495983352 359.94319224893286],[1551.7694091796875 299.5063781738281 1635.0736083984375 343.36480712890625],0.39368343353271484,,0
2025-09-01 17:53:09,0,62,1,[1129.574713809693 63.454247325490144 1402.7116743167671 370.98255297716275],[1187.873046875 328.61395263671875 1268.69580078125 369.9000549316406],0.5794097185134888,,0
2025-09-01 17:53:09,0,62,2,[1474.6473608041515 93.8802351806064 1708.621711257896 360.5556373582883],[1551.771240234375 299.58563232421875 1635.24462890625 343.35028076171875],0.4069814085960388,,0
2025-09-01 17:53:10,0,63,1,[1129.695598679395 63.2365414085925 1403.2036181391936 370.8999824014113],[1187.8177490234375 328.23468017578125 1268.7379150390625 369.8984069824219],0.5806009769439697,,0
2025-09-01 17:53:10,0,63,2,[1475.0409576461584 94.1520565790938 1708.6802844419349 360.91945649404977],[1551.894287109375 299.5601806640625 1635.233642578125 343.3809814453125],0.4156848192214966,,0
2025-09-01 17:53:10,0,64,1,[1129.6744304537017 63.258443337842664 1403.38069984845 370.94846544008414],[1187.7938232421875 328.3384094238281 1268.7967529296875 369.8478698730469],0.5883206129074097,,0
2025-09-01 17:53:10,0,64,2,[1475.2757187725972 94.3129057274858 1708.6488361596896 361.29046622910664],[1551.6783447265625 299.56304931640625 1635.119140625 343.4773864746094],0.4091949462890625,,0
2025-09-01 17:53:11,0,65,1,[1129.4951590170517 63.14549853659051 1403.1737650739428 370.9153788519112],[1187.8880615234375 328.3397521972656 1268.8338623046875 369.89373779296875],0.5861742496490479,,0
2025-09-01 17:53:11,0,65,2,[1475.3906257099295 94.15086647999004 1708.5929131828427 361.4249540655969],[1551.7437744140625 299.5096435546875 1635.1585693359375 343.625244140625],0.4135754406452179,,0
2025-09-01 17:53:11,0,66,1,[1129.2073619574005 63.03202295580698 1402.5893509484151 370.8446527663649],[1189.191650390625 328.4388427734375 1268.8138427734375 369.72747802734375],0.5804166197776794,,0
2025-09-01 17:53:11,0,66,2,[1475.3101151487372 94.12958710853104 1708.3811898587164 361.56027600523265],[1551.8594970703125 299.57696533203125 1635.054931640625 343.4511413574219],0.41540083289146423,,0
2025-09-01 17:53:11,0,67,1,[1129.161647639621 62.87358846469823 1402.425072099534 370.71191304024273],[1189.4656982421875 328.5509033203125 1268.7891845703125 369.7367248535156],0.5826589465141296,,0
2025-09-01 17:53:11,0,67,2,[1475.4174119174986 94.21234435660844 1708.2770952045585 361.8869627905841],[1551.9375 299.58648681640625 1635.315673828125 343.5844421386719],0.41836223006248474,,0
2025-09-01 17:53:11,0,68,1,[1129.3476865720295 62.68189500056641 1402.580790912264 370.652211731256],[1188.9996337890625 328.50311279296875 1268.770751953125 369.7109069824219],0.5814170837402344,,0
2025-09-01 17:53:11,0,68,2,[1475.2771766966998 94.19733447540895 1708.1053811862712 362.063921171629],[1551.9459228515625 299.54278564453125 1635.2435302734375 343.5429382324219],0.4158450961112976,,0
2025-09-01 17:53:12,0,69,1,[1129.2559581720482 62.720420702822764 1402.1690332384749 370.6667260058867],[1189.076416015625 328.6499328613281 1268.741943359375 369.79193115234375],0.5807310938835144,,0
2025-09-01 17:53:12,0,69,2,[1474.8944740823176 94.05918596347266 1707.9367344152147 362.22362707659005],[1551.8807373046875 299.5096740722656 1635.2633056640625 343.5704345703125],0.4009559452533722,,0
2025-09-01 17:53:12,0,70,1,[1128.9813644113751 62.93543726348378 1401.2012071961412 370.79720113150233],[1188.9481201171875 328.46185302734375 1268.64404296875 369.90447998046875],0.5707318782806396,,0
2025-09-01 17:53:12,0,70,2,[1474.7898234630686 93.81412706331022 1707.8787158467123 361.9819102640371],[1551.809814453125 299.5029602050781 1635.209228515625 343.5233459472656],0.3964720070362091,,0
2025-09-01 17:53:12,0,71,1,[1128.2434390904482 63.75200605020598 1398.8740889976089 371.4289804664427],[1181.88134765625 328.2286682128906 1269.036865234375 370.833740234375],0.6075074076652527,,0
2025-09-01 17:53:12,0,71,2,[1474.9410165090812 93.57454239566894 1708.0762516893506 361.42455594023886],[1552.24951171875 300.4437255859375 1634.499755859375 343.86602783203125],0.3222109079360962,,0
2025-09-01 17:53:13,0,72,1,[1128.7574783328691 63.839043655307506 1399.033401605539 371.5556682355983],[1182.0640869140625 328.20257568359375 1268.99560546875 370.84765625],0.6058472990989685,,0
2025-09-01 17:53:13,0,72,2,[1475.0992947095008 93.69978178507964 1708.2532959983707 361.16074738174484],[1552.4351806640625 300.46356201171875 1634.3953857421875 343.8350830078125],0.31555530428886414,,0
2025-09-01 17:53:13,0,73,1,[1129.3233863950402 63.641542872482546 1399.8268222827562 371.5577638998525],[1181.854736328125 328.2750549316406 1268.8865966796875 370.7209167480469],0.6040064096450806,,0
2025-09-01 17:53:13,0,73,2,[1475.189836892372 93.89921325949902 1708.353119998109 360.922804366166],[1552.4447021484375 300.5497741699219 1634.3118896484375 343.5566711425781],0.3281826972961426,,0
2025-09-01 17:53:13,0,74,1,[1129.3875289791827 63.32778898490707 1400.1263590645622 371.4779398704453],[1181.8077392578125 328.2725524902344 1268.9193115234375 370.73199462890625],0.6000601649284363,,0
2025-09-01 17:53:13,0,74,2,[1475.2368208635255 94.10677314475325 1708.5539611119973 360.9506891853481],[1552.42431640625 300.5429382324219 1634.3643798828125 343.5272216796875],0.32714611291885376,,0
2025-09-01 17:53:13,0,75,1,[1129.5036233701417 63.16049887413757 1400.638032401982 371.5121311137809],[1181.92822265625 328.20086669921875 1269.065185546875 370.7850036621094],0.601642906665802,,0
2025-09-01 17:53:13,0,75,2,[1475.2053788371543 94.35292208511143 1708.63076187534 361.0080882925022],[1552.460205078125 300.59161376953125 1634.3804931640625 343.55584716796875],0.32878047227859497,,0
2025-09-01 17:53:14,0,76,1,[1129.4011550206349 63.1701839264087 1400.6158036529775 371.5271119162994],[1182.567626953125 328.43743896484375 1269.103271484375 370.5227966308594],0.6042400002479553,,0
2025-09-01 17:53:14,0,76,2,[1475.2295442352668 94.44260106672604 1708.7318864414858 360.75681223472486],[1552.622802734375 300.5777282714844 1634.5240478515625 343.4749450683594],0.32998573780059814,,0
2025-09-01 17:53:14,0,77,1,[1129.2071961869526 63.27880812917948 1400.4245758968289 371.6282276638092],[1182.533203125 328.3749084472656 1269.0340576171875 370.4710693359375],0.6046232581138611,,0
2025-09-01 17:53:14,0,77,2,[1475.159581699836 94.78673566372711 1708.7254821306092 360.876991924972],[1552.6025390625 300.5422058105469 1634.458740234375 343.4331970214844],0.3308158814907074,,0
2025-09-01 17:53:15,0,78,1,[1128.8247088737007 63.63406865893933 1399.5351141177298 371.855732689868],[1181.9029541015625 328.4659118652344 1269.66455078125 371.000244140625],0.614521861076355,,0
2025-09-01 17:53:15,0,78,2,[1475.324846891399 95.1878941182132 1708.8859608881976 360.7100110910336],[1552.9852294921875 300.6399230957031 1634.4876708984375 343.34710693359375],0.340908020734787,,0
2025-09-01 17:53:15,0,79,1,[1128.742649097162 63.98755528580057 1399.0727487474064 371.98156108779796],[1181.6763916015625 328.5137634277344 1269.5889892578125 371.0099792480469],0.618195116519928,,0
2025-09-01 17:53:15,0,79,2,[1475.3359250754036 95.70850094802705 1708.878834347078 361.00401887173086],[1552.839111328125 300.6466369628906 1634.4462890625 343.44818115234375],0.3432701528072357,,0
2025-09-01 17:53:15,0,80,1,[1128.8470504875195 64.07557450159703 1399.002734570212 371.9824408820625],[1181.8104248046875 328.4483642578125 1269.510986328125 370.9818420410156],0.6157453656196594,,0
2025-09-01 17:53:15,0,80,2,[1475.359460713144 96.01024788061966 1708.9008039368969 360.9841237963418],[1552.626708984375 300.6365051269531 1634.496826171875 343.4941711425781],0.3341095447540283,,0
2025-09-01 17:53:16,0,81,1,[1129.0302773808526 63.89748387367095 1399.242478299756 371.89254069247886],[1181.731201171875 328.3582763671875 1269.54931640625 371.039794921875],0.6127252578735352,,0
2025-09-01 17:53:16,0,81,2,[1475.278828178407 95.863268388293 1708.8865140814528 360.83183803866143],[1552.534423828125 300.58587646484375 1634.5799560546875 343.5254821777344],0.3216855525970459,,0
2025-09-01 17:53:16,0,82,1,[1129.1344060022698 63.88513977785027 1399.3061224536377 371.8971888031532],[1181.2525634765625 328.2812194824219 1269.5416259765625 371.0716857910156],0.6153375506401062,,0
2025-09-01 17:53:16,0,82,2,[1475.2656986071365 95.65559508282195 1708.91797402365 360.7857458115572],[1552.66552734375 300.6653137207031 1634.411865234375 343.4256591796875],0.31850749254226685,,0
2025-09-01 17:53:16,0,83,1,[1129.2749873285065 63.93288316251656 1399.588196669636 371.928387145065],[1181.4813232421875 328.29925537109375 1269.5579833984375 370.9956970214844],0.6122635006904602,,0
2025-09-01 17:53:16,0,83,2,[1475.1657076292668 95.53309851363372 1708.7052522767667 360.7397661597828],[1552.7266845703125 300.71826171875 1634.1595458984375 343.271484375],0.3101122975349426,,0
2025-09-01 17:53:16,0,84,1,[1129.5926164674083 63.86675832000063 1400.3798091579529 371.9079677623165],[1182.18505859375 328.4412536621094 1269.494140625 370.74896240234375],0.6055904030799866,,0
2025-09-01 17:53:16,0,84,2,[1475.2670400534184 95.53251288608863 1708.6424475197723 360.82967501941556],[1552.5633544921875 300.6956481933594 1634.3323974609375 343.3443908691406],0.32508912682533264,,0
2025-09-01 17:53:16,0,85,1,[1129.671578056696 63.63999429450368 1400.7948640762966 371.82459772436914],[1182.1524658203125 328.4107360839844 1269.5560302734375 370.8166809082031],0.6092483997344971,,0
2025-09-01 17:53:16,0,85,2,[1475.3564474824027 95.49813036086363 1708.5403630630178 360.88767198648026],[1552.723876953125 300.680419921875 1634.41015625 343.365966796875],0.32911309599876404,,0
2025-09-01 17:53:17,0,86,1,[1129.4014072357654 63.92157362865689 1400.4620155360826 371.99259347034524],[1182.0347900390625 328.4513854980469 1269.5269775390625 370.7903137207031],0.6103516221046448,,0
2025-09-01 17:53:17,0,86,2,[1475.3296280853235 95.39932879590748 1708.4191484543505 360.91633790686416],[1552.5758056640625 300.66693115234375 1634.2320556640625 343.3527526855469],0.32882991433143616,,0
2025-09-01 17:53:17,0,87,1,[1129.1471266264869 64.14870773329511 1399.9639486506778 372.0835416379162],[1182.2320556640625 328.4453430175781 1269.5770263671875 370.8025817871094],0.6124597787857056,,0
2025-09-01 17:53:17,0,87,2,[1475.3024989732426 95.3603712481769 1708.2961990051872 360.97828997382146],[1552.55322265625 300.7459716796875 1634.2779541015625 343.4298400878906],0.33572909235954285,,0
2025-09-01 17:53:17,0,88,1,[1129.0497560091683 64.32673511673744 1399.539734299199 372.11915855606554],[1181.6507568359375 328.5040283203125 1269.4168701171875 370.7999267578125],0.6143097281455994,,0
2025-09-01 17:53:17,0,88,2,[1475.3578183331197 95.4994794513207 1708.311979667435 361.14396076985497],[1552.528564453125 300.70587158203125 1634.4609375 343.4407653808594],0.3436144292354584,,0
2025-09-01 17:53:17,0,89,1,[1129.088890136756 64.30762290104272 1399.4031611413377 372.06970684866883],[1181.8148193359375 328.45989990234375 1269.4095458984375 370.74444580078125],0.6085595488548279,,0
2025-09-01 17:53:17,0,89,2,[1475.413608035231 95.46139486541838 1708.356376923486 361.2333029505934],[1552.455322265625 300.7506408691406 1634.404541015625 343.379150390625],0.326499342918396,,0
2025-09-01 17:53:17,0,90,1,[1129.1071376926384 64.43631092500661 1399.4006910190042 372.08128403932733],[1182.1678466796875 328.4064636230469 1269.4908447265625 370.7431945800781],0.6066846251487732,,0
2025-09-01 17:53:17,0,90,2,[1475.4491409568868 95.47392743267386 1708.3535867538935 361.1975159493551],[1552.415771484375 300.6778259277344 1634.4591064453125 343.48040771484375],0.3239983916282654,,0
2025-09-01 17:53:18,0,91,1,[1129.0838295708743 64.6177850246604 1399.4020735478764 372.10813639838784],[1182.557373046875 328.68505859375 1269.4490966796875 370.6890869140625],0.6077909469604492,,0
2025-09-01 17:53:18,0,91,2,[1475.4702875601633 95.05435062066735 1708.4268734165548 360.7411619407501],[1552.5289306640625 300.81744384765625 1634.4979248046875 343.41705322265625],0.3147681951522827,,0
2025-09-01 17:53:18,0,92,1,[1129.090761627575 64.63372713609354 1399.4045889659392 372.08790809083735],[1182.685546875 328.6521301269531 1269.4471435546875 370.65728759765625],0.607552170753479,,0
2025-09-01 17:53:18,0,92,2,[1475.4602816592467 94.94013592125688 1708.4306897351278 360.73743480432756],[1552.525634765625 300.8252258300781 1634.23681640625 343.3040771484375],0.29238373041152954,,0
2025-09-01 17:53:18,0,93,1,[1129.0799662265304 64.8102201229843 1399.3925582938482 372.14133262891517],[1182.803466796875 328.64300537109375 1269.419921875 370.60693359375],0.607814371585846,,0
2025-09-01 17:53:18,0,93,2,[1475.4695741513208 94.30479686116294 1708.6388017388647 360.27836772175283],[1552.6224365234375 300.89703369140625 1634.1256103515625 343.18682861328125],0.29380926489830017,,0
2025-09-01 17:53:18,0,94,1,[1129.0938037995081 64.62809896140547 1399.4851875812735 372.0263137969854],[1182.8304443359375 328.67791748046875 1269.4075927734375 370.5906677246094],0.6105854511260986,,0
2025-09-01 17:53:18,0,94,2,[1475.4670746002018 94.43777868784133 1708.5287799770015 360.2493244898684],[1552.49853515625 300.8835754394531 1634.019287109375 343.0614929199219],0.2890346050262451,,0
2025-09-01 17:53:18,0,95,1,[1128.999690830155 64.75490756580567 1399.2537707322526 372.05736194731014],[1182.46728515625 328.6557922363281 1269.4156494140625 370.67816162109375],0.6129243969917297,,0
2025-09-01 17:53:18,0,95,2,[1475.5401122493186 94.68505250479473 1708.4802923017742 360.4141654708682],[1552.4439697265625 300.8740539550781 1634.1361083984375 343.0082702636719],0.3036380410194397,,0
2025-09-01 17:53:18,0,96,1,[1129.0763857828122 64.80682325081571 1399.3261917913735 372.0426348306521],[1182.57421875 328.7165832519531 1269.4022216796875 370.6629638671875],0.6088802814483643,,0
2025-09-01 17:53:18,0,96,2,[1475.664832032227 95.081497214575 1708.518383246068 360.996456000271],[1552.4461669921875 300.8587951660156 1634.0863037109375 342.9117126464844],0.30168381333351135,,0
2025-09-01 17:53:19,0,97,1,[1129.212777626356 64.6812088354113 1399.667785529402 371.94078876707454],[1182.5166015625 328.7962646484375 1269.372802734375 370.6921691894531],0.608278214931488,,0
2025-09-01 17:53:19,0,97,2,[1475.6319111706869 95.44011954509153 1708.361077170545 361.69832184763857],[1552.7161865234375 300.8344421386719 1633.8480224609375 342.7318115234375],0.295852392911911,,0
2025-09-01 17:53:19,0,98,1,[1129.1041432907314 64.64165030702131 1399.4796547582478 371.9125901952441],[1182.3614501953125 328.755615234375 1269.4947509765625 370.76312255859375],0.608496367931366,,0
2025-09-01 17:53:19,0,98,2,[1475.5150050653056 95.4512896549945 1708.1851018420539 362.03820909186004],[1552.7003173828125 300.8273620605469 1633.988525390625 342.8740234375],0.29737648367881775,,0
2025-09-01 17:53:19,0,99,1,[1128.8126730149029 64.72667042633222 1398.8354166896324 371.97181698519364],[1182.2420654296875 328.7025146484375 1269.565185546875 370.7548828125],0.6116533875465393,,0
2025-09-01 17:53:19,0,99,2,[1475.448237246142 95.64044550955728 1708.236178682851 362.48197560080246],[1552.829345703125 300.8465270996094 1634.5009765625 343.1827087402344],0.3064931035041809,,0
2025-09-01 17:53:19,0,100,1,[1129.106369531913 64.44910543645344 1399.026246712211 371.8730573109377],[1182.8521728515625 328.7347412109375 1269.5408935546875 370.6578369140625],0.6064178943634033,,0
2025-09-01 17:53:19,0,100,2,[1475.5191493349105 95.5036920532711 1708.310458127082 362.55270688836526],[1553.1014404296875 300.8953857421875 1634.3134765625 343.02484130859375],0.29996389150619507,,0
2025-09-01 17:53:19,0,101,1,[1129.1154140834988 64.27277705125329 1399.033614583056 371.81383903298126],[1182.6123046875 328.5825500488281 1269.326416015625 370.62322998046875],0.6050958037376404,,0
2025-09-01 17:53:19,0,101,2,[1475.4595458571616 95.27987773630565 1708.274256621935 362.37739058248604],[1553.018310546875 300.92266845703125 1634.355224609375 343.12701416015625],0.30836614966392517,,0
2025-09-01 17:53:19,0,102,1,[1129.0631171431555 64.27874548575687 1398.8868765784764 371.8471935006486],[1182.815185546875 328.58184814453125 1269.3746337890625 370.55364990234375],0.6072196960449219,,0
2025-09-01 17:53:19,0,102,2,[1475.502050380376 95.27116357580132 1708.3114946951703 362.5871862820128],[1553.01123046875 300.8654479980469 1634.26025390625 343.0727233886719],0.30182164907455444,,0
2025-09-01 17:53:20,0,103,1,[1129.1747162302177 64.31143820313079 1399.2126240708417 371.85973937474853],[1182.4112548828125 328.3807373046875 1269.3621826171875 370.6953125],0.604939877986908,,0
2025-09-01 17:53:20,0,103,2,[1475.5874497214506 95.07886919665518 1708.3077919160753 362.42389373398805],[1552.9736328125 300.8703308105469 1634.14501953125 343.0349426269531],0.29994985461235046,,0
2025-09-01 17:53:20,0,104,1,[1129.2263243428972 64.33506292431903 1399.4103953937986 371.8842226181107],[1181.9122314453125 328.348388671875 1269.3070068359375 370.7552490234375],0.607310950756073,,0
2025-09-01 17:53:20,0,104,2,[1475.668448350022 95.32512344207302 1708.328102040324 362.5534104559873],[1552.843505859375 300.8536682128906 1634.14306640625 343.0056457519531],0.30999159812927246,,0
2025-09-02 08:54:33,0,1,1,[1046.7689208984375 41.72808837890625 1322.3624267578125 221.378173828125],[1127.1329345703125 155.0601348876953 1175.2010498046875 192.2254180908203],0.15610559284687042,,0
2025-09-02 08:54:35,0,2,1,[1046.7688697509834 41.728293724880174 1322.3622337890265 221.37808291163867],[1127.1329345703125 155.0602569580078 1175.20068359375 192.2252655029297],0.15615710616111755,,0
2025-09-02 08:54:35,0,3,1,[1046.7687472266339 41.72861563578685 1322.3622270538199 221.37819138303257],[1127.130615234375 155.0595245361328 1175.20068359375 192.2251739501953],0.15619198977947235,,0
2025-09-02 08:54:35,0,4,1,[1046.7687297483565 41.72848740250558 1322.3623309534698 221.37812167332655],[1127.1295166015625 155.05908203125 1175.20166015625 192.22596740722656],0.1559945046901703,,0
2025-09-02 08:54:35,0,5,1,[1046.7686832450913 41.72849873516229 1322.3622137877637 221.37810126968049],[1127.12890625 155.0590362548828 1175.2017822265625 192.22601318359375],0.15599437057971954,,0
2025-09-02 08:54:35,0,6,1,[1046.7687392650746 41.72831155929555 1322.362290285208 221.3781977596181],[1127.129150390625 155.05906677246094 1175.20166015625 192.2259063720703],0.15599901974201202,,0
2025-09-02 08:54:35,0,7,1,[1046.7688598005361 41.728422304628495 1322.362391171319 221.37828927831043],[1127.1290283203125 155.0590362548828 1175.201904296875 192.22610473632812],0.15599210560321808,,0
2025-09-02 08:54:36,0,8,1,[1046.7689075815033 41.72858327590674 1322.3624209701256 221.37842139802055],[1127.129150390625 155.0590362548828 1175.2020263671875 192.22610473632812],0.15597791969776154,,0
2025-09-02 08:54:36,0,9,1,[1046.7689679448943 41.72877917639623 1322.3623030899396 221.3784717042671],[1127.1287841796875 155.05938720703125 1175.20166015625 192.2255401611328],0.15606996417045593,,0
2025-09-02 08:54:36,0,10,1,[1046.7689501749692 41.72877820725155 1322.3622982653974 221.3785088692967],[1127.1295166015625 155.0594482421875 1175.2015380859375 192.22560119628906],0.15605151653289795,,0
2025-09-02 08:54:36,0,11,1,[1046.7691375569689 41.72689286073452 1322.363579118984 221.37795549811253],[1127.1572265625 155.07643127441406 1175.2000732421875 192.2239990234375],0.15554890036582947,,0
2025-09-02 08:54:36,0,12,1,[1046.768240584541 41.72267886232068 1322.3628978361055 221.37579024862958],[1127.2332763671875 155.09654235839844 1175.1676025390625 192.18704223632812],0.1547883003950119,,0
2025-09-02 08:54:36,0,13,1,[1046.7678217436421 41.72083180556349 1322.362640503213 221.37535145653885],[1127.233154296875 155.0965118408203 1175.1676025390625 192.18704223632812],0.15478865802288055,,0
2025-09-02 08:54:36,0,14,1,[1046.7676818320533 41.72045573285925 1322.3622856437128 221.37562005975656],[1127.2353515625 155.09652709960938 1175.167724609375 192.18751525878906],0.15469373762607574,,0
2025-09-02 08:54:36,0,15,1,[1046.7671602659514 41.720675841006226 1322.3618992366817 221.37586134542047],[1127.232421875 155.0962371826172 1175.16796875 192.18727111816406],0.15483571588993073,,0
2025-09-02 08:54:36,0,16,1,[1046.766935411703 41.72081984671567 1322.3618683870309 221.37602672361177],[1127.2322998046875 155.09616088867188 1175.16796875 192.1873321533203],0.1548348367214203,,0
2025-09-02 08:54:36,0,17,1,[1046.7672720646137 41.72040478899601 1322.3619248680052 221.37582468588568],[1127.2318115234375 155.09632873535156 1175.1680908203125 192.18727111816406],0.1548176109790802,,0
2025-09-02 08:54:36,0,18,1,[1046.7682155025018 41.72031473175048 1322.3621794110823 221.37589294900272],[1127.23388671875 155.0972900390625 1175.16796875 192.1867218017578],0.15483084321022034,,0
2025-09-02 08:54:37,0,19,1,[1046.7685336945076 41.720071165575874 1322.362157682416 221.3759273174614],[1127.23193359375 155.09695434570312 1175.16796875 192.1870880126953],0.15487153828144073,,0
2025-09-02 08:54:37,0,20,1,[1046.7686981017644 41.71992808957995 1322.3621858978424 221.37608828757513],[1127.231201171875 155.09681701660156 1175.1678466796875 192.1871337890625],0.1549263894557953,,0
2025-09-02 08:54:37,0,21,1,[1046.7693522924226 41.692451033461424 1322.3648829592805 221.36625592363046],[1127.240478515625 155.10137939453125 1175.1666259765625 192.1873321533203],0.15486615896224976,,0
2025-09-02 08:54:37,0,22,1,[1046.7695956991117 41.67899879378763 1322.36638348794 221.3656855941407],[1127.23974609375 155.1012420654297 1175.1666259765625 192.1873779296875],0.15490734577178955,,0
2025-09-02 08:54:37,0,23,1,[1046.76982381282 41.6718335244104 1322.367122603168 221.36777477048113],[1127.2408447265625 155.1013946533203 1175.16650390625 192.1871337890625],0.15487371385097504,,0
2025-09-02 08:54:37,0,24,1,[1046.769891822748 41.66779914542437 1322.3674048863127 221.37028051722584],[1127.2408447265625 155.101318359375 1175.16650390625 192.1871337890625],0.15487833321094513,,0
2025-09-02 08:54:37,0,25,1,[1046.7696389327925 41.665746077161515 1322.3674543104707 221.37272835763608],[1127.240966796875 155.10118103027344 1175.166259765625 192.18736267089844],0.15487876534461975,,0
2025-09-02 08:54:38,0,26,1,[1046.7693238811785 41.66460316583999 1322.3672774430252 221.3745829882488],[1127.23876953125 155.10081481933594 1175.1658935546875 192.18727111816406],0.15494580566883087,,0
2025-09-02 08:54:38,0,27,1,[1046.7692880303912 41.66353755680798 1322.3672730080239 221.37575676758706],[1127.2415771484375 155.10121154785156 1175.165771484375 192.18740844726562],0.15489062666893005,,0
2025-09-02 08:54:38,0,28,1,[1046.7698826896508 41.66325383121904 1322.36760922159 221.3770427214228],[1127.2408447265625 155.1009063720703 1175.1661376953125 192.18759155273438],0.15495418012142181,,0
2025-09-02 08:54:39,0,29,1,[1046.7695643253157 41.663206063552835 1322.3675517477493 221.37796068668047],[1127.2408447265625 155.100830078125 1175.1661376953125 192.1876983642578],0.15496036410331726,,0
2025-09-02 08:54:39,0,30,1,[1046.7700469558072 41.66318009393912 1322.3676329872687 221.37844018780697],[1127.2408447265625 155.1009063720703 1175.1661376953125 192.18690490722656],0.15502911806106567,,0
2025-09-02 08:54:40,0,31,1,[1046.7709795962217 41.662718650177084 1322.3679406753088 221.37867304086856],[1127.2401123046875 155.10084533691406 1175.166015625 192.18667602539062],0.15505129098892212,,0
2025-09-02 08:54:40,0,32,1,[1046.7714596529877 41.66245344140489 1322.3679194230203 221.37889127971695],[1127.2401123046875 155.10081481933594 1175.166015625 192.18667602539062],0.1550513654947281,,0
2025-09-02 08:54:40,0,33,1,[1046.7716886197284 41.66245040372408 1322.3677713471309 221.3791690159729],[1127.240478515625 155.10084533691406 1175.166015625 192.18695068359375],0.15501970052719116,,0
2025-09-02 08:54:41,0,34,1,[1046.7719012180303 41.662536958845365 1322.3677357552272 221.37939798348424],[1127.2415771484375 155.1009063720703 1175.1661376953125 192.18690490722656],0.1549469381570816,,0
2025-09-02 08:54:41,0,35,1,[1046.7717285012332 41.66260144881308 1322.3673255473732 221.3792668682858],[1127.2420654296875 155.1009521484375 1175.166259765625 192.18690490722656],0.1549207717180252,,0
2025-09-02 08:54:41,0,36,1,[1046.7714705705691 41.66288150631618 1322.366952866738 221.37921810871745],[1127.2412109375 155.100830078125 1175.1661376953125 192.1866912841797],0.15500576794147491,,0
2025-09-02 08:54:41,0,37,1,[1046.7816862426553 41.653731007760726 1322.3690854642768 221.37623472447603],[1127.1522216796875 155.08404541015625 1175.167236328125 192.1889190673828],0.16050194203853607,,0
2025-09-02 08:54:41,0,38,1,[1046.7867853088592 41.649517297798084 1322.3681732541872 221.3763596588372],[1127.1522216796875 155.0840606689453 1175.167236328125 192.1889190673828],0.16050155460834503,,0
2025-09-02 08:54:41,0,39,1,[1046.7894776856278 41.64728168125842 1322.3668647304853 221.3773589325102],[1127.1514892578125 155.08392333984375 1175.167236328125 192.18896484375],0.1605318933725357,,0
2025-09-02 08:54:41,0,40,1,[1046.7909742153693 41.645931677207116 1322.3654443463888 221.3783350944256],[1127.149658203125 155.08346557617188 1175.167236328125 192.18905639648438],0.1606101095676422,,0
2025-09-02 08:54:42,0,41,1,[1046.7920420216612 41.64494743632541 1322.3643570370534 221.3790665935702],[1127.1512451171875 155.0836639404297 1175.1673583984375 192.18893432617188],0.16060875356197357,,0
2025-09-02 08:54:42,0,42,1,[1046.792519181304 41.644337504585806 1322.3635094918047 221.3797131546229],[1127.1514892578125 155.0838165283203 1175.1676025390625 192.18896484375],0.16060708463191986,,0
2025-09-02 08:54:42,0,43,1,[1046.792925795263 41.643946765085275 1322.3629226431165 221.38020973854975],[1127.1514892578125 155.0838165283203 1175.1676025390625 192.18896484375],0.16060702502727509,,0
2025-09-02 08:54:42,0,44,1,[1046.7933249303344 41.64346555121155 1322.3625793054732 221.38048845840524],[1127.1541748046875 155.08447265625 1175.1673583984375 192.18896484375],0.16049782931804657,,0
2025-09-02 08:54:42,0,45,1,[1046.7936357327155 41.64371897580962 1322.3620984632082 221.3808844652529],[1127.1551513671875 155.0846710205078 1175.167236328125 192.18875122070312],0.1604667454957962,,0
2025-09-02 08:54:42,0,46,1,[1046.793968105567 41.64382124553741 1322.3618321610913 221.3810823206403],[1127.155029296875 155.08474731445312 1175.167236328125 192.1885528564453],0.16048023104667664,,0
2025-09-02 08:54:42,0,47,1,[1046.7941947633408 41.64364284769421 1322.3616045807125 221.38101908384232],[1127.1544189453125 155.08465576171875 1175.1669921875 192.1885528564453],0.1604899913072586,,0
2025-09-02 08:54:43,0,48,1,[1046.7944457028136 41.64340404845295 1322.3614092365176 221.38099107764594],[1127.1533203125 155.08407592773438 1175.16796875 192.18911743164062],0.16037489473819733,,0
2025-09-02 08:54:43,0,49,1,[1046.7945828532927 41.64393614314952 1322.3611120819744 221.3812287392965],[1127.1558837890625 155.08453369140625 1175.1673583984375 192.1881103515625],0.16046911478042603,,0
2025-09-02 08:54:43,0,50,1,[1046.7942438212228 41.644357554984964 1322.360812788779 221.3814189480718],[1127.155517578125 155.0843963623047 1175.1676025390625 192.18829345703125],0.16045646369457245,,0
2025-09-02 08:54:44,0,53,1,[1047.0413320110433 41.21390036540551 1322.9850337133798 221.18889747003084],[1159.309326171875 68.74607849121094 1200.6951904296875 105.61843872070312],0.15220272541046143,,0
2025-09-02 08:54:44,0,54,1,[1047.0235738173346 41.24227647854018 1323.0156419541913 221.21152774156525],[1159.33740234375 68.7421646118164 1200.63232421875 105.57213592529297],0.15675035119056702,,0
2025-09-02 08:54:44,0,55,1,[1047.0070823585852 41.25494480498821 1323.0344519693385 221.21983457980292],[1159.3372802734375 68.74191284179688 1200.6326904296875 105.57257080078125],0.1566876471042633,,0
2025-09-02 08:54:45,0,56,1,[1046.9938013042795 41.26117622637072 1323.0467823500878 221.22283020493455],[1159.33740234375 68.74161529541016 1200.6328125 105.57263946533203],0.15670058131217957,,0
2025-09-02 08:54:45,0,57,1,[1046.9833364274116 41.26447858085203 1323.0548339119584 221.22378749619645],[1159.33740234375 68.74161529541016 1200.6329345703125 105.57259368896484],0.15670333802700043,,0
2025-09-02 08:54:45,0,58,1,[1046.9751192700435 41.266739827031316 1323.0600913725405 221.22421216595387],[1159.33740234375 68.74138641357422 1200.6328125 105.57259368896484],0.15672829747200012,,0
2025-09-02 08:54:45,0,59,1,[1046.968962561719 41.26837872944694 1323.0636357304531 221.22442906154564],[1159.33740234375 68.74140930175781 1200.6328125 105.57259368896484],0.15672849118709564,,0
2025-09-02 08:54:46,0,60,1,[1046.9636512504737 41.27018375244842 1323.065812038623 221.22495811239463],[1159.337890625 68.74159240722656 1200.6324462890625 105.57234191894531],0.1567627191543579,,0
2025-09-02 08:54:46,0,61,1,[1046.959370212213 41.271711445782145 1323.067208312179 221.22541012513818],[1159.3375244140625 68.74138641357422 1200.6329345703125 105.5727310180664],0.15670616924762726,,0
2025-09-02 08:54:46,0,62,1,[1046.9376746709024 41.28240006483638 1323.0636750931596 221.22915181235498],[1159.33642578125 68.71662139892578 1200.6549072265625 105.57616424560547],0.15248067677021027,,0
2025-09-02 08:54:46,0,63,1,[1046.925791833104 41.28806338029206 1323.0648597143236 221.22961467026397],[1159.33642578125 68.71662139892578 1200.6549072265625 105.57616424560547],0.15248191356658936,,0
2025-09-02 08:54:46,0,64,1,[1046.918605325322 41.29132068973573 1323.0671657218745 221.22904609130123],[1159.3360595703125 68.71680450439453 1200.6549072265625 105.57632446289062],0.15242978930473328,,0
2025-09-02 08:54:47,0,65,1,[1046.9128093921267 41.29424366114536 1323.0688730835977 221.22846040870127],[1159.3359375 68.716552734375 1200.65478515625 105.576416015625],0.15249966084957123,,0
2025-09-02 08:54:47,0,66,1,[1046.9089597627462 41.29634245595625 1323.070288527957 221.22783378920727],[1159.3360595703125 68.71639251708984 1200.654541015625 105.57653045654297],0.15247562527656555,,0
2025-09-02 08:54:47,0,67,1,[1046.9076008627833 41.29763718195693 1323.0726989905108 221.22787097022308],[1159.3369140625 68.71824645996094 1200.6524658203125 105.57572937011719],0.15249115228652954,,0
2025-09-02 08:54:47,0,68,1,[1046.9061921793646 41.29855580881237 1323.0739066506612 221.2277890536916],[1159.3369140625 68.71865844726562 1200.6522216796875 105.57536315917969],0.15251050889492035,,0
2025-09-02 08:54:47,0,69,1,[1046.9052954818967 41.29931674037394 1323.074650551358 221.22767469244033],[1159.336181640625 68.71788024902344 1200.652587890625 105.57632446289062],0.15243126451969147,,0
2025-09-02 08:54:47,0,70,1,[1046.90467865248 41.29977603914912 1323.0749371496531 221.22750988709268],[1159.3360595703125 68.71776580810547 1200.6527099609375 105.57637023925781],0.15242670476436615,,0
2025-09-02 08:54:47,0,71,1,[1046.9035583086809 41.30015903612872 1323.0745835995965 221.22727745627134],[1159.3363037109375 68.71794891357422 1200.6522216796875 105.57588958740234],0.15249250829219818,,0
2025-09-02 08:54:47,0,72,1,[1046.902372214435 41.30088966507137 1323.0740588717329 221.2271633729005],[1159.3360595703125 68.71808624267578 1200.65234375 105.57593536376953],0.15246564149856567,,0
2025-09-02 08:54:48,0,73,1,[1046.902098371846 41.30111295170214 1323.0738438868825 221.2267037454762],[1159.3355712890625 68.71733093261719 1200.6534423828125 105.5771484375],0.1523120254278183,,0
2025-09-02 08:54:48,0,74,1,[1046.9012045563566 41.301150887927164 1323.0725927400592 221.22580276209004],[1159.334716796875 68.71293640136719 1200.6558837890625 105.57957458496094],0.15215055644512177,,0
2025-09-02 08:54:48,0,75,1,[1046.9032999559772 41.30020359215966 1323.08130351413 221.22556657876765],[1159.335205078125 68.71316528320312 1200.6573486328125 105.57778930664062],0.15229208767414093,,0
2025-09-02 08:54:48,0,76,1,[1046.902528976549 41.299740380590094 1323.0853753305687 221.22547670975274],[1159.335693359375 68.71527099609375 1200.65673828125 105.57659912109375],0.15237052738666534,,0
2025-09-02 08:54:48,0,77,1,[1046.9011359429828 41.2991867043512 1323.0875387127335 221.22519893349352],[1159.335693359375 68.71456146240234 1200.6571044921875 105.57726287841797],0.1523253321647644,,0
2025-09-02 08:54:48,0,78,1,[1046.8998397186767 41.29882210595072 1323.088660189894 221.22504298582703],[1159.335693359375 68.71491241455078 1200.6571044921875 105.57701873779297],0.1523401141166687,,0
2025-09-02 08:54:48,0,79,1,[1046.8988460274138 41.29859341233616 1323.0894587189307 221.22502011934768],[1159.3355712890625 68.7146987915039 1200.6568603515625 105.5771713256836],0.15232183039188385,,0
2025-09-02 08:54:48,0,80,1,[1046.8986243187128 41.29801710480814 1323.0902142485957 221.22496266157157],[1159.33544921875 68.71376037597656 1200.6572265625 105.57781219482422],0.1521594077348709,,0
2025-09-02 08:54:48,0,81,1,[1046.8988072822494 41.29785088783966 1323.0906991269908 221.2250746100667],[1159.3349609375 68.71341705322266 1200.657470703125 105.5778579711914],0.15216784179210663,,0
2025-09-02 08:54:49,0,82,1,[1046.8987148643375 41.29798055851839 1323.090647284149 221.22511347055573],[1159.3350830078125 68.71388244628906 1200.657958984375 105.57752227783203],0.15218648314476013,,0
2025-09-02 08:54:49,0,83,1,[1046.8985433191501 41.29800141999122 1323.0905390916969 221.22508638635276],[1159.3348388671875 68.71417236328125 1200.6580810546875 105.57735443115234],0.1522078961133957,,0
2025-09-02 08:54:49,0,84,1,[1046.898421386337 41.297951225216806 1323.0905029787816 221.2251614404825],[1159.3353271484375 68.71355438232422 1200.6580810546875 105.57746887207031],0.15224099159240723,,0
2025-09-02 08:54:49,0,85,1,[1046.8981670864991 41.29825569254149 1323.0903391288075 221.2252883693983],[1159.335205078125 68.71380615234375 1200.6580810546875 105.57740020751953],0.1522672176361084,,0
2025-09-02 08:54:49,0,86,1,[1046.8982805529877 41.29826945422087 1323.0903579806081 221.22529108495218],[1159.335205078125 68.71380615234375 1200.658203125 105.5775146484375],0.15226057171821594,,0
2025-09-02 08:54:49,0,87,1,[1046.9041012617122 41.29493633719164 1323.0900698537534 221.22443206879342],[1159.338623046875 68.71977996826172 1200.644287109375 105.57621002197266],0.15355271100997925,,0
2025-09-02 08:54:49,0,88,1,[1046.9073852792485 41.29318637993397 1323.0888699846646 221.22451791728656],[1159.338623046875 68.719482421875 1200.644287109375 105.57637023925781],0.15353405475616455,,0
2025-09-02 08:54:50,0,89,1,[1046.9092202131287 41.29268507077673 1323.0873286700921 221.22496932528315],[1159.3385009765625 68.71980285644531 1200.64453125 105.57646179199219],0.15347927808761597,,0
2025-09-02 08:54:50,0,90,1,[1046.9104902311713 41.292373922374324 1323.086076205747 221.22531551768992],[1159.3385009765625 68.71980285644531 1200.64453125 105.57646179199219],0.15347927808761597,,0
2025-09-02 08:54:50,0,91,1,[1046.9120105786371 41.29204634022676 1323.0854330828136 221.22555112157465],[1159.338134765625 68.71996307373047 1200.64453125 105.57653045654297],0.15341393649578094,,0
2025-09-02 08:54:50,0,92,1,[1046.9130114784864 41.291769185379366 1323.0847655529562 221.22565132227473],[1159.338134765625 68.72001647949219 1200.64453125 105.5765609741211],0.15341807901859283,,0
2025-09-02 08:54:50,0,93,1,[1046.9136737772517 41.29166662924246 1323.0841557368383 221.22580005958332],[1159.338134765625 68.72003173828125 1200.64453125 105.57655334472656],0.15341807901859283,,0
2025-09-02 08:54:50,0,94,1,[1046.9141173507087 41.29158589150103 1323.0835843705654 221.22589362687165],[1159.338134765625 68.72003173828125 1200.64453125 105.57655334472656],0.15341833233833313,,0
2025-09-02 08:54:50,0,95,1,[1046.9143123002884 41.29156074691869 1323.0831196963284 221.22593786927766],[1159.338134765625 68.72003173828125 1200.64453125 105.57653045654297],0.15341950953006744,,0
2025-09-02 08:54:50,0,96,1,[1046.914748527327 41.29161518389837 1323.082923960023 221.2260711639501],[1159.3377685546875 68.72007751464844 1200.64453125 105.57664489746094],0.15336693823337555,,0
2025-09-02 08:54:51,0,97,1,[1046.9150144813507 41.2917780643467 1323.0827785067167 221.22624414098055],[1159.337890625 68.72005462646484 1200.6446533203125 105.5767593383789],0.15335281193256378,,0
2025-09-02 08:54:51,0,98,1,[1046.915650230375 41.29160934837613 1323.0829390912536 221.226373245925],[1159.338134765625 68.71957397460938 1200.644287109375 105.5767822265625],0.1533878594636917,,0
2025-09-02 08:54:51,0,99,1,[1046.9160338472045 41.29148254701104 1323.0828939580008 221.22644220542978],[1159.338134765625 68.71955871582031 1200.644287109375 105.57674407958984],0.15338799357414246,,0
2025-09-02 08:54:51,0,100,1,[1046.9166635982797 41.29127610749512 1323.082829600909 221.2264276052754],[1159.3375244140625 68.71959686279297 1200.6441650390625 105.5767593383789],0.15338599681854248,,0
2025-09-02 08:54:51,0,101,1,[1046.598329689506 41.82922046915911 1322.8455292287927 221.46140980297497],[1128.037841796875 155.62001037597656 1175.6170654296875 192.0883026123047],0.1598479300737381,,0
2025-09-02 08:54:51,0,102,1,[1046.5013160629233 42.198147681613875 1322.8041099477487 221.59507282884988],[1127.7314453125 155.62965393066406 1175.54150390625 192.21377563476562],0.16300004720687866,,0
2025-09-02 08:54:52,0,103,1,[1046.4557319129035 42.37784519724697 1322.798856770924 221.60335405566866],[1127.7314453125 155.62965393066406 1175.54150390625 192.21377563476562],0.16300004720687866,,0
2025-09-02 08:54:52,0,104,1,[1046.4323457555643 42.47417813981525 1322.8047982135595 221.57474823559096],[1127.7314453125 155.62965393066406 1175.54150390625 192.21377563476562],0.16300004720687866,,0
2025-09-02 08:54:52,0,105,1,[1046.4192466440368 42.53068923409923 1322.8130683248992 221.54019690875862],[1127.731689453125 155.6295166015625 1175.5419921875 192.2141876220703],0.16291449964046478,,0
2025-09-02 08:54:52,0,106,1,[1046.4111382728902 42.566247178967245 1322.8206912977707 221.5093287546658],[1127.7308349609375 155.62939453125 1175.5418701171875 192.2142791748047],0.16304746270179749,,0
2025-09-02 08:54:52,0,107,1,[1046.4060572438868 42.58973522860373 1322.8271129320813 221.484385754377],[1127.7308349609375 155.62939453125 1175.5418701171875 192.2142791748047],0.16304746270179749,,0
2025-09-02 08:54:52,0,108,1,[1046.4028484915125 42.60567438191258 1322.8322966938294 221.46500725428228],[1127.7308349609375 155.6292266845703 1175.5418701171875 192.2145233154297],0.16301773488521576,,0
2025-09-02 08:54:53,0,109,1,[1046.4007710165863 42.61655482244494 1322.836380468794 221.4501447854202],[1127.7308349609375 155.6292266845703 1175.5418701171875 192.2145233154297],0.16301773488521576,,0
2025-09-02 08:54:53,0,110,1,[1046.3994530102689 42.623966019778834 1322.8395974450266 221.43879781234182],[1127.7308349609375 155.6292266845703 1175.5418701171875 192.2145233154297],0.16301773488521576,,0
2025-09-02 08:54:53,0,111,1,[1046.398653848768 42.62891958696949 1322.8421464641483 221.430061717806],[1127.7308349609375 155.62921142578125 1175.5418701171875 192.2142333984375],0.1630304902791977,,0
2025-09-02 08:54:53,0,112,1,[1046.396338301274 42.63066445350387 1322.8427889775583 221.4207615460715],[1127.687255859375 155.61932373046875 1175.553955078125 192.21803283691406],0.16451974213123322,,0
2025-09-02 08:54:54,0,113,1,[1046.3954124499624 42.63222989552902 1322.844164881577 221.41441892585215],[1127.6890869140625 155.619873046875 1175.5540771484375 192.21844482421875],0.16453856229782104,,0
2025-09-02 08:54:54,0,114,1,[1046.394135129536 42.6336908225978 1322.8450299020617 221.40966462139554],[1127.6905517578125 155.6197052001953 1175.5543212890625 192.21859741210938],0.1644228845834732,,0
2025-09-02 08:54:55,0,115,1,[1046.3936072816696 42.63461361663198 1322.846103283889 221.4060594604243],[1127.6903076171875 155.61973571777344 1175.5540771484375 192.21844482421875],0.16445152461528778,,0
2025-09-02 08:54:55,0,116,1,[1046.3934839423903 42.635120544907295 1322.8471521214362 221.40326692287863],[1127.687744140625 155.61886596679688 1175.5555419921875 192.21963500976562],0.16431882977485657,,0
2025-09-02 08:54:55,0,117,1,[1046.39414718031 42.63449069290664 1322.8483757075142 221.40037306919737],[1127.68408203125 155.6181182861328 1175.55810546875 192.22320556640625],0.16398495435714722,,0
2025-09-02 08:54:56,0,118,1,[1046.394578185411 42.634127978945045 1322.8491837654608 221.3983295435063],[1127.68408203125 155.6184539794922 1175.5577392578125 192.22256469726562],0.16408944129943848,,0
2025-09-02 08:54:56,0,119,1,[1046.3950055839186 42.633723001910354 1322.8498570668562 221.3967957702863],[1127.684326171875 155.618408203125 1175.5577392578125 192.22256469726562],0.1640891134738922,,0
2025-09-02 08:54:56,0,120,1,[1046.3953650182034 42.633302723299536 1322.8504998581275 221.39563801780014],[1127.68408203125 155.61849975585938 1175.557373046875 192.22247314453125],0.16410711407661438,,0
2025-09-02 08:54:57,0,121,1,[1046.395705470277 42.63284967138523 1322.8510828006754 221.3947089646903],[1127.686279296875 155.61920166015625 1175.5555419921875 192.22047424316406],0.16427777707576752,,0
2025-09-02 08:54:57,0,122,1,[1046.3959476578868 42.63234754242882 1322.8515372195877 221.39392653850297],[1127.6861572265625 155.61920166015625 1175.5555419921875 192.22024536132812],0.16430586576461792,,0
2025-09-02 08:54:57,0,123,1,[1046.3962547850238 42.631784589327026 1322.85196637935 221.3932030818488],[1127.6854248046875 155.61904907226562 1175.5557861328125 192.22055053710938],0.1642531454563141,,0
2025-09-02 08:54:57,0,124,1,[1046.3955516967828 42.630757945222214 1322.8510789753593 221.39187863298343],[1127.682861328125 155.61846923828125 1175.5557861328125 192.22097778320312],0.1643461287021637,,0
2025-09-02 08:54:58,0,125,1,[1046.3963627939133 42.6295028357431 1322.8516752073092 221.3912855700466],[1127.677490234375 155.61697387695312 1175.557373046875 192.22215270996094],0.16424189507961273,,0
2025-09-02 08:54:58,0,126,1,[1046.3974786869826 42.628653697381324 1322.8523648802816 221.3909445489487],[1127.6783447265625 155.6168212890625 1175.5587158203125 192.22303771972656],0.1640758514404297,,0
2025-09-02 08:54:58,0,127,1,[1046.3976441314467 42.629024105612984 1322.852536141906 221.39104338959993],[1127.684326171875 155.61868286132812 1175.556884765625 192.22146606445312],0.1642318218946457,,0
2025-09-02 08:54:58,0,128,1,[1046.3978738605338 42.628953604178605 1322.8527008869082 221.39079801439647],[1127.684326171875 155.61868286132812 1175.556884765625 192.22146606445312],0.16423141956329346,,0
2025-09-02 08:54:58,0,129,1,[1046.397951810157 42.62884608655564 1322.852861993568 221.39055757149254],[1127.6839599609375 155.619140625 1175.5557861328125 192.22137451171875],0.16428929567337036,,0
2025-09-02 08:54:59,0,130,1,[1046.3980288074897 42.628777206327584 1322.8530285540107 221.39035366632856],[1127.6824951171875 155.61865234375 1175.55615234375 192.22189331054688],0.1642935574054718,,0
2025-09-02 08:54:59,0,131,1,[1046.3987648590678 42.62851132605691 1322.8535594900477 221.39005365614167],[1127.6820068359375 155.61849975585938 1175.5560302734375 192.22164916992188],0.16431443393230438,,0
2025-09-02 08:54:59,0,132,1,[1046.3991268635016 42.62823205284228 1322.853802259918 221.38981245666304],[1127.6826171875 155.61851501464844 1175.5562744140625 192.22166442871094],0.16429688036441803,,0
2025-09-02 08:54:59,0,133,1,[1046.3992351660736 42.628008991660536 1322.853953591743 221.38966203963065],[1127.6824951171875 155.6184539794922 1175.55615234375 192.22178649902344],0.16429203748703003,,0
2025-09-02 08:54:59,0,134,1,[1046.3985368350618 42.628401954836434 1322.8538127927136 221.38993050993702],[1127.683349609375 155.61862182617188 1175.5562744140625 192.22169494628906],0.16427214443683624,,0
2025-09-02 08:54:59,0,135,1,[1046.3982873043474 42.62890956988534 1322.85399347689 221.3901624087574],[1127.6834716796875 155.6186065673828 1175.55615234375 192.22166442871094],0.16427266597747803,,0
2025-09-02 08:54:59,0,136,1,[1046.3980326979495 42.62908477996504 1322.854146146478 221.39009429212464],[1127.6834716796875 155.6186065673828 1175.55615234375 192.22166442871094],0.1642727255821228,,0
2025-09-02 08:55:00,0,137,1,[1046.3936352354117 42.62635923480795 1322.8520451017816 221.3884919806969],[1127.720947265625 155.6277618408203 1175.548095703125 192.2200164794922],0.16217389702796936,,0
2025-09-02 08:55:00,0,138,1,[1046.3911053467864 42.62555223236038 1322.851548327003 221.38834929782897],[1127.720458984375 155.62742614746094 1175.54833984375 192.2201385498047],0.1621851772069931,,0
2025-09-02 08:55:00,0,139,1,[1046.3898757158784 42.62508684625951 1322.8517942595925 221.38835174260024],[1127.719970703125 155.62733459472656 1175.5482177734375 192.22023010253906],0.1621847301721573,,0
2025-09-02 08:55:01,0,140,1,[1046.3891793181283 42.6246765006309 1322.8522013493684 221.38834020139697],[1127.719970703125 155.6273193359375 1175.5482177734375 192.22023010253906],0.16218504309654236,,0
2025-09-02 08:55:01,0,141,1,[1046.388307995621 42.62461676296283 1322.8523239975145 221.38841579135834],[1127.720703125 155.62704467773438 1175.548583984375 192.22068786621094],0.1621077060699463,,0
2025-09-02 08:55:01,0,142,1,[1046.3875218973235 42.62458613187269 1322.8524205208832 221.3884312214884],[1127.7197265625 155.62701416015625 1175.5484619140625 192.22073364257812],0.16220708191394806,,0
2025-09-02 08:55:01,0,143,1,[1046.3869213599646 42.62445704309633 1322.8525885948566 221.3883295692386],[1127.72021484375 155.627197265625 1175.5484619140625 192.22073364257812],0.16222567856311798,,0
2025-09-02 08:55:02,0,144,1,[1046.386579015433 42.62437858476642 1322.8528307295903 221.38825748369004],[1127.72021484375 155.627197265625 1175.5484619140625 192.22073364257812],0.16222573816776276,,0
2025-09-02 08:55:02,0,145,1,[1046.3862846318111 42.62432412765095 1322.8529866891586 221.3882189217906],[1127.72021484375 155.62716674804688 1175.5484619140625 192.2207489013672],0.16222535073757172,,0
2025-09-02 08:55:02,0,146,1,[1046.3862106524944 42.62430613490022 1322.8530621732416 221.38814214352755],[1127.7232666015625 155.6268768310547 1175.54931640625 192.22164916992188],0.16180893778800964,,0
2025-09-02 08:55:02,0,147,1,[1046.386248362535 42.62419476822984 1322.8532338558596 221.38807404155781],[1127.7232666015625 155.6269073486328 1175.54931640625 192.22164916992188],0.1618088185787201,,0
2025-09-02 08:55:02,0,148,1,[1046.386251611875 42.624210042995216 1322.853354770654 221.38800184250533],[1127.7232666015625 155.6269073486328 1175.54931640625 192.22164916992188],0.16180875897407532,,0
2025-09-02 08:55:02,0,149,1,[1046.3862298935928 42.62410176662081 1322.8535434711685 221.3879101767476],[1127.7220458984375 155.62673950195312 1175.5491943359375 192.22174072265625],0.16181813180446625,,0
2025-09-02 08:55:03,0,150,1,[1046.3862032408474 42.62418173513291 1322.8535899016274 221.3879090779864],[1127.7208251953125 155.62655639648438 1175.549072265625 192.2219696044922],0.16181567311286926,,0
2025-09-02 08:55:03,0,151,1,[1046.493014614413 42.28468006562383 1322.8044480935214 221.22192613358516],[1128.371826171875 155.91954040527344 1175.2833251953125 192.91091918945312],0.17134156823158264,,0
2025-09-02 08:55:03,0,152,1,[1046.0380784401088 42.299703353600904 1323.0510328460434 221.6033127618352],[1128.0655517578125 155.8726043701172 1175.2298583984375 192.8544158935547],0.17138375341892242,,0
2025-09-02 08:55:03,0,153,1,[1045.7119117339846 42.2576785348475 1323.198920284766 221.83006585022667],[1128.1396484375 155.95126342773438 1175.26953125 192.84815979003906],0.18227984011173248,,0
2025-09-02 08:55:03,0,154,1,[1045.5016082143652 42.162455072837375 1323.3745218923732 221.94602278954255],[1128.039794921875 155.93861389160156 1175.2257080078125 192.8654022216797],0.1829967200756073,,0
2025-09-02 08:55:03,0,155,1,[1045.3548826802548 42.08923983267913 1323.50904494337 222.0266541090154],[1128.0400390625 155.938720703125 1175.2254638671875 192.8651885986328],0.1830875724554062,,0
2025-09-02 08:55:03,0,156,1,[1045.250557712929 42.034417172944785 1323.6096941228998 222.0838777894476],[1128.0399169921875 155.938720703125 1175.2254638671875 192.8651885986328],0.18308742344379425,,0
2025-09-02 08:55:04,0,157,1,[1045.1757944471283 41.99376590397719 1323.6841962392145 222.124896567412],[1128.040283203125 155.93902587890625 1175.2254638671875 192.86489868164062],0.1830643266439438,,0
2025-09-02 08:55:04,0,158,1,[1045.1215139824117 41.96379227709842 1323.7389592226668 222.1546438547113],[1128.04150390625 155.9394989013672 1175.22509765625 192.8644561767578],0.1831250935792923,,0
2025-09-02 08:55:04,0,159,1,[1045.0822805168318 41.94186582192803 1323.7791224073253 222.17615348965506],[1128.041748046875 155.9395294189453 1175.22509765625 192.86444091796875],0.18313093483448029,,0
2025-09-02 08:55:04,0,160,1,[1045.053910995533 41.92584460645277 1323.808522068694 222.19171633776767],[1128.041748046875 155.9395294189453 1175.22509765625 192.86444091796875],0.18313093483448029,,0
2025-09-02 08:55:04,0,161,1,[1045.0334180506177 41.914168748608375 1323.8300193179282 222.20298128487295],[1128.0416259765625 155.9395294189453 1175.2249755859375 192.86444091796875],0.18313093483448029,,0
2025-09-02 08:55:04,0,162,1,[1045.0215689641632 41.91130144760007 1323.8475871133369 222.21415980016934],[1128.03076171875 155.93301391601562 1175.2349853515625 192.8616485595703],0.18241088092327118,,0
2025-09-02 08:55:04,0,163,1,[1045.012238532834 41.907533323728515 1323.8596640241908 222.22063500268064],[1128.0302734375 155.9329833984375 1175.23486328125 192.8617401123047],0.18244174122810364,,0
2025-09-02 08:55:05,0,164,1,[1045.0052588197295 41.90423232301177 1323.8680447606798 222.22468889227625],[1128.030029296875 155.9329071044922 1175.23486328125 192.86175537109375],0.1824364811182022,,0
2025-09-02 08:55:05,0,165,1,[1045.0001624769416 41.9015390001515 1323.8740652053352 222.22726408247888],[1128.0301513671875 155.93289184570312 1175.235107421875 192.8616943359375],0.1823800802230835,,0
2025-09-02 08:55:05,0,166,1,[1044.9964014831119 41.89953459797378 1323.8782912330219 222.2289625113698],[1128.0303955078125 155.932861328125 1175.2349853515625 192.8619842529297],0.18236351013183594,,0
2025-09-02 08:55:05,0,167,1,[1044.9939146275524 41.898122757882234 1323.8812739734053 222.23007017447992],[1128.0283203125 155.9322509765625 1175.235107421875 192.86256408691406],0.18248726427555084,,0
2025-09-02 08:55:06,0,168,1,[1044.992348808054 41.897240971225344 1323.8834765895476 222.23086968134612],[1128.0279541015625 155.93215942382812 1175.235107421875 192.8627471923828],0.18247225880622864,,0
2025-09-02 08:55:06,0,169,1,[1044.9913020472884 41.89659909595363 1323.8850264982068 222.2313493108077],[1128.027587890625 155.93209838867188 1175.235107421875 192.8627471923828],0.1824972927570343,,0
2025-09-02 08:55:06,0,170,1,[1044.9903973240694 41.896361368894844 1323.8859598056429 222.2315673656386],[1128.0283203125 155.93179321289062 1175.235107421875 192.8628387451172],0.1825105845928192,,0
2025-09-02 08:55:07,0,171,1,[1044.9898800166698 41.89612151759479 1323.8867019172972 222.23160980207098],[1128.0281982421875 155.93177795410156 1175.2352294921875 192.86279296875],0.18251073360443115,,0
2025-09-02 08:55:07,0,172,1,[1044.9899841744461 41.89571702449675 1323.8875150850783 222.23154382800882],[1128.0283203125 155.93202209472656 1175.234375 192.8624725341797],0.1825961321592331,,0
2025-09-02 08:55:07,0,173,1,[1044.990061247409 41.89559514633159 1323.8879614783468 222.2314959176042],[1128.0281982421875 155.931884765625 1175.234619140625 192.86251831054688],0.18259398639202118,,0
2025-09-02 08:55:07,0,174,1,[1044.9901763187381 41.89549059436625 1323.8882023574897 222.2313977620704],[1128.0281982421875 155.931884765625 1175.234619140625 192.86251831054688],0.1825937181711197,,0
2025-09-02 08:55:07,0,175,1,[1044.9904749094992 41.895243717223124 1323.8884197430777 222.2312237372912],[1128.030029296875 155.93228149414062 1175.234619140625 192.8621063232422],0.18260593712329865,,0
2025-09-02 08:55:08,0,176,1,[1044.990702550741 41.895196840535576 1323.888515662008 222.2312332937994],[1128.02880859375 155.93206787109375 1175.2344970703125 192.8624725341797],0.18266929686069489,,0
2025-09-02 08:55:08,0,177,1,[1044.991062538065 41.89508056152988 1323.8884731099872 222.23109145626051],[1128.0296630859375 155.93197631835938 1175.2353515625 192.86302185058594],0.18256352841854095,,0
2025-09-02 08:55:08,0,178,1,[1044.9913900640922 41.8950852547685 1323.8883696761836 222.23103003126909],[1128.0296630859375 155.93203735351562 1175.2353515625 192.863037109375],0.1825609654188156,,0
2025-09-02 08:55:08,0,179,1,[1044.991784389979 41.89515675403652 1323.8883132668968 222.23097654384554],[1128.0296630859375 155.93197631835938 1175.2353515625 192.86297607421875],0.18256430327892303,,0
2025-09-02 08:55:08,0,180,1,[1044.992033815799 41.89557138313836 1323.8881966067024 222.23109137129973],[1128.0302734375 155.93162536621094 1175.2349853515625 192.863037109375],0.1826147735118866,,0
2025-09-02 08:55:08,0,181,1,[1044.9920849203304 41.89515652228356 1323.8875543922 222.2307513568628],[1128.0347900390625 155.9321746826172 1175.2335205078125 192.86285400390625],0.18306268751621246,,0
2025-09-02 08:55:09,0,182,1,[1044.9923264287352 41.89504542588628 1323.8871580533162 222.23060551997355],[1128.0347900390625 155.93218994140625 1175.2335205078125 192.8628387451172],0.18306276202201843,,0
2025-09-02 08:55:09,0,183,1,[1044.9926269244422 41.89503847131685 1323.8868632478454 222.2305099128555],[1128.0355224609375 155.93235778808594 1175.2330322265625 192.8626251220703],0.1831335872411728,,0
2025-09-02 08:55:09,0,184,1,[1044.9928496733633 41.89510971670825 1323.8866218497596 222.23037350595638],[1128.036376953125 155.93231201171875 1175.2332763671875 192.86257934570312],0.1830979883670807,,0
2025-09-02 08:55:09,0,185,1,[1044.9930490621032 41.89506440080591 1323.8863892730592 222.23012183692668],[1128.0362548828125 155.9320831298828 1175.23388671875 192.86280822753906],0.18300172686576843,,0
2025-09-02 08:55:10,0,186,1,[1044.9933116495595 41.895272009774104 1323.8862426341202 222.23002048394727],[1128.0362548828125 155.93206787109375 1175.23388671875 192.86279296875],0.18300600349903107,,0
2025-09-02 08:55:10,0,187,1,[1044.9928079072995 41.87974075609925 1323.894965036243 222.22773970329303],[1128.030029296875 155.93560791015625 1175.2301025390625 192.8681640625],0.18728084862232208,,0
2025-09-02 08:55:10,0,188,1,[1045.497296826564 41.70073274814732 1323.6153757438076 221.8390668729899],[1128.025146484375 155.93505859375 1175.2315673828125 192.86834716796875],0.18683989346027374,,0
2025-09-02 08:55:10,0,189,1,[1045.3199580398807 41.841020899322686 1323.656781867028 222.04541804588962],[1128.026123046875 155.93524169921875 1175.2314453125 192.86802673339844],0.1868247538805008,,0
2025-09-02 08:55:11,0,190,1,[1045.21417548423 41.88338799203136 1323.710513637489 222.13585767102688],[1128.026123046875 155.93524169921875 1175.2314453125 192.86802673339844],0.18682467937469482,,0
2025-09-02 08:55:11,0,191,1,[1045.146272624832 41.89103984893818 1323.7589396044827 222.17854312814825],[1128.02880859375 155.93634033203125 1175.2315673828125 192.86734008789062],0.18666499853134155,,0
2025-09-02 08:55:12,0,192,1,[1045.100244899112 41.88799556617893 1323.7976588690967 222.20099564633875],[1128.0286865234375 155.93637084960938 1175.2314453125 192.86741638183594],0.18667347729206085,,0
2025-09-02 08:55:12,0,193,1,[1045.0681844097855 41.8824779475447 1323.8272307872242 222.21400542971855],[1128.028564453125 155.93641662597656 1175.231689453125 192.8671417236328],0.18666991591453552,,0
2025-09-02 08:55:12,0,194,1,[1045.0453548283317 41.87703355071601 1323.8493328821255 222.2220360633258],[1128.028564453125 155.93646240234375 1175.231689453125 192.8671417236328],0.18666991591453552,,0
2025-09-02 08:55:12,0,195,1,[1045.5360739477092 41.701150306032744 1323.5811815492725 221.83691019019943],[1128.02392578125 155.9355010986328 1175.232177734375 192.8689727783203],0.1865813285112381,,0
2025-09-02 08:55:13,0,196,1,[1045.8548240189916 41.67165736843366 1323.3461316925327 221.654243885452],[1128.0250244140625 155.9357452392578 1175.2318115234375 192.86862182617188],0.18663090467453003,,0
2025-09-02 08:55:13,0,197,1,[1046.0726778266799 41.68748891848101 1323.1596833776634 221.55839484365043],[1128.026123046875 155.9363555908203 1175.232177734375 192.86746215820312],0.18672581017017365,,0
2025-09-02 08:55:13,0,198,1,[1046.2258595624648 41.71435524848444 1323.017699142502 221.5034975932782],[1128.0260009765625 155.93624877929688 1175.232177734375 192.8673858642578],0.18671496212482452,,0
2025-09-02 08:55:14,0,199,1,[1046.3353489856554 41.739923102182516 1322.911582685742 221.46938127624549],[1128.025634765625 155.93630981445312 1175.2320556640625 192.86741638183594],0.18673980236053467,,0
2025-09-02 08:55:14,0,200,1,[1046.4140296539083 41.76075255010659 1322.8331146608164 221.4467431225255],[1128.0294189453125 155.9370880126953 1175.2320556640625 192.86590576171875],0.1867932379245758,,0
2025-09-02 08:55:14,0,201,1,[1046.493694500541 41.725322066256126 1322.6847719100792 221.39840391593066],[1127.1329345703125 155.06016540527344 1175.2010498046875 192.22540283203125],0.1561056524515152,,0
2025-09-02 08:55:14,0,202,1,[1046.5654242446972 41.71458972862436 1322.5889044900528 221.37877193300878],[1127.1351318359375 155.06053161621094 1175.2003173828125 192.2248077392578],0.15617400407791138,,0
2025-09-02 08:55:15,0,203,1,[1046.6217628975946 41.712873545505275 1322.522899178879 221.37060602005414],[1127.1363525390625 155.06089782714844 1175.2000732421875 192.2241668701172],0.1562286913394928,,0
2025-09-02 08:55:15,0,204,1,[1046.6639831083069 41.71449501289894 1322.4762703468007 221.36743537505586],[1127.1368408203125 155.06105041503906 1175.1998291015625 192.22390747070312],0.15626640617847443,,0
2025-09-02 08:55:15,0,205,1,[1046.6959681400724 41.71644654429042 1322.442954139238 221.3659503378861],[1127.1358642578125 155.061279296875 1175.199951171875 192.22386169433594],0.15629583597183228,,0
2025-09-02 08:55:15,0,206,1,[1046.7195975979137 41.71828084707897 1322.418871375364 221.3653809779454],[1127.1368408203125 155.0612030029297 1175.200927734375 192.22467041015625],0.1562122255563736,,0
2025-09-02 08:55:16,0,207,1,[1046.7368948514259 41.719932214067015 1322.4013940263603 221.36536850706244],[1127.1376953125 155.06126403808594 1175.20068359375 192.22467041015625],0.15618681907653809,,0
2025-09-02 08:55:16,0,208,1,[1046.7495512717428 41.72120401247831 1322.388517894898 221.36551708151273],[1127.1373291015625 155.06138610839844 1175.20068359375 192.22467041015625],0.15618367493152618,,0
2025-09-02 08:55:16,0,209,1,[1046.7585654430036 41.72232798896246 1322.3790440811654 221.36584101796737],[1127.136474609375 155.06124877929688 1175.20068359375 192.2248077392578],0.1562252938747406,,0
2025-09-02 08:55:16,0,210,1,[1046.7650717611637 41.72355460279215 1322.3720003623362 221.36637002954473],[1127.136474609375 155.06126403808594 1175.20068359375 192.2248077392578],0.1562252938747406,,0
2025-09-02 08:55:16,0,211,1,[1046.7698357035442 41.72454554062712 1322.3669212464756 221.3668820004881],[1127.136474609375 155.06126403808594 1175.20068359375 192.2248077392578],0.1562252938747406,,0
2025-09-02 08:55:17,0,212,1,[1046.7733416221085 41.72548247272354 1322.363355257046 221.36745607041516],[1127.1365966796875 155.0613250732422 1175.20068359375 192.2247772216797],0.15620945394039154,,0
2025-09-02 08:55:17,0,213,1,[1046.775842955203 41.726228556609584 1322.3607408830223 221.36796708821683],[1127.1365966796875 155.0613250732422 1175.20068359375 192.2247772216797],0.15620945394039154,,0
2025-09-02 08:55:17,0,214,1,[1046.7782450886693 41.72659379170888 1322.3590907834596 221.36837297338406],[1127.13818359375 155.06130981445312 1175.2015380859375 192.22572326660156],0.15613290667533875,,0
2025-09-02 08:55:17,0,215,1,[1046.7797833544023 41.726887130238424 1322.3576830473494 221.36872703150414],[1127.138427734375 155.06130981445312 1175.20166015625 192.2256317138672],0.1561337262392044,,0
2025-09-02 08:55:17,0,216,1,[1046.7806794629955 41.72728575037631 1322.356607201693 221.36920012580532],[1127.1383056640625 155.06126403808594 1175.20166015625 192.22567749023438],0.15611086785793304,,0
2025-09-02 08:55:17,0,217,1,[1046.7812224605148 41.72790688040436 1322.3558527117932 221.36978191541562],[1127.13916015625 155.0614776611328 1175.2010498046875 192.2252197265625],0.1561897248029709,,0
2025-09-02 08:55:18,0,218,1,[1046.7818492939423 41.72727219839331 1322.3557260137482 221.36992737180944],[1127.1419677734375 155.061767578125 1175.201171875 192.22503662109375],0.15614856779575348,,0
2025-09-02 08:55:18,0,219,1,[1046.7821627315914 41.72760408289358 1322.3553906409963 221.37046272634788],[1127.1417236328125 155.06150817871094 1175.201416015625 192.22523498535156],0.15615308284759521,,0
2025-09-02 08:55:18,0,220,1,[1046.7826316090361 41.72762243402131 1322.3552635292847 221.37075616144898],[1127.1416015625 155.06150817871094 1175.201416015625 192.22528076171875],0.15615214407444,,0
2025-09-02 08:55:18,0,221,1,[1046.7829269587467 41.727689491054434 1322.3551331451065 221.37107624367673],[1127.1409912109375 155.0614471435547 1175.201416015625 192.22540283203125],0.15617652237415314,,0
2025-09-02 08:55:18,0,222,1,[1046.7833312024125 41.727502440771914 1322.3550691126318 221.37116196429565],[1127.140869140625 155.06114196777344 1175.2012939453125 192.22564697265625],0.15619191527366638,,0
2025-09-02 08:55:18,0,223,1,[1046.7836157449974 41.72718895582268 1322.3549551918395 221.37118535555464],[1127.1402587890625 155.0609893798828 1175.2017822265625 192.22618103027344],0.1560836136341095,,0
2025-09-02 08:55:18,0,224,1,[1046.7837553377196 41.72711347495151 1322.3548448001827 221.37138236117363],[1127.1402587890625 155.06097412109375 1175.2017822265625 192.22618103027344],0.15608340501785278,,0
2025-09-02 08:55:19,0,225,1,[1046.7836566652086 41.72721432532278 1322.3546030415382 221.37165828182407],[1127.1402587890625 155.06094360351562 1175.2017822265625 192.22618103027344],0.15608340501785278,,0
2025-09-02 08:55:19,0,226,1,[1046.7833612165166 41.72750198131885 1322.3543413689474 221.37200141911953],[1127.1402587890625 155.06076049804688 1175.2017822265625 192.22613525390625],0.15603291988372803,,0
2025-09-02 08:55:19,0,227,1,[1046.782693680103 41.7278997289209 1322.3541343248485 221.37223498119025],[1127.141357421875 155.06048583984375 1175.2025146484375 192.22659301757812],0.1559753566980362,,0
2025-09-02 08:55:27,0,276,1,[1044.899102395711 41.11630688807941 1324.2736361624807 221.9863649193997],[1126.2071533203125 155.66807556152344 1175.3248291015625 193.19435119628906],0.15017037093639374,,0
2025-09-02 08:55:27,0,278,1,[1044.8600132604047 41.14329385255279 1324.2433968114165 222.00094917805922],[1126.2235107421875 155.66635131835938 1175.3428955078125 193.21034240722656],0.1505526900291443,,0
2025-09-02 08:55:28,0,284,1,[1044.5278211912396 40.77755166955096 1323.9628542867554 221.59778524608208],[1129.9915771484375 156.221923828125 1175.6932373046875 193.1304473876953],0.19346539676189423,,0
2025-09-02 08:55:28,0,284,1,[1044.5278211912396 40.77755166955096 1323.9628542867554 221.59778524608208],[1158.5943603515625 68.5323715209961 1200.56884765625 105.04042053222656],0.15260352194309235,,0
2025-09-02 08:55:29,0,285,1,[1044.374170531139 40.64770310100681 1323.861727170996 221.43528782887756],[1129.9915771484375 156.221923828125 1175.6932373046875 193.1304473876953],0.19346539676189423,,0
2025-09-02 08:55:29,0,285,1,[1044.374170531139 40.64770310100681 1323.861727170996 221.43528782887756],[1158.5943603515625 68.5323715209961 1200.56884765625 105.04042053222656],0.15260352194309235,,0
2025-09-02 08:55:29,0,286,1,[1044.3078104282474 40.60539977058377 1323.8336004210862 221.36911533368763],[1129.9915771484375 156.2219696044922 1175.6932373046875 193.13031005859375],0.19346845149993896,,0
2025-09-02 08:55:29,0,286,1,[1044.3078104282474 40.60539977058377 1323.8336004210862 221.36911533368763],[1158.5943603515625 68.53248596191406 1200.5687255859375 105.04032897949219],0.15261049568653107,,0
2025-09-02 08:55:29,0,287,1,[1044.2772020136972 40.59498653835499 1323.8308333200143 221.34126446951626],[1129.9915771484375 156.2219696044922 1175.6932373046875 193.13031005859375],0.19346831738948822,,0
2025-09-02 08:55:29,0,287,1,[1044.2772020136972 40.59498653835499 1323.8308333200143 221.34126446951626],[1158.5943603515625 68.53250885009766 1200.5687255859375 105.0403060913086],0.15261049568653107,,0
2025-09-02 08:55:29,0,288,1,[1044.2621043899862 40.5955424303866 1323.835960629929 221.3290365960042],[1129.9915771484375 156.2219696044922 1175.6932373046875 193.13026428222656],0.1934717446565628,,0
2025-09-02 08:55:29,0,288,1,[1044.2621043899862 40.5955424303866 1323.835960629929 221.3290365960042],[1158.5943603515625 68.53255462646484 1200.5687255859375 105.0403060913086],0.15261462330818176,,0
2025-09-02 08:55:29,0,289,1,[1044.2538278773493 40.598935846531745 1323.8423530663824 221.32309729025167],[1129.9915771484375 156.22183227539062 1175.6932373046875 193.130859375],0.19352880120277405,,0
2025-09-02 08:55:29,0,289,1,[1044.2538278773493 40.598935846531745 1323.8423530663824 221.32309729025167],[1158.594482421875 68.53216552734375 1200.5692138671875 105.04074096679688],0.15262135863304138,,0
2025-09-02 08:55:30,0,290,1,[1044.2492547101408 40.60308884704857 1323.8483943788522 221.32039637286618],[1129.9918212890625 156.221923828125 1175.693115234375 193.13076782226562],0.19355857372283936,,0
2025-09-02 08:55:30,0,290,1,[1044.2492547101408 40.60308884704857 1323.8483943788522 221.32039637286618],[1158.5947265625 68.53221130371094 1200.569091796875 105.04069519042969],0.15263701975345612,,0
2025-09-02 08:55:30,0,291,1,[1044.2466996334879 40.607131229748035 1323.8534944182893 221.3193262483097],[1129.9918212890625 156.221923828125 1175.693115234375 193.13076782226562],0.1935582011938095,,0
2025-09-02 08:55:30,0,291,1,[1044.2466996334879 40.607131229748035 1323.8534944182893 221.3193262483097],[1158.5947265625 68.53221130371094 1200.569091796875 105.04069519042969],0.15263701975345612,,0
2025-09-02 08:55:30,0,292,1,[1044.245335464179 40.61065531564937 1323.8576273121 221.3190488418174],[1129.991943359375 156.22206115722656 1175.693115234375 193.13072204589844],0.19355544447898865,,0
2025-09-02 08:55:30,0,292,1,[1044.245335464179 40.61065531564937 1323.8576273121 221.3190488418174],[1158.5947265625 68.53218841552734 1200.569091796875 105.0406723022461],0.15263517200946808,,0
2025-09-02 08:55:30,0,293,1,[1044.2448281878233 40.61360500168067 1323.8609772793097 221.31920808000305],[1129.9921875 156.22215270996094 1175.693115234375 193.13063049316406],0.19356252253055573,,0
2025-09-02 08:55:30,0,293,1,[1044.2448281878233 40.61360500168067 1323.8609772793097 221.31920808000305],[1158.5947265625 68.53226470947266 1200.569091796875 105.04065704345703],0.1526411473751068,,0
2025-09-02 08:55:30,0,294,1,[1044.2447424415514 40.6160724842819 1323.8636188893233 221.31958231516245],[1129.9921875 156.22215270996094 1175.693115234375 193.13063049316406],0.19356252253055573,,0
2025-09-02 08:55:30,0,294,1,[1044.2447424415514 40.6160724842819 1323.8636188893233 221.31958231516245],[1158.5947265625 68.53226470947266 1200.569091796875 105.04065704345703],0.1526411473751068,,0
2025-09-02 08:55:30,0,295,1,[1044.2450002035753 40.61814667024616 1323.8657466008667 221.320059826611],[1129.9925537109375 156.2222442626953 1175.6927490234375 193.13026428222656],0.1936558037996292,,0
2025-09-02 08:55:30,0,295,1,[1044.2450002035753 40.61814667024616 1323.8657466008667 221.320059826611],[1158.5948486328125 68.53241729736328 1200.5684814453125 105.0402603149414],0.15269450843334198,,0
2025-09-02 08:55:31,0,296,1,[1044.2454174115364 40.61992863376268 1323.8674426935581 221.3206282110758],[1129.9925537109375 156.22225952148438 1175.6927490234375 193.13027954101562],0.19365572929382324,,0
2025-09-02 08:55:31,0,296,1,[1044.2454174115364 40.61992863376268 1323.8674426935581 221.3206282110758],[1158.5948486328125 68.53241729736328 1200.5684814453125 105.0402603149414],0.15269438922405243,,0
2025-09-02 08:55:31,0,297,1,[1044.246031456382 40.62150859511701 1323.8688027154296 221.32116738167184],[1129.9925537109375 156.22219848632812 1175.6927490234375 193.13021850585938],0.1936788111925125,,0
2025-09-02 08:55:31,0,297,1,[1044.246031456382 40.62150859511701 1323.8688027154296 221.32116738167184],[1158.5950927734375 68.53248596191406 1200.5684814453125 105.04014587402344],0.1527143120765686,,0
2025-09-02 08:55:31,0,298,1,[1044.2466481687798 40.62292212294591 1323.8698432354377 221.32162036065728],[1129.9923095703125 156.22215270996094 1175.69287109375 193.1298065185547],0.1936590075492859,,0
2025-09-02 08:55:31,0,298,1,[1044.2466481687798 40.62292212294591 1323.8698432354377 221.32162036065728],[1158.594482421875 68.53296661376953 1200.5679931640625 105.03998565673828],0.15271598100662231,,0
2025-09-02 08:55:31,0,299,1,[1044.2472962998418 40.62415669628099 1323.870717279653 221.32209999688456],[1129.9923095703125 156.22215270996094 1175.69287109375 193.1298065185547],0.1936590075492859,,0
2025-09-02 08:55:31,0,299,1,[1044.2472962998418 40.62415669628099 1323.870717279653 221.32209999688456],[1158.594482421875 68.53296661376953 1200.5679931640625 105.03998565673828],0.15271598100662231,,0
2025-09-02 08:55:31,0,300,1,[1044.2479808854346 40.62520783724743 1323.8714183316101 221.32259428707363],[1129.9920654296875 156.22206115722656 1175.692626953125 193.1297607421875],0.19365781545639038,,0
2025-09-02 08:55:31,0,300,1,[1044.2479808854346 40.62520783724743 1323.8714183316101 221.32259428707363],[1158.5947265625 68.53314971923828 1200.5679931640625 105.0399398803711],0.15271714329719543,,0
2025-09-02 08:55:31,0,301,1,[1044.2483839979386 40.626017894330076 1323.8719530128883 221.32298441261457],[1129.9915771484375 156.2218780517578 1175.6925048828125 193.12989807128906],0.19372005760669708,,0
2025-09-02 08:55:31,0,301,1,[1044.2483839979386 40.626017894330076 1323.8719530128883 221.32298441261457],[1158.5947265625 68.53299713134766 1200.5679931640625 105.0400161743164],0.15274189412593842,,0
2025-09-02 08:55:32,0,302,1,[1044.249133258019 40.62698832248729 1323.8726195051695 221.32371219578238],[1129.9912109375 156.2216033935547 1175.69287109375 193.1305389404297],0.19371604919433594,,0
2025-09-02 08:55:32,0,302,1,[1044.249133258019 40.62698832248729 1323.8726195051695 221.32371219578238],[1158.594482421875 68.53260803222656 1200.5684814453125 105.04051971435547],0.1527189314365387,,0
2025-09-02 08:55:32,0,303,1,[1044.249953047032 40.627969754499475 1323.8730947601919 221.32428765383014],[1129.9921875 156.22183227539062 1175.6927490234375 193.13058471679688],0.19365856051445007,,0
2025-09-02 08:55:32,0,303,1,[1044.249953047032 40.627969754499475 1323.8730947601919 221.32428765383014],[1158.5946044921875 68.53228759765625 1200.568603515625 105.0403823852539],0.15271103382110596,,0
2025-09-02 08:55:32,0,304,1,[1044.2507355319935 40.62897600537228 1323.8733441052418 221.32484863645072],[1129.992919921875 156.2218017578125 1175.693115234375 193.13064575195312],0.1936497837305069,,0
2025-09-02 08:55:32,0,304,1,[1044.2507355319935 40.62897600537228 1323.8733441052418 221.32484863645072],[1158.594482421875 68.5323715209961 1200.56884765625 105.04048919677734],0.1527174562215805,,0
2025-09-02 08:55:32,0,305,1,[1044.2513410965946 40.62984956189558 1323.8733791183206 221.32520785636308],[1129.9925537109375 156.22174072265625 1175.6927490234375 193.13099670410156],0.19373996555805206,,0
2025-09-02 08:55:32,0,305,1,[1044.2513410965946 40.62984956189558 1323.8733791183206 221.32520785636308],[1158.5948486328125 68.53214263916016 1200.56884765625 105.0406723022461],0.15273720026016235,,0
2025-09-02 08:55:32,0,306,1,[1044.252099855474 40.630563126841466 1323.8735441073698 221.32551907150128],[1129.9925537109375 156.22198486328125 1175.693603515625 193.13064575195312],0.19357390701770782,,0
2025-09-02 08:55:32,0,306,1,[1044.252099855474 40.630563126841466 1323.8735441073698 221.32551907150128],[1158.5946044921875 68.53221130371094 1200.5697021484375 105.04078674316406],0.1526537984609604,,0
2025-09-02 08:55:32,0,307,1,[1044.252651032844 40.63121537687185 1323.8735835568145 221.32574972563276],[1129.9930419921875 156.2219696044922 1175.6942138671875 193.1309051513672],0.1935844123363495,,0
2025-09-02 08:55:32,0,307,1,[1044.252651032844 40.63121537687185 1323.8735835568145 221.32574972563276],[1158.59423828125 68.5316162109375 1200.5701904296875 105.04110717773438],0.15264973044395447,,0
2025-09-02 08:55:33,0,308,1,[1044.259696831066 40.63121416810013 1323.8790793583469 221.32050638813882],[1129.9921875 156.22059631347656 1175.690185546875 193.12527465820312],0.19425822794437408,,0
2025-09-02 08:55:33,0,308,1,[1044.259696831066 40.63121416810013 1323.8790793583469 221.32050638813882],[1158.5618896484375 68.5619888305664 1200.4205322265625 105.0516357421875],0.15217356383800507,,0
2025-09-02 08:55:33,0,309,1,[1044.2628359319624 40.63216833956979 1323.8810126522717 221.31759485184665],[1129.99365234375 156.22100830078125 1175.690185546875 193.12435913085938],0.19392675161361694,,0
2025-09-02 08:55:33,0,309,1,[1044.2628359319624 40.63216833956979 1323.8810126522717 221.31759485184665],[1158.5618896484375 68.5634536743164 1200.4207763671875 105.05133819580078],0.15209802985191345,,0
2025-09-02 08:55:33,0,310,1,[1044.264290005681 40.63332112578148 1323.8815807469416 221.3159293781722],[1129.9951171875 156.2212371826172 1175.6905517578125 193.12413024902344],0.19392557442188263,,0
2025-09-02 08:55:33,0,310,1,[1044.264290005681 40.63332112578148 1323.8815807469416 221.3159293781722],[1158.561767578125 68.56369018554688 1200.4210205078125 105.05118560791016],0.1521228849887848,,0
2025-09-02 08:55:33,0,311,1,[1044.2650883739777 40.634510374369015 1323.8816922458848 221.3149773594091],[1129.9962158203125 156.22201538085938 1175.689208984375 193.12335205078125],0.19417725503444672,,0
2025-09-02 08:55:33,0,311,1,[1044.2650883739777 40.634510374369015 1323.8816922458848 221.3149773594091],[1158.5633544921875 68.564208984375 1200.420166015625 105.05012512207031],0.15228591859340668,,0
2025-09-02 08:55:33,0,312,1,[1044.2640389547005 40.63197131053366 1323.8798569731516 221.31189214937623],[1130.01318359375 156.21624755859375 1175.715576171875 193.1546630859375],0.18924042582511902,,0
2025-09-02 08:55:34,0,313,1,[1044.2639047760654 40.63126317178288 1323.879077855107 221.31073927969945],[1130.01318359375 156.21624755859375 1175.715576171875 193.1546630859375],0.18924042582511902,,0
2025-09-02 08:55:34,0,314,1,[1044.264087769265 40.63122557502578 1323.8787194896697 221.31033144454818],[1130.01318359375 156.21624755859375 1175.715576171875 193.1546630859375],0.18924042582511902,,0
2025-09-02 08:55:34,0,315,1,[1044.264319240314 40.63136366109535 1323.8784196377349 221.31018071601733],[1130.01318359375 156.21624755859375 1175.715576171875 193.1546630859375],0.1892407387495041,,0
2025-09-02 08:55:34,0,316,1,[1044.2646304439236 40.631648756870305 1323.878305954735 221.31014583409691],[1130.0130615234375 156.21629333496094 1175.7154541015625 193.1546630859375],0.18923941254615784,,0
2025-09-02 08:55:34,0,317,1,[1044.264946251518 40.632065000436214 1323.8782754974952 221.310231300601],[1130.014404296875 156.21670532226562 1175.7156982421875 193.1539306640625],0.18903011083602905,,0
2025-09-02 08:55:34,0,318,1,[1044.2652539926996 40.632380215341726 1323.8781942582625 221.3101803140573],[1130.013916015625 156.2163848876953 1175.7159423828125 193.15406799316406],0.18903741240501404,,0
2025-09-02 08:55:35,0,319,1,[1044.2656156302883 40.6326822678171 1323.878105066678 221.3101917764266],[1130.0142822265625 156.2164764404297 1175.7158203125 193.15406799316406],0.18903961777687073,,0
2025-09-02 08:55:35,0,320,1,[1044.2659372356654 40.63311080413732 1323.8780629925811 221.31028413818322],[1130.0145263671875 156.21652221679688 1175.7158203125 193.15415954589844],0.1890031397342682,,0
2025-09-02 08:55:35,0,321,1,[1044.266175060357 40.63345221172494 1323.8779384643417 221.31044812281402],[1130.0145263671875 156.21624755859375 1175.7156982421875 193.15438842773438],0.18904107809066772,,0
2025-09-02 08:55:36,0,322,1,[1044.2664818349606 40.63379773909155 1323.877912560026 221.3104665108217],[1130.014892578125 156.21624755859375 1175.7154541015625 193.15415954589844],0.18910381197929382,,0
2025-09-02 08:55:36,0,323,1,[1044.2667235297454 40.63398466036587 1323.877848306361 221.31043570878046],[1130.014892578125 156.21629333496094 1175.7154541015625 193.15415954589844],0.1891007423400879,,0
2025-09-02 08:55:36,0,324,1,[1044.26713545704 40.63400162813711 1323.8778066014795 221.31027622731426],[1130.015625 156.21665954589844 1175.7147216796875 193.1532440185547],0.18918102979660034,,0
2025-09-02 08:55:36,0,325,1,[1044.2673959840795 40.634240333047075 1323.877743833813 221.31054747530746],[1130.014892578125 156.21633911132812 1175.71435546875 193.15301513671875],0.1893690824508667,,0
2025-09-02 08:55:37,0,326,1,[1044.2676083416195 40.63438539683277 1323.87765773691 221.3106759048644],[1130.014892578125 156.21633911132812 1175.71435546875 193.15301513671875],0.1893690824508667,,0
2025-09-02 08:55:37,0,327,1,[1044.26794293785 40.634402278236735 1323.8775765693672 221.31052049457867],[1130.0146484375 156.21630859375 1175.7144775390625 193.1531219482422],0.18931835889816284,,0
2025-09-02 08:55:37,0,328,1,[1044.2683077441895 40.63452344230609 1323.8775087750435 221.31042148292318],[1130.0146484375 156.21633911132812 1175.7144775390625 193.15310668945312],0.18931785225868225,,0
2025-09-02 08:55:37,0,329,1,[1044.2685480293774 40.63446603706113 1323.877338385146 221.31011799606551],[1130.013916015625 156.21592712402344 1175.71484375 193.15370178222656],0.18906600773334503,,0
2025-09-02 08:55:37,0,330,1,[1044.268790851122 40.63450229420614 1323.87715504395 221.30995412782374],[1130.0142822265625 156.2158966064453 1175.715087890625 193.15357971191406],0.18907250463962555,,0
2025-09-02 08:55:37,0,331,1,[1044.2690817114599 40.634596300189216 1323.8770759638132 221.30988668279468],[1130.014404296875 156.2159423828125 1175.7149658203125 193.1534881591797],0.18907836079597473,,0
2025-09-02 08:55:38,0,332,1,[1044.2692994474373 40.6346866999627 1323.8769653483632 221.30984215539644],[1130.01416015625 156.21592712402344 1175.7147216796875 193.15342712402344],0.1890926957130432,,0
2025-09-02 08:55:38,0,333,1,[1044.2698994062036 40.63465761481777 1323.8770675512926 221.30970350478415],[1130.013916015625 156.2160186767578 1175.7144775390625 193.15415954589844],0.18935050070285797,,0
2025-09-02 08:55:38,0,334,1,[1044.2703778205262 40.635023167762455 1323.8769559952345 221.30985022745116],[1130.0152587890625 156.21578979492188 1175.7139892578125 193.15457153320312],0.18944425880908966,,0
2025-09-02 08:55:38,0,335,1,[1044.2706992528283 40.6351953973314 1323.8767909335197 221.30987918132115],[1130.015625 156.2158966064453 1175.713623046875 193.15440368652344],0.18946309387683868,,0
2025-09-02 08:55:38,0,336,1,[1044.2709420466313 40.63531905838214 1323.876622254238 221.30986182352342],[1130.015625 156.2158966064453 1175.713623046875 193.15440368652344],0.18946309387683868,,0
2025-09-02 08:55:38,0,337,1,[1044.271116945236 40.635405876543516 1323.8764088503776 221.3098720114608],[1130.015625 156.21592712402344 1175.713623046875 193.15443420410156],0.1894562840461731,,0
2025-09-02 08:55:38,0,338,1,[1044.2711947595503 40.63548685953131 1323.8762485262246 221.30987680854017],[1130.015625 156.21588134765625 1175.713623046875 193.15447998046875],0.1894584745168686,,0
2025-09-02 08:55:39,0,339,1,[1044.2712418651759 40.63556186697207 1323.876101309615 221.3099008066646],[1130.015380859375 156.21578979492188 1175.7137451171875 193.1546173095703],0.18944698572158813,,0
2025-09-02 08:55:39,0,340,1,[1044.27112236456 40.63580994726193 1323.875953879858 221.3101281695278],[1130.015380859375 156.2156524658203 1175.713623046875 193.1546173095703],0.18945907056331635,,0
2025-09-02 08:55:39,0,341,1,[1044.2689997432692 40.63576139954658 1323.874238641178 221.30905139785386],[1130.0157470703125 156.22560119628906 1175.7320556640625 193.14694213867188],0.18237559497356415,,0
2025-09-02 08:55:40,0,342,1,[1044.2683148186115 40.63574810462876 1323.8737997631947 221.30834214063356],[1130.0159912109375 156.22549438476562 1175.73193359375 193.14683532714844],0.18236330151557922,,0
2025-09-02 08:55:40,0,343,1,[1044.2682164495184 40.63570846193552 1323.8737314321268 221.30792058502635],[1130.015869140625 156.22494506835938 1175.732666015625 193.14761352539062],0.18213532865047455,,0
2025-09-02 08:55:40,0,344,1,[1044.268210407411 40.6357964849243 1323.8736951789692 221.30769000109683],[1130.016357421875 156.22496032714844 1175.73291015625 193.1475372314453],0.18211281299591064,,0
2025-09-02 08:55:40,0,345,1,[1044.2685322266827 40.63590554042764 1323.8737752719783 221.30747650637426],[1130.0157470703125 156.22462463378906 1175.7335205078125 193.14793395996094],0.18200579285621643,,0
2025-09-02 08:55:41,0,346,1,[1044.26862808099 40.635690432086264 1323.8736100889093 221.30698025494684],[1130.015625 156.2259979248047 1175.7322998046875 193.1433563232422],0.18243548274040222,,0
2025-09-02 08:55:41,0,347,1,[1044.2688336029541 40.635767440274435 1323.8734730523533 221.30675076936762],[1130.015625 156.2259979248047 1175.7322998046875 193.1433563232422],0.18243533372879028,,0
2025-09-02 08:55:41,0,348,1,[1044.2690027456767 40.63578740903236 1323.8733436677292 221.3065837201577],[1130.016357421875 156.22637939453125 1175.7322998046875 193.1432342529297],0.18237239122390747,,0
2025-09-02 08:55:41,0,349,1,[1044.2691501102458 40.63585093577042 1323.8732237500653 221.30647882986653],[1130.016357421875 156.22637939453125 1175.7322998046875 193.1432342529297],0.18237239122390747,,0
2025-09-02 08:55:41,0,350,1,[1044.2690220992984 40.6359580686601 1323.8730544832517 221.30654381966514],[1130.016845703125 156.22654724121094 1175.731689453125 193.143310546875],0.18246528506278992,,0
2025-09-02 08:55:42,0,351,1,[1044.2690101846779 40.63602781605708 1323.8729640162965 221.3065515076297],[1130.016845703125 156.22654724121094 1175.731689453125 193.143310546875],0.18246528506278992,,0
2025-09-02 08:55:42,0,352,1,[1044.2683576678178 40.63628154971951 1323.872711018927 221.30691069640437],[1130.0174560546875 156.2269287109375 1175.730712890625 193.1424560546875],0.1826389729976654,,0
2025-09-02 08:55:42,0,353,1,[1044.2680690544244 40.63634924662324 1323.872666450316 221.30702463895955],[1130.0174560546875 156.2269744873047 1175.7305908203125 193.1424560546875],0.18264837563037872,,0
2025-09-02 08:55:42,0,354,1,[1044.2679459611954 40.636347809219316 1323.8726746024158 221.30703697466754],[1130.01708984375 156.22677612304688 1175.7308349609375 193.14266967773438],0.18261855840682983,,0
2025-09-02 08:55:42,0,355,1,[1044.2680280890538 40.63639533797716 1323.872639748365 221.30710897124806],[1130.016845703125 156.22650146484375 1175.73095703125 193.14276123046875],0.18259300291538239,,0
2025-09-02 08:55:43,0,356,1,[1044.2683250616021 40.63662048595816 1323.872769583926 221.30721327280642],[1130.0179443359375 156.22679138183594 1175.730224609375 193.14154052734375],0.18269948661327362,,0
2025-09-02 08:55:43,0,357,1,[1044.268334573385 40.63665453703831 1323.8726120205238 221.30715884604658],[1130.0181884765625 156.2266845703125 1175.73046875 193.14161682128906],0.18261364102363586,,0
2025-09-02 08:55:43,0,358,1,[1044.2683939921953 40.63673448672226 1323.8725038524553 221.30712411197374],[1130.0181884765625 156.2266845703125 1175.73046875 193.14161682128906],0.1826130598783493,,0
2025-09-02 08:55:43,0,359,1,[1044.2685857714387 40.63678949503948 1323.8724600738597 221.30698447591436],[1130.0184326171875 156.22686767578125 1175.73046875 193.14166259765625],0.18259185552597046,,0
2025-09-02 08:55:43,0,360,1,[1044.2688385876584 40.63674306506334 1323.8726683255247 221.30699640248167],[1130.0196533203125 156.22705078125 1175.730712890625 193.14175415039062],0.18263669312000275,,0
2025-09-02 08:55:43,0,361,1,[1044.2690463853608 40.63671300616312 1323.872799905317 221.30699100826047],[1130.0196533203125 156.22702026367188 1175.730712890625 193.1417694091797],0.18263669312000275,,0
2025-09-02 08:55:43,0,362,1,[1044.269842444905 40.63661198653759 1323.8730924721613 221.30670736015904],[1130.020751953125 156.22686767578125 1175.7325439453125 193.1417999267578],0.18233394622802734,,0
2025-09-02 08:55:43,0,363,1,[1044.2702547580443 40.63667006471475 1323.8730944494 221.30661063379216],[1130.020751953125 156.2268829345703 1175.732421875 193.1416778564453],0.18236692249774933,,0
2025-09-02 08:55:44,0,364,1,[1044.2705055129231 40.63692722228748 1323.8729995681742 221.30654874734537],[1130.0203857421875 156.22705078125 1175.7330322265625 193.14166259765625],0.1822873055934906,,0
2025-09-02 08:55:44,0,365,1,[1044.2706815710294 40.637157541742525 1323.8728805243572 221.30648246003182],[1130.0203857421875 156.22705078125 1175.7330322265625 193.14166259765625],0.1822873055934906,,0
2025-09-02 08:55:44,0,366,1,[1044.2756207729421 40.63780450459252 1323.8765692302259 221.30732450545923],[1130.0018310546875 156.2128143310547 1175.718505859375 193.14820861816406],0.18991442024707794,,0
2025-09-02 08:55:44,0,366,1,[1044.2756207729421 40.63780450459252 1323.8765692302259 221.30732450545923],[1158.529296875 68.51786041259766 1200.4617919921875 105.0743637084961],0.15031714737415314,,0
2025-09-02 08:55:44,0,367,1,[1044.277728829879 40.63805492269506 1323.8777232055786 221.30768126818754],[1130.0018310546875 156.2128143310547 1175.718505859375 193.14820861816406],0.18991442024707794,,0
2025-09-02 08:55:44,0,367,1,[1044.277728829879 40.63805492269506 1323.8777232055786 221.30768126818754],[1158.529296875 68.51786041259766 1200.4617919921875 105.0743637084961],0.1503172665834427,,0
2025-09-02 08:55:44,0,368,1,[1044.2787696621704 40.638312514105664 1323.8781292774815 221.30809641966664],[1130.0018310546875 156.2119903564453 1175.719482421875 193.15228271484375],0.18952694535255432,,0
2025-09-02 08:55:45,0,369,1,[1044.2789402105789 40.63861473371796 1323.877994696409 221.30839314368208],[1130.0030517578125 156.21304321289062 1175.7178955078125 193.15090942382812],0.18978431820869446,,0
2025-09-02 08:55:45,0,369,1,[1044.2789402105789 40.63861473371796 1323.877994696409 221.30839314368208],[1158.5313720703125 68.51653289794922 1200.46240234375 105.0761947631836],0.15018419921398163,,0
2025-09-02 08:55:45,0,370,1,[1044.2790045996794 40.63867949298104 1323.877829923948 221.3084345876572],[1130.0035400390625 156.21295166015625 1175.718505859375 193.15145874023438],0.18966345489025116,,0
2025-09-02 08:55:45,0,370,1,[1044.2790045996794 40.63867949298104 1323.877829923948 221.3084345876572],[1158.531005859375 68.5162124633789 1200.462890625 105.0765609741211],0.15010058879852295,,0
2025-09-02 08:55:45,0,371,1,[1044.2791296000512 40.63868733208366 1323.8777153633353 221.30843503771368],[1130.00390625 156.21304321289062 1175.71875 193.15145874023438],0.18965955078601837,,0
2025-09-02 08:55:45,0,371,1,[1044.2791296000512 40.63868733208366 1323.8777153633353 221.30843503771368],[1158.531005859375 68.5162582397461 1200.462890625 105.07658386230469],0.1501016914844513,,0
2025-09-02 08:55:45,0,372,1,[1044.2794840381641 40.63836993461565 1323.8776555260176 221.30809879371265],[1130.004638671875 156.21304321289062 1175.7191162109375 193.15145874023438],0.18961647152900696,,0
2025-09-02 08:55:45,0,372,1,[1044.2794840381641 40.63836993461565 1323.8776555260176 221.30809879371265],[1158.5302734375 68.51634979248047 1200.4627685546875 105.07665252685547],0.15007475018501282,,0
2025-09-02 08:55:45,0,373,1,[1044.2796978202273 40.63828403572202 1323.877527529673 221.3079437782982],[1130.004638671875 156.21304321289062 1175.7191162109375 193.15145874023438],0.18961654603481293,,0
2025-09-02 08:55:45,0,373,1,[1044.2796978202273 40.63828403572202 1323.877527529673 221.3079437782982],[1158.5302734375 68.51632690429688 1200.4627685546875 105.07665252685547],0.15007467567920685,,0
2025-09-02 08:55:45,0,374,1,[1044.2799257209506 40.63829546773164 1323.877467314863 221.30786741046185],[1130.0040283203125 156.21263122558594 1175.7196044921875 193.15187072753906],0.18952088057994843,,0
2025-09-02 08:55:45,0,374,1,[1044.2799257209506 40.63829546773164 1323.877467314863 221.30786741046185],[1158.5299072265625 68.515869140625 1200.46337890625 105.07720184326172],0.15000741183757782,,0
2025-09-02 08:55:45,0,375,1,[1044.279989879264 40.63820759277523 1323.8772849322133 221.30777859545128],[1130.005126953125 156.2130126953125 1175.719482421875 193.1512908935547],0.1895717829465866,,0
2025-09-02 08:55:45,0,375,1,[1044.279989879264 40.63820759277523 1323.8772849322133 221.30777859545128],[1158.530029296875 68.51646423339844 1200.4630126953125 105.07658386230469],0.15006494522094727,,0
2025-09-02 08:55:46,0,376,1,[1044.280065797817 40.63816900720404 1323.8771435715314 221.3077306528566],[1130.0050048828125 156.21286010742188 1175.7196044921875 193.15150451660156],0.18954598903656006,,0
2025-09-02 08:55:46,0,376,1,[1044.280065797817 40.63816900720404 1323.8771435715314 221.3077306528566],[1158.5299072265625 68.51612854003906 1200.46337890625 105.07675170898438],0.15004536509513855,,0
2025-09-02 08:55:46,0,377,1,[1044.2800855646974 40.63819241777048 1323.8770008255024 221.30772029021182],[1130.0050048828125 156.21286010742188 1175.7196044921875 193.15150451660156],0.1895459145307541,,0
2025-09-02 08:55:46,0,377,1,[1044.2800855646974 40.63819241777048 1323.8770008255024 221.30772029021182],[1158.5299072265625 68.51612854003906 1200.46337890625 105.07675170898438],0.15004518628120422,,0
2025-09-02 08:55:46,0,378,1,[1044.2801318299732 40.638214538799545 1323.8768913767165 221.30768451004963],[1130.0050048828125 156.21286010742188 1175.7196044921875 193.15150451660156],0.18954598903656006,,0
2025-09-02 08:55:46,0,378,1,[1044.2801318299732 40.638214538799545 1323.8768913767165 221.30768451004963],[1158.5299072265625 68.51612091064453 1200.46337890625 105.07674407958984],0.15004530549049377,,0
2025-09-02 08:55:46,0,379,1,[1044.280083925892 40.638261374184864 1323.8766614432943 221.30774350605338],[1130.002197265625 156.21217346191406 1175.71923828125 193.1521453857422],0.1895333081483841,,0
2025-09-02 08:55:46,0,379,1,[1044.280083925892 40.638261374184864 1323.8766614432943 221.30774350605338],[1158.5299072265625 68.51559448242188 1200.4632568359375 105.07720184326172],0.15000450611114502,,0
2025-09-02 08:55:46,0,380,1,[1044.2801094327585 40.63831002369447 1323.876517529308 221.30775885049792],[1130.00244140625 156.21221923828125 1175.7193603515625 193.152099609375],0.18953150510787964,,0
2025-09-02 08:55:46,0,380,1,[1044.2801094327585 40.63831002369447 1323.876517529308 221.30775885049792],[1158.5299072265625 68.5156021118164 1200.4632568359375 105.07720947265625],0.15000590682029724,,0
2025-09-02 08:55:46,0,381,1,[1044.2800806096363 40.63831057604669 1323.8763308290875 221.30779130543965],[1130.0018310546875 156.2120361328125 1175.71923828125 193.15237426757812],0.18952709436416626,,0
2025-09-02 08:55:46,0,382,1,[1044.1545457380078 40.367594545909384 1323.661895552944 221.0688998708267],[1128.645263671875 155.60714721679688 1175.383056640625 192.5240936279297],0.21840405464172363,,0
2025-09-02 08:55:46,0,383,1,[1044.1226912503664 40.2595822670432 1323.5651199815472 220.98411007544877],[1128.645263671875 155.60714721679688 1175.383056640625 192.5240936279297],0.21840405464172363,,0
2025-09-02 08:55:47,0,384,1,[1044.1224639390546 40.21542766993413 1323.5174755282835 220.956859327161],[1128.645263671875 155.60714721679688 1175.383056640625 192.5240936279297],0.21840405464172363,,0
2025-09-02 08:55:47,0,385,1,[1044.1313556895834 40.1965166429588 1323.4916225459801 220.95001063375696],[1128.6453857421875 155.60702514648438 1175.3841552734375 192.5250244140625],0.218129962682724,,0
2025-09-02 08:55:47,0,386,1,[1044.1414017304705 40.18816535951687 1323.476413681019 220.95046386824282],[1128.6453857421875 155.60702514648438 1175.3841552734375 192.5250244140625],0.21812810003757477,,0
2025-09-02 08:55:47,0,387,1,[1044.1503080350396 40.184371979482805 1323.4668227380546 220.95298444016862],[1128.6455078125 155.6070556640625 1175.3843994140625 192.52578735351562],0.2179560512304306,,0
2025-09-02 08:55:47,0,388,1,[1044.1574120053042 40.182629705977746 1323.4603965668366 220.95578639434055],[1128.6456298828125 155.6071319580078 1175.3843994140625 192.52578735351562],0.21792183816432953,,0
2025-09-02 08:55:47,0,389,1,[1044.162911866188 40.18192015937193 1323.4559929943048 220.9583774317344],[1128.646728515625 155.60733032226562 1175.384521484375 192.52565002441406],0.21792612969875336,,0
2025-09-02 08:55:47,0,390,1,[1044.1672009084207 40.181763956976454 1323.4530259212931 220.9606121389058],[1128.646728515625 155.60733032226562 1175.384521484375 192.52565002441406],0.21792612969875336,,0
2025-09-02 08:55:47,0,391,1,[1044.1719136051374 40.1807305220708 1323.448121166352 220.95878285451823],[1128.6417236328125 155.60348510742188 1175.3885498046875 192.5240020751953],0.21661034226417542,,0
2025-09-02 08:55:47,0,392,1,[1044.175603046005 40.18107043369166 1323.4448642887069 220.95850031386448],[1128.639892578125 155.6026611328125 1175.3900146484375 192.52413940429688],0.21644727885723114,,0
2025-09-02 08:55:48,0,393,1,[1044.1818202372253 40.1787470719983 1323.4501694812955 220.95775791054518],[1128.6361083984375 155.60272216796875 1175.3905029296875 192.52406311035156],0.21624323725700378,,0
2025-09-02 08:55:48,0,394,1,[1044.184394697812 40.17812214676351 1323.4522508493528 220.9582024362558],[1128.6368408203125 155.6029052734375 1175.39013671875 192.523193359375],0.2163604348897934,,0
2025-09-02 08:55:48,0,395,1,[1044.1859010322646 40.17805456567069 1323.4532724068204 220.95898103836706],[1128.63623046875 155.6027069091797 1175.390380859375 192.5240936279297],0.2162427455186844,,0
2025-09-02 08:55:48,0,396,1,[1044.1870620511677 40.17830627726036 1323.4538531996727 220.9598401070082],[1128.6356201171875 155.6026153564453 1175.3890380859375 192.5233612060547],0.2165771871805191,,0
2025-09-02 08:55:48,0,397,1,[1044.1876550532354 40.17868425663015 1323.4540974138474 220.96065906548046],[1128.6361083984375 155.6026611328125 1175.3902587890625 192.52359008789062],0.21632049977779388,,0
2025-09-02 08:55:48,0,398,1,[1044.1883902796135 40.17913762286287 1323.454452265118 220.9614179112013],[1128.6363525390625 155.60275268554688 1175.3895263671875 192.523681640625],0.21641264855861664,,0
2025-09-02 08:55:48,0,399,1,[1044.1890875194529 40.1796201228933 1323.4547451742735 220.96204973011464],[1128.6361083984375 155.60263061523438 1175.389892578125 192.52374267578125],0.21636348962783813,,0
2025-09-02 08:55:48,0,400,1,[1044.1895879883973 40.180215836181546 1323.454924294509 220.9626797168283],[1128.634765625 155.60231018066406 1175.3900146484375 192.5236053466797],0.21642154455184937,,0
2025-09-02 08:55:48,0,401,1,[1044.1897800546865 40.180752146697 1323.4550248849912 220.96326606804473],[1128.63427734375 155.6020965576172 1175.3902587890625 192.523681640625],0.21641801297664642,,0
2025-09-02 08:55:49,0,402,1,[1044.1900050757317 40.181168379274226 1323.4551585590634 220.96370290813084],[1128.63427734375 155.6020965576172 1175.3902587890625 192.523681640625],0.21641801297664642,,0
2025-09-02 08:55:49,0,403,1,[1044.190230190588 40.18144720764175 1323.455293925968 220.96404367232523],[1128.634521484375 155.6022491455078 1175.3902587890625 192.5240478515625],0.21628162264823914,,0
2025-09-02 08:55:49,0,404,1,[1044.1903051629101 40.181427152508405 1323.4550805665958 220.96413923564987],[1128.6348876953125 155.60243225097656 1175.3902587890625 192.52427673339844],0.21624207496643066,,0
2025-09-02 08:55:49,0,405,1,[1044.190521983863 40.181598983964534 1323.4549954980841 220.9643418456635],[1128.6348876953125 155.60243225097656 1175.3902587890625 192.52427673339844],0.2162420153617859,,0
2025-09-02 08:55:49,0,406,1,[1044.1903446694414 40.18186826453562 1323.4549122954231 220.96481534544984],[1128.6353759765625 155.6025390625 1175.3902587890625 192.52438354492188],0.21622206270694733,,0
2025-09-02 08:55:49,0,407,1,[1044.1902930149452 40.18211810864071 1323.4549380505907 220.9651366999013],[1128.63427734375 155.602294921875 1175.3902587890625 192.5244140625],0.2162369042634964,,0
2025-09-02 08:55:49,0,408,1,[1044.1903417997796 40.18241458990461 1323.4550188281823 220.96540561272406],[1128.6348876953125 155.60244750976562 1175.3905029296875 192.52456665039062],0.21618537604808807,,0
2025-09-02 08:55:49,0,409,1,[1044.1905424715712 40.18257184231108 1323.455153453299 220.96554715296435],[1128.6348876953125 155.60244750976562 1175.3905029296875 192.52456665039062],0.21618537604808807,,0
2025-09-02 08:55:50,0,410,1,[1044.1910499953328 40.18275485714709 1323.4552863781523 220.96555629665272],[1128.6329345703125 155.602294921875 1175.390380859375 192.52450561523438],0.21632282435894012,,0
2025-09-02 08:55:50,0,411,1,[1044.1913708179986 40.182927275866476 1323.455311581964 220.96559979934506],[1128.6329345703125 155.6022491455078 1175.390380859375 192.5244598388672],0.21633197367191315,,0
2025-09-02 08:55:50,0,412,1,[1044.1916009003992 40.1830111794509 1323.4553049702251 220.9656399564961],[1128.63330078125 155.6026153564453 1175.3900146484375 192.52423095703125],0.2164524495601654,,0
2025-09-02 08:55:50,0,413,1,[1044.1918268047311 40.1830793812542 1323.4551671333684 220.96556658325184],[1128.6346435546875 155.60220336914062 1175.3902587890625 192.52459716796875],0.21638710796833038,,0
2025-09-02 08:55:50,0,414,1,[1044.192024635873 40.183201618838 1323.4550777113375 220.96557139437465],[1128.6346435546875 155.60220336914062 1175.3902587890625 192.52459716796875],0.21638710796833038,,0
2025-09-02 08:55:50,0,415,1,[1044.1920817820946 40.18335510003732 1323.454970229272 220.965613252102],[1128.6346435546875 155.60220336914062 1175.3900146484375 192.52459716796875],0.21638742089271545,,0
2025-09-02 08:55:50,0,416,1,[1044.1921738167503 40.18349290904855 1323.4549207712703 220.96565577903988],[1128.6346435546875 155.60220336914062 1175.3900146484375 192.52459716796875],0.21638742089271545,,0
2025-09-02 08:55:50,0,417,1,[1044.1922732413746 40.18367749779381 1323.4548936581068 220.96565064187442],[1128.6353759765625 155.6022491455078 1175.3917236328125 192.52601623535156],0.2158963978290558,,0
2025-09-02 08:55:50,0,418,1,[1044.1929458438706 40.184024683915965 1323.4550168059066 220.9657523585415],[1128.6358642578125 155.6021728515625 1175.3922119140625 192.52603149414062],0.2157520353794098,,0
2025-09-02 08:55:50,0,419,1,[1044.193579448491 40.184143441231754 1323.4551290097918 220.96570281137087],[1128.6356201171875 155.6019287109375 1175.3931884765625 192.5265655517578],0.2155691683292389,,0
2025-09-02 08:55:51,0,420,1,[1044.193862250288 40.18433685718405 1323.4550087437046 220.9656557489177],[1128.6353759765625 155.6019287109375 1175.3931884765625 192.526611328125],0.21556304395198822,,0
2025-09-02 08:55:51,0,421,1,[1044.1942599373574 40.184499702555044 1323.4550254786213 220.96564197336363],[1128.6346435546875 155.60244750976562 1175.3924560546875 192.5257110595703],0.21580100059509277,,0
2025-09-02 08:55:51,0,422,1,[1044.1945026213389 40.18462764223716 1323.4549701428805 220.9656280704042],[1128.6346435546875 155.60244750976562 1175.3924560546875 192.5257110595703],0.21580100059509277,,0
2025-09-02 08:55:51,0,423,1,[1044.194671429333 40.18489052998076 1323.4548988464253 220.96563470742973],[1128.6353759765625 155.601806640625 1175.3931884765625 192.52626037597656],0.2156602144241333,,0
2025-09-02 08:55:51,0,424,1,[1044.1946394328338 40.185068720160785 1323.4546725990936 220.96564036266844],[1128.6365966796875 155.6024627685547 1175.392578125 192.5255126953125],0.21573209762573242,,0
2025-09-02 08:55:51,0,425,1,[1044.1965741389447 40.18753253429615 1323.4556107059436 220.9712639739837],[1128.641845703125 155.6051483154297 1175.3909912109375 192.52859497070312],0.2149326205253601,,0
2025-09-02 08:55:51,0,426,1,[1044.2002605245523 40.178452657688055 1323.4563790659156 220.94612257567928],[1128.62451171875 155.60256958007812 1175.4163818359375 192.5419921875],0.2151261866092682,,0
2025-09-02 08:55:51,0,427,1,[1044.194195571336 40.19430729538206 1323.4501905071634 220.97932596173652],[1128.59765625 155.60838317871094 1175.404541015625 192.53150939941406],0.2142571359872818,,0
2025-09-02 08:55:51,0,428,1,[1044.2076435388012 40.20050379852667 1323.4737910552135 220.972018989381],[1128.4449462890625 155.6488037109375 1175.45361328125 192.52120971679688],0.21002547442913055,,0
2025-09-02 08:55:51,0,429,1,[1044.2220594492683 40.201838480221724 1323.5268283131873 220.96480781210533],[1128.6170654296875 155.58473205566406 1175.417236328125 192.55409240722656],0.2067788988351822,,0
2025-09-02 08:55:52,0,430,1,[1044.2042784577336 40.19678668668561 1323.5062859892485 220.9605776950303],[1128.671630859375 155.62986755371094 1175.4046630859375 192.52713012695312],0.21005094051361084,,0
2025-09-02 08:55:52,0,431,1,[1044.1937993748236 40.19123789227194 1323.4890937167186 220.9588339934278],[1128.658447265625 155.62481689453125 1175.406005859375 192.52899169921875],0.21033091843128204,,0
2025-09-02 08:55:52,0,432,1,[1044.1919398611062 40.18531629783129 1323.482747616552 220.95719710590774],[1128.6551513671875 155.623779296875 1175.4066162109375 192.531982421875],0.21010933816432953,,0
2025-09-02 08:55:52,0,433,1,[1044.189800540283 40.18558803604209 1323.4748893037183 220.959578094371],[1128.6700439453125 155.62911987304688 1175.3924560546875 192.52349853515625],0.21149727702140808,,0
2025-09-02 08:55:52,0,434,1,[1044.1904995419068 40.185352006646795 1323.4696788978367 220.9602059419143],[1128.6552734375 155.61993408203125 1175.402099609375 192.52928161621094],0.21106137335300446,,0
2025-09-02 08:55:52,0,435,1,[1044.1943186829112 40.179853853740056 1323.4738951159497 220.95119472031024],[1128.6903076171875 155.61624145507812 1175.4073486328125 192.5166778564453],0.21188528835773468,,0
2025-09-02 08:55:52,0,436,1,[1044.1954858695458 40.180898566653866 1323.4749199973303 220.95395593414594],[1128.6710205078125 155.6150665283203 1175.4075927734375 192.52088928222656],0.211356982588768,,0
2025-09-02 08:55:52,0,437,1,[1044.1958207064267 40.181222168971786 1323.4752586076793 220.95510439774176],[1128.671630859375 155.6150360107422 1175.40673828125 192.51902770996094],0.21168389916419983,,0
2025-09-02 08:55:53,0,438,1,[1044.1961376634779 40.180927807580105 1323.4758311334338 220.9555471507019],[1128.6673583984375 155.61199951171875 1175.408935546875 192.52194213867188],0.21168294548988342,,0
2025-09-02 08:55:53,0,439,1,[1044.1962972480726 40.18087908060991 1323.475923751225 220.95590941651423],[1128.6732177734375 155.6139678955078 1175.4097900390625 192.52098083496094],0.21161244809627533,,0
2025-09-02 08:55:53,0,440,1,[1044.1966833857336 40.18076153701307 1323.4763437046086 220.95605967737308],[1128.68212890625 155.61891174316406 1175.4041748046875 192.51699829101562],0.21189454197883606,,0
2025-09-02 08:56:20,0,714,1,[1044.687192061323 41.93634579870414 1322.7257436409573 220.85675495259122],[1130.79833984375 156.28253173828125 1174.2747802734375 192.00357055664062],0.16689924895763397,,0
2025-09-02 08:56:20,0,715,1,[1044.8510269215856 42.03386894513598 1322.8180241065431 220.92187048130768],[1130.79833984375 156.28253173828125 1174.2747802734375 192.00357055664062],0.16689924895763397,,0
2025-09-02 08:56:20,0,716,1,[1044.9246085616753 42.075841669130696 1322.8394413745602 220.94022566107316],[1130.79833984375 156.28253173828125 1174.2747802734375 192.00357055664062],0.16689924895763397,,0
2025-09-02 08:56:20,0,717,1,[1044.9606819238813 42.09685418263817 1322.838851964587 220.94618698992244],[1130.8079833984375 156.2801055908203 1174.29052734375 192.02105712890625],0.16361607611179352,,0
2025-09-02 08:56:20,0,718,1,[1044.9794467513623 42.10679871276179 1322.8308552373871 220.94509720153556],[1130.8079833984375 156.2801513671875 1174.29052734375 192.02105712890625],0.16361580789089203,,0
2025-09-02 08:56:20,0,719,1,[1044.9899167345552 42.11163059316871 1322.821927620988 220.9419830591746],[1130.807861328125 156.280029296875 1174.29052734375 192.0210723876953],0.16362260282039642,,0
2025-09-02 08:56:20,0,720,1,[1044.996159674853 42.1141310907887 1322.8140796652033 220.93872663630378],[1130.807861328125 156.280029296875 1174.29052734375 192.0210723876953],0.16362260282039642,,0
2025-09-02 08:56:21,0,721,1,[1044.9999678303839 42.115610856184006 1322.8076688238107 220.93599090733306],[1130.8067626953125 156.2794647216797 1174.2908935546875 192.0216064453125],0.1636822521686554,,0
2025-09-02 08:56:21,0,722,1,[1045.0022661342255 42.11630742863841 1322.8025749388175 220.9336532938216],[1130.8067626953125 156.2794647216797 1174.2908935546875 192.0216064453125],0.1636822521686554,,0
2025-09-02 08:56:21,0,723,1,[1045.003740702847 42.11626913555426 1322.7987213694703 220.93150544207634],[1130.8065185546875 156.2794189453125 1174.2908935546875 192.0215606689453],0.16371893882751465,,0
2025-09-02 08:56:21,0,724,1,[1045.004460234963 42.11612584682892 1322.7956174730766 220.92986450596806],[1130.8065185546875 156.2794189453125 1174.2908935546875 192.0215606689453],0.16371893882751465,,0
2025-09-02 08:56:21,0,725,1,[1045.0045070002861 42.11572811975016 1322.7930061067586 220.92845357356111],[1130.80712890625 156.27978515625 1174.29052734375 192.021240234375],0.16376541554927826,,0
2025-09-02 08:56:21,0,726,1,[1045.0043656276473 42.11559034753303 1322.790881771952 220.92727744567708],[1130.807373046875 156.2797393798828 1174.2906494140625 192.02146911621094],0.1637321263551712,,0
2025-09-02 08:56:22,0,727,1,[1045.0040227877996 42.115348226137584 1322.789188906978 220.9263239966217],[1130.80712890625 156.2797393798828 1174.2906494140625 192.02146911621094],0.1637323796749115,,0
2025-09-02 08:56:22,0,728,1,[1045.0036177139941 42.11552240294621 1322.7877508225388 220.92549983351591],[1130.8082275390625 156.28001403808594 1174.291015625 192.0209197998047],0.16365255415439606,,0
2025-09-02 08:56:22,0,729,1,[1045.0028375351553 42.11563100031199 1322.7863777955722 220.9248342831955],[1130.80859375 156.27980041503906 1174.2913818359375 192.02084350585938],0.16365979611873627,,0
2025-09-02 08:56:22,0,730,1,[1045.0020500826079 42.11543476726416 1322.7852200804152 220.92413177645773],[1130.807373046875 156.27923583984375 1174.2916259765625 192.02105712890625],0.16378436982631683,,0
2025-09-02 08:56:22,0,731,1,[1045.001250714276 42.11512632685488 1322.7843120077737 220.92348588979752],[1130.806396484375 156.2786865234375 1174.2921142578125 192.02137756347656],0.16379205882549286,,0
2025-09-02 08:56:22,0,732,1,[1045.000606675844 42.114885734583126 1322.7836492392291 220.92302566185083],[1130.806396484375 156.2786865234375 1174.2921142578125 192.02137756347656],0.16379232704639435,,0
2025-09-02 08:56:23,0,733,1,[1044.9992650998688 42.11377899056281 1322.7828638052324 220.92220890049452],[1130.8082275390625 156.2766876220703 1174.2943115234375 192.02175903320312],0.16366109251976013,,0
2025-09-02 08:56:23,0,734,1,[1044.9983266404397 42.11305295209536 1322.7824586556708 220.92178146917036],[1130.8082275390625 156.27658081054688 1174.2943115234375 192.02178955078125],0.1636534035205841,,0
2025-09-02 08:56:23,0,735,1,[1044.9977974193282 42.11216832091604 1322.7823141133451 220.92131298870657],[1130.8084716796875 156.27703857421875 1174.294189453125 192.02188110351562],0.1635727435350418,,0
2025-09-02 08:56:23,0,736,1,[1044.997576990091 42.11150394547772 1322.782400813525 220.9210585532148],[1130.8095703125 156.27767944335938 1174.2938232421875 192.02133178710938],0.1634245216846466,,0
2025-09-02 08:56:23,0,737,1,[1044.997065112444 42.11087369144853 1322.7823072025221 220.92089634519823],[1130.809326171875 156.27772521972656 1174.2939453125 192.021240234375],0.1634158492088318,,0
2025-09-02 08:56:23,0,738,1,[1044.996567005484 42.11041608148207 1322.7821371039818 220.92076673676866],[1130.8095703125 156.2776336669922 1174.2940673828125 192.0212860107422],0.16332486271858215,,0
2025-09-02 08:56:23,0,739,1,[1044.9961300990005 42.11006771210238 1322.7819959217134 220.92068062043273],[1130.8095703125 156.2776336669922 1174.2940673828125 192.02133178710938],0.1633218675851822,,0
2025-09-02 08:56:23,0,740,1,[1044.9958511407162 42.1096292893678 1322.7819215362788 220.92044613576402],[1130.8095703125 156.27755737304688 1174.294189453125 192.021484375],0.16332648694515228,,0
2025-09-02 08:56:24,0,741,1,[1044.9955487353816 42.10923937263229 1322.781824369352 220.9202627057775],[1130.809326171875 156.27740478515625 1174.2943115234375 192.02146911621094],0.16335274279117584,,0
2025-09-02 08:56:24,0,742,1,[1044.9930410800441 42.114504151751504 1322.779954504417 220.9240143717669],[1130.7982177734375 156.27928161621094 1174.281005859375 192.0006866455078],0.16487102210521698,,0
2025-09-02 08:56:24,0,743,1,[1044.9917886016376 42.116655627041695 1322.7792530743088 220.92497996017906],[1130.797607421875 156.27883911132812 1174.281494140625 192.00074768066406],0.1649102121591568,,0
2025-09-02 08:56:24,0,744,1,[1044.9911081660264 42.11757063968082 1322.7789285663914 220.9250613197055],[1130.7978515625 156.2790069580078 1174.2813720703125 192.0007781982422],0.1648712158203125,,0
2025-09-02 08:56:24,0,745,1,[1044.9906794510794 42.118066284926954 1322.7788133701588 220.92499343575986],[1130.799072265625 156.27955627441406 1174.28076171875 192.00045776367188],0.16485276818275452,,0
2025-09-02 08:56:24,0,746,1,[1044.9903962815188 42.11834523167313 1322.7787446593961 220.92486751212596],[1130.7991943359375 156.2794189453125 1174.281005859375 192.00054931640625],0.1648680716753006,,0
2025-09-02 08:56:24,0,747,1,[1044.990125739809 42.11845488741454 1322.7787506891202 220.92475050570084],[1130.7994384765625 156.27951049804688 1174.2811279296875 192.00054931640625],0.16484758257865906,,0
2025-09-02 08:56:24,0,748,1,[1044.9898898168901 42.118514778265435 1322.7787680011281 220.9246481574486],[1130.7994384765625 156.27951049804688 1174.2811279296875 192.00054931640625],0.1648475080728531,,0
2025-09-02 08:56:24,0,749,1,[1044.9895975603997 42.1185833241522 1322.7787110358765 220.92458131637744],[1130.7994384765625 156.2793426513672 1174.2811279296875 192.0005645751953],0.16487857699394226,,0
2025-09-02 08:56:25,0,750,1,[1044.9897129562435 42.11878912502037 1322.7788449543098 220.92453774054178],[1130.7994384765625 156.27923583984375 1174.2811279296875 192.0006866455078],0.164878711104393,,0
2025-09-02 08:56:25,0,751,1,[1044.989685102063 42.118874646026995 1322.7788800356848 220.92441947830235],[1130.7996826171875 156.2793731689453 1174.281005859375 192.0006866455078],0.16482801735401154,,0
2025-09-02 08:56:25,0,752,1,[1044.9895979363816 42.11882264621853 1322.7788899925756 220.9243073451413],[1130.79931640625 156.27932739257812 1174.28076171875 192.00064086914062],0.16488862037658691,,0
2025-09-02 08:56:25,0,753,1,[1044.989373234207 42.11863891154803 1322.778853315096 220.92414976921032],[1130.7982177734375 156.27928161621094 1174.281005859375 192.00059509277344],0.1650150567293167,,0
2025-09-02 08:56:25,0,754,1,[1044.989141627224 42.11863377529306 1322.7788403549625 220.9241444112821],[1130.7982177734375 156.27928161621094 1174.281005859375 192.00059509277344],0.16501492261886597,,0
2025-09-02 08:56:25,0,755,1,[1044.9889604484638 42.11839820326787 1322.7788697259948 220.9240579327266],[1130.7982177734375 156.27928161621094 1174.281005859375 192.00059509277344],0.16501708328723907,,0
2025-09-02 08:56:26,0,756,1,[1044.9888041140316 42.11819059996222 1322.7789153853273 220.92400261599155],[1130.7982177734375 156.279296875 1174.281005859375 192.0005645751953],0.16501756012439728,,0
2025-09-02 08:56:26,0,757,1,[1044.9891697431124 42.117945484443396 1322.7791772548314 220.9239928024321],[1130.799560546875 156.2801513671875 1174.27978515625 192.00022888183594],0.1651334911584854,,0
2025-09-02 08:56:26,0,758,1,[1044.9892810635179 42.117775737669675 1322.7792599717004 220.9240251228182],[1130.799560546875 156.2801513671875 1174.27978515625 192.00022888183594],0.1651334911584854,,0
2025-09-02 08:56:26,0,759,1,[1044.9892053233348 42.117849678338075 1322.7792084790399 220.92420139047488],[1130.79931640625 156.28001403808594 1174.27978515625 192.0003662109375],0.16519054770469666,,0
2025-09-02 08:56:26,0,760,1,[1044.989050963339 42.11792365099657 1322.7791172305708 220.92434114969527],[1130.79931640625 156.28005981445312 1174.2799072265625 192.0003662109375],0.16519127786159515,,0
2025-09-02 08:56:27,0,761,1,[1044.989112652429 42.11804012840426 1322.779167484588 220.92438700867885],[1130.7994384765625 156.28005981445312 1174.2796630859375 192.00027465820312],0.16522888839244843,,0
2025-09-02 08:56:27,0,762,1,[1044.989043071589 42.11794006062668 1322.779169230931 220.92431080024568],[1130.799072265625 156.28001403808594 1174.2796630859375 192.0003204345703],0.16522684693336487,,0
2025-09-02 08:56:27,0,763,1,[1044.988888981994 42.11804586546525 1322.7791101948828 220.92437100965907],[1130.7989501953125 156.27992248535156 1174.2796630859375 192.0004119873047],0.16521114110946655,,0
2025-09-02 09:34:44,2,1,6,[1402.111572265625 9.398666381835938 1667.3514404296875 383.90325927734375],[1499.7203369140625 309.04522705078125 1566.9237060546875 357.56231689453125],0.4990234375,,0
2025-09-02 09:34:44,2,1,6,[1402.111572265625 9.398666381835938 1667.3514404296875 383.90325927734375],[1494.3583984375 303.5050048828125 1598.0284423828125 367.52655029296875],0.15690812468528748,,0
2025-09-02 09:34:50,2,2,6,[1401.9424395189853 9.487274097043752 1665.6735897029794 383.58406851600273],[1499.6298828125 309.0318603515625 1566.5284423828125 357.5954895019531],0.49773672223091125,,0
2025-09-02 09:34:50,2,3,6,[1402.3219545375625 9.771178585656003 1665.5049454754355 383.66594785942783],[1499.238037109375 309.0312194824219 1566.4571533203125 357.57330322265625],0.497128963470459,,0
2025-09-02 09:34:50,2,4,6,[1401.6541663246421 8.731093454022187 1661.8022583797474 381.32380169367934],[1499.375 309.01959228515625 1566.6527099609375 357.52203369140625],0.49751710891723633,,0
2025-09-02 09:34:50,2,4,6,[1401.6541663246421 8.731093454022187 1661.8022583797474 381.32380169367934],[1493.674560546875 303.35504150390625 1601.4398193359375 367.6421203613281],0.15209820866584778,,0
2025-09-02 09:34:51,2,5,6,[1401.8553334191035 8.460209836013803 1660.4836873741262 380.76914379327076],[1499.0767822265625 309.0110168457031 1566.3870849609375 357.52532958984375],0.49761486053466797,,0
2025-09-02 09:34:51,2,6,6,[1402.3622449203617 8.285915078792584 1660.2413170224027 380.75404337580807],[1499.351806640625 309.084716796875 1566.446533203125 357.46246337890625],0.4996364414691925,,0
2025-09-02 09:34:52,2,7,6,[1402.808727500159 8.11916349075841 1660.7749713181743 381.076074929967],[1499.31298828125 308.9317932128906 1566.7137451171875 357.5767822265625],0.5009579658508301,,0
2025-09-02 09:34:52,2,7,6,[1402.808727500159 8.11916349075841 1660.7749713181743 381.076074929967],[1493.6512451171875 303.2511291503906 1600.62890625 367.6681823730469],0.1560555398464203,,0
2025-09-02 09:34:53,2,8,6,[1403.346748712879 9.273618526740592 1662.543513346439 382.88501857756455],[1499.258544921875 308.86956787109375 1566.8251953125 357.6687316894531],0.5027813911437988,,0
2025-09-02 09:34:53,2,8,6,[1403.346748712879 9.273618526740592 1662.543513346439 382.88501857756455],[1493.5819091796875 303.1435852050781 1602.084716796875 367.8435363769531],0.1611045002937317,,0
2025-09-02 09:34:54,2,9,6,[1403.6144964081425 9.49723559989846 1664.0080834773855 383.68123875929416],[1499.212646484375 308.93536376953125 1566.8338623046875 357.5669860839844],0.5052104592323303,,0
2025-09-02 09:34:54,2,9,6,[1403.6144964081425 9.49723559989846 1664.0080834773855 383.68123875929416],[1493.6700439453125 303.29510498046875 1599.031494140625 367.5198059082031],0.1617337465286255,,0
2025-09-02 09:34:54,2,10,6,[1403.1032838608717 9.669592094228392 1663.4403657758162 383.86906864825335],[1499.1966552734375 308.89373779296875 1566.8504638671875 357.6072692871094],0.5034112334251404,,0
2025-09-02 09:34:54,2,10,6,[1403.1032838608717 9.669592094228392 1663.4403657758162 383.86906864825335],[1493.6356201171875 303.2112121582031 1598.8773193359375 367.5856018066406],0.1610124260187149,,0
2025-09-02 09:34:55,2,11,6,[1402.823425529822 9.724459534911233 1663.2743918767874 383.97057130048574],[1499.1427001953125 308.84796142578125 1566.9998779296875 357.66046142578125],0.505469560623169,,0
2025-09-02 09:34:55,2,11,6,[1402.823425529822 9.724459534911233 1663.2743918767874 383.97057130048574],[1493.60595703125 303.1695861816406 1599.2750244140625 367.649169921875],0.16624918580055237,,0
2025-09-02 09:34:55,2,12,6,[1402.7273739708 9.732049861326459 1663.3017639494185 384.0388467504859],[1498.9659423828125 308.9334716796875 1566.717529296875 357.58807373046875],0.5103868842124939,,0
2025-09-02 09:34:55,2,12,6,[1402.7273739708 9.732049861326459 1663.3017639494185 384.0388467504859],[1493.317626953125 303.3263854980469 1597.7779541015625 367.4977111816406],0.16373956203460693,,0
2025-09-02 09:34:56,2,13,6,[1402.6650663111495 9.864911208744957 1663.1870977576968 384.14845500540343],[1498.7215576171875 308.8610534667969 1566.62890625 357.7261047363281],0.5077798962593079,,0
2025-09-02 09:34:56,2,13,6,[1402.6650663111495 9.864911208744957 1663.1870977576968 384.14845500540343],[1492.9530029296875 303.1811828613281 1599.3907470703125 367.8216552734375],0.16219080984592438,,0
2025-09-02 09:34:56,2,14,6,[1402.6265280811363 9.898978023469027 1662.7337783185299 384.05431150870584],[1498.9373779296875 308.84527587890625 1566.6947021484375 357.715576171875],0.5049927830696106,,0
2025-09-02 09:34:56,2,14,6,[1402.6265280811363 9.898978023469027 1662.7337783185299 384.05431150870584],[1493.2181396484375 303.1515197753906 1599.0531005859375 367.7806091308594],0.16223131120204926,,0
2025-09-02 09:34:57,2,15,6,[1403.0031383592652 10.003681009255956 1663.3738990874356 384.12080751421877],[1499.066650390625 308.9403076171875 1566.633544921875 357.62384033203125],0.5075187087059021,,0
2025-09-02 09:34:57,2,15,6,[1403.0031383592652 10.003681009255956 1663.3738990874356 384.12080751421877],[1493.4036865234375 303.31817626953125 1598.099853515625 367.6138916015625],0.1614721566438675,,0
2025-09-02 09:34:57,2,16,6,[1403.207886858193 10.083565074745763 1663.936167993405 384.16757445218525],[1498.95458984375 308.9444274902344 1566.3853759765625 357.5904235839844],0.5053865909576416,,0
2025-09-02 09:34:57,2,16,6,[1403.207886858193 10.083565074745763 1663.936167993405 384.16757445218525],[1493.2591552734375 303.2664489746094 1597.6842041015625 367.60614013671875],0.15540438890457153,,0
2025-09-02 09:34:58,2,17,6,[1403.3073067108137 10.010222561386627 1664.2094739063657 384.12813033458764],[1499.112060546875 308.8464050292969 1566.734375 357.6990051269531],0.5065789818763733,,0
2025-09-02 09:34:58,2,17,6,[1403.3073067108137 10.010222561386627 1664.2094739063657 384.12813033458764],[1493.50048828125 303.1194763183594 1598.359130859375 367.71197509765625],0.16327163577079773,,0
2025-09-02 09:34:58,2,18,6,[1403.4262098033885 10.005465793226136 1664.4745503043257 384.1299518004229],[1499.2237548828125 308.8050231933594 1566.8028564453125 357.7269592285156],0.5069520473480225,,0
2025-09-02 09:34:58,2,18,6,[1403.4262098033885 10.005465793226136 1664.4745503043257 384.1299518004229],[1493.679931640625 303.07061767578125 1598.2635498046875 367.7778015136719],0.16434860229492188,,0
2025-09-02 09:34:59,2,19,6,[1403.8338793847106 9.997501611178905 1665.2644792556343 384.15810262193673],[1498.9534912109375 308.8282775878906 1566.824462890625 357.7251281738281],0.505204975605011,,0
2025-09-02 09:34:59,2,19,6,[1403.8338793847106 9.997501611178905 1665.2644792556343 384.15810262193673],[1493.2847900390625 303.0927734375 1598.7103271484375 367.8514099121094],0.16375289857387543,,0
2025-09-02 09:34:59,2,20,5,[1401.4599710377138 26.227432234832946 1657.1157089653088 382.965818722515],[1499.3701171875 308.8550109863281 1566.768798828125 357.7260437011719],0.5065828561782837,,0
2025-09-02 09:34:59,2,20,5,[1401.4599710377138 26.227432234832946 1657.1157089653088 382.965818722515],[1493.76416015625 303.1034851074219 1599.0347900390625 367.82757568359375],0.16288232803344727,,0
2025-09-02 09:35:00,2,21,5,[1401.5206474027536 25.497245694515215 1657.211117121754 382.77205751168776],[1499.38232421875 308.91265869140625 1566.6182861328125 357.6800537109375],0.5089287757873535,,0
2025-09-02 09:35:00,2,21,5,[1401.5206474027536 25.497245694515215 1657.211117121754 382.77205751168776],[1493.832275390625 303.2247009277344 1598.751708984375 367.74603271484375],0.160879448056221,,0
2025-09-02 09:35:00,2,22,5,[1401.2475607405372 25.097300544769553 1657.0216274438058 382.70664932728704],[1499.3731689453125 309.01129150390625 1566.6163330078125 357.65460205078125],0.5116875171661377,,0
2025-09-02 09:35:00,2,22,5,[1401.2475607405372 25.097300544769553 1657.0216274438058 382.70664932728704],[1493.8446044921875 303.36212158203125 1599.052734375 367.691650390625],0.16217176616191864,,0
2025-09-02 09:35:01,2,23,5,[1401.1445655535197 24.24798012211764 1657.0893720573738 382.5139389648707],[1499.4796142578125 308.9584655761719 1566.87890625 357.7377624511719],0.5111051201820374,,0
2025-09-02 09:35:01,2,23,5,[1401.1445655535197 24.24798012211764 1657.0893720573738 382.5139389648707],[1494.0775146484375 303.2467346191406 1598.788330078125 367.77630615234375],0.16890916228294373,,0
2025-09-02 09:35:01,2,24,5,[1401.1702689817703 24.81008982197602 1657.15762933306 382.95780922354373],[1499.4788818359375 308.9598388671875 1566.8924560546875 357.73858642578125],0.5121679306030273,,0
2025-09-02 09:35:01,2,24,5,[1401.1702689817703 24.81008982197602 1657.15762933306 382.95780922354373],[1494.13134765625 303.2598571777344 1598.2818603515625 367.7386779785156],0.1702183336019516,,0
2025-09-02 09:35:03,2,25,22,[1403.030348185707 9.452207149296413 1666.7844166403936 384.4595082506902],[1499.4814453125 308.9110412597656 1566.85693359375 357.771240234375],0.5089895725250244,,0
2025-09-02 09:35:03,2,25,22,[1403.030348185707 9.452207149296413 1666.7844166403936 384.4595082506902],[1494.171142578125 303.1392517089844 1597.921630859375 367.771728515625],0.16949741542339325,,0
2025-09-02 09:35:04,2,26,22,[1402.571290298296 9.670512056403624 1665.3953781928985 384.15705665560574],[1499.4449462890625 308.89581298828125 1566.8387451171875 357.7678527832031],0.5073222517967224,,0
2025-09-02 09:35:04,2,26,22,[1402.571290298296 9.670512056403624 1665.3953781928985 384.15705665560574],[1494.10400390625 303.1065979003906 1597.8607177734375 367.7622985839844],0.16738061606884003,,0
2025-09-02 09:35:05,2,27,22,[1402.5337972749094 9.562843719566331 1665.0705008156142 384.0757777531611],[1499.58447265625 308.8811950683594 1567.2474365234375 357.659912109375],0.5052004456520081,,0
2025-09-02 09:35:05,2,27,22,[1402.5337972749094 9.562843719566331 1665.0705008156142 384.0757777531611],[1494.2633056640625 303.1572265625 1598.224365234375 367.565673828125],0.1723247468471527,,0
2025-09-02 09:35:06,2,28,22,[1402.4230440266688 9.301895490695358 1664.8917591776417 383.9977973283337],[1499.572021484375 308.886474609375 1567.232421875 357.7608337402344],0.5069141983985901,,0
2025-09-02 09:35:06,2,28,22,[1402.4230440266688 9.301895490695358 1664.8917591776417 383.9977973283337],[1494.317138671875 303.17523193359375 1598.993408203125 367.6725769042969],0.17529618740081787,,0
2025-09-02 09:35:07,2,29,22,[1402.2898472412064 9.14159771096513 1664.7362358113962 384.03328818218296],[1499.5543212890625 308.90771484375 1567.16015625 357.72088623046875],0.505882740020752,,0
2025-09-02 09:35:07,2,29,22,[1402.2898472412064 9.14159771096513 1664.7362358113962 384.03328818218296],[1494.2679443359375 303.1740417480469 1597.847900390625 367.55987548828125],0.17211517691612244,,0
2025-09-02 09:35:08,2,30,22,[1402.457427140578 9.126884486793301 1664.77957455826 384.08191462822396],[1498.9630126953125 309.0416564941406 1566.7933349609375 357.6551513671875],0.5077410936355591,,0
2025-09-02 09:35:08,2,30,22,[1402.457427140578 9.126884486793301 1664.77957455826 384.08191462822396],[1493.414794921875 303.3719177246094 1597.775390625 367.4737243652344],0.16679663956165314,,0
2025-09-02 09:35:08,2,31,22,[1402.8450133969004 9.277601195158383 1665.447921584736 384.246199513305],[1498.9903564453125 309.03106689453125 1566.8748779296875 357.6923522949219],0.5089452266693115,,0
2025-09-02 09:35:08,2,31,22,[1402.8450133969004 9.277601195158383 1665.447921584736 384.246199513305],[1493.4486083984375 303.3358154296875 1598.6536865234375 367.5523986816406],0.17014648020267487,,0
2025-09-02 09:35:09,2,32,5,[1401.1452765680901 23.88201219432645 1657.1746440777952 383.18562199481266],[1498.8603515625 309.03857421875 1566.91845703125 357.69683837890625],0.5062509775161743,,0
2025-09-02 09:35:09,2,32,5,[1401.1452765680901 23.88201219432645 1657.1746440777952 383.18562199481266],[1493.2591552734375 303.3309631347656 1598.788330078125 367.5484313964844],0.16856063902378082,,0
2025-09-02 09:35:10,2,33,5,[1400.9844260202583 23.754602118493267 1657.0214222605744 383.15897780710054],[1498.8509521484375 309.00439453125 1567.0072021484375 357.6982727050781],0.5084983110427856,,0
2025-09-02 09:35:10,2,33,5,[1400.9844260202583 23.754602118493267 1657.0214222605744 383.15897780710054],[1493.243896484375 303.3281555175781 1599.0872802734375 367.53875732421875],0.17017711699008942,,0
2025-09-02 09:35:11,2,34,5,[1400.9285434869544 23.937420332099464 1656.948765189653 383.3059791809304],[1498.775390625 309.0107116699219 1566.8935546875 357.6200866699219],0.5064476728439331,,0
2025-09-02 09:35:11,2,34,5,[1400.9285434869544 23.937420332099464 1656.948765189653 383.3059791809304],[1493.113037109375 303.3180847167969 1598.512939453125 367.46038818359375],0.16736753284931183,,0
2025-09-02 09:35:11,2,35,5,[1400.9039205072163 24.135170380264043 1656.9834773737139 383.44375434719257],[1498.9381103515625 309.02801513671875 1566.7625732421875 357.6118469238281],0.5075168013572693,,0
2025-09-02 09:35:11,2,35,5,[1400.9039205072163 24.135170380264043 1656.9834773737139 383.44375434719257],[1493.2188720703125 303.3298034667969 1598.4342041015625 367.397216796875],0.16443075239658356,,0
2025-09-02 09:35:12,2,36,5,[1400.7455123675804 24.35691342042705 1656.9834172832466 383.4848722475475],[1498.8592529296875 308.9493103027344 1566.9215087890625 357.6607360839844],0.5055726170539856,,0
2025-09-02 09:35:12,2,36,5,[1400.7455123675804 24.35691342042705 1656.9834172832466 383.4848722475475],[1493.246337890625 303.20819091796875 1597.5054931640625 367.4891052246094],0.1679864227771759,,0
2025-09-02 09:35:13,2,37,5,[1400.4053942771982 24.299103508346036 1656.888506124157 383.3865764908275],[1498.860107421875 309.0442199707031 1566.7479248046875 357.57177734375],0.5099033117294312,,0
2025-09-02 09:35:13,2,37,5,[1400.4053942771982 24.299103508346036 1656.888506124157 383.3865764908275],[1493.2132568359375 303.3809509277344 1597.73583984375 367.3428955078125],0.16667434573173523,,0
2025-09-02 09:35:14,2,38,5,[1400.2788036145673 24.65969780742884 1656.9697571982963 383.44007822235733],[1498.998046875 308.9407043457031 1567.0478515625 357.67559814453125],0.5073093771934509,,0
2025-09-02 09:35:14,2,38,5,[1400.2788036145673 24.65969780742884 1656.9697571982963 383.44007822235733],[1493.3994140625 303.1750793457031 1598.5235595703125 367.5587158203125],0.1722625344991684,,0
2025-09-02 09:35:14,2,39,5,[1400.0731977280811 24.669222487969677 1657.0223612362051 383.33371576015634],[1499.0211181640625 308.96807861328125 1567.0030517578125 357.63714599609375],0.5074528455734253,,0
2025-09-02 09:35:14,2,39,5,[1400.0731977280811 24.669222487969677 1657.0223612362051 383.33371576015634],[1493.37744140625 303.2336730957031 1598.3529052734375 367.46075439453125],0.17035186290740967,,0
2025-09-02 09:35:15,2,40,5,[1399.7623854830103 26.25575747110193 1656.9866311112282 383.8832252699236],[1499.179443359375 308.9898376464844 1567.2086181640625 357.64453125],0.5060798525810242,,0
2025-09-02 09:35:15,2,40,5,[1399.7623854830103 26.25575747110193 1656.9866311112282 383.8832252699236],[1493.7171630859375 303.2481994628906 1599.28857421875 367.4734802246094],0.17360185086727142,,0
2025-09-02 09:35:16,2,41,5,[1399.701313805667 27.55573673019316 1656.989039407161 384.08411497673296],[1498.965576171875 308.86700439453125 1567.1181640625 357.7728271484375],0.5048812627792358,,0
2025-09-02 09:35:16,2,41,5,[1399.701313805667 27.55573673019316 1656.989039407161 384.08411497673296],[1493.451904296875 303.02471923828125 1598.28271484375 367.6175537109375],0.17215336859226227,,0
2025-09-02 09:35:17,2,42,5,[1400.008588493791 26.74751582824814 1657.1702312069604 383.4392531351917],[1499.1072998046875 309.0374755859375 1566.9193115234375 357.5328369140625],0.5090556144714355,,0
2025-09-02 09:35:17,2,42,5,[1400.008588493791 26.74751582824814 1657.1702312069604 383.4392531351917],[1493.681396484375 303.3464660644531 1597.14990234375 367.28350830078125],0.1709839254617691,,0
2025-09-02 09:35:18,2,43,5,[1400.176349876107 27.42298589094156 1657.2338747869749 383.6254923496733],[1499.1507568359375 308.8627014160156 1567.074462890625 357.6674499511719],0.505481481552124,,0
2025-09-02 09:35:18,2,43,5,[1400.176349876107 27.42298589094156 1657.2338747869749 383.6254923496733],[1493.70458984375 303.04522705078125 1598.0926513671875 367.49652099609375],0.17312248051166534,,0
2025-09-02 09:35:19,2,44,5,[1400.5270643200386 24.91191002098182 1657.32740495646 382.45056983529014],[1499.2042236328125 308.9308166503906 1567.0462646484375 357.6227722167969],0.5087047219276428,,0
2025-09-02 09:35:19,2,44,5,[1400.5270643200386 24.91191002098182 1657.32740495646 382.45056983529014],[1493.8404541015625 303.16790771484375 1598.227783203125 367.3582763671875],0.17305579781532288,,0
2025-09-02 09:35:20,2,45,5,[1400.7152796477203 24.418413195221063 1657.3027990188211 382.5404604069539],[1499.1500244140625 309.0030212402344 1566.8922119140625 357.5722961425781],0.5095808506011963,,0
2025-09-02 09:35:20,2,45,5,[1400.7152796477203 24.418413195221063 1657.3027990188211 382.5404604069539],[1493.7391357421875 303.29498291015625 1597.705810546875 367.2870788574219],0.1690656542778015,,0
2025-09-02 09:35:21,2,46,5,[1400.9667661878768 23.883115354631457 1657.3237716583837 382.5628762167085],[1498.953857421875 308.8817443847656 1567.0909423828125 357.7390441894531],0.5085293054580688,,0
2025-09-02 09:35:21,2,46,5,[1400.9667661878768 23.883115354631457 1657.3237716583837 382.5628762167085],[1493.4613037109375 303.09210205078125 1598.0211181640625 367.5579528808594],0.17339958250522614,,0
2025-09-02 09:35:22,2,47,5,[1401.088180118789 24.75696198824167 1657.2157253820303 383.1465889292042],[1499.3753662109375 309.01556396484375 1566.943115234375 357.5137939453125],0.5093610882759094,,0
2025-09-02 09:35:22,2,47,5,[1401.088180118789 24.75696198824167 1657.2157253820303 383.1465889292042],[1494.1021728515625 303.3223571777344 1596.2098388671875 367.2022705078125],0.1696389615535736,,0
2025-09-02 09:35:23,2,48,5,[1401.2284866727882 25.933382366744524 1657.0770560043725 383.6120869951687],[1499.0438232421875 309.0260925292969 1566.98583984375 357.5988464355469],0.5102460384368896,,0
2025-09-02 09:35:23,2,48,5,[1401.2284866727882 25.933382366744524 1657.0770560043725 383.6120869951687],[1493.656982421875 303.3453369140625 1597.2122802734375 367.37841796875],0.17168103158473969,,0
2025-09-02 09:35:24,2,49,5,[1401.3671004009723 25.947009791822552 1657.0456014506424 383.47538279911373],[1499.0174560546875 309.01824951171875 1567.0921630859375 357.6373291015625],0.5107748508453369,,0
2025-09-02 09:35:24,2,49,5,[1401.3671004009723 25.947009791822552 1657.0456014506424 383.47538279911373],[1493.5885009765625 303.3547058105469 1597.6158447265625 367.4049987792969],0.1737099587917328,,0
2025-09-02 09:35:25,2,50,5,[1401.248569476775 26.550878433334077 1656.9515463012124 383.6398355411468],[1498.8837890625 308.9652404785156 1567.28759765625 357.6222229003906],0.5132672786712646,,0
2025-09-02 09:35:25,2,50,5,[1401.248569476775 26.550878433334077 1656.9515463012124 383.6398355411468],[1493.511962890625 303.30120849609375 1596.6142578125 367.25921630859375],0.1799527108669281,,0
2025-09-02 09:35:26,2,51,5,[1400.5036634813287 25.393193272187375 1656.656821490315 382.9820371642796],[1500.79541015625 309.1805419921875 1568.47119140625 357.7377624511719],0.5304498076438904,,0
2025-09-02 09:35:26,2,51,5,[1400.5036634813287 25.393193272187375 1656.656821490315 382.9820371642796],[1496.20458984375 304.04388427734375 1591.4139404296875 366.4362487792969],0.19271673262119293,,0
2025-09-02 09:35:27,2,52,5,[1400.2080965627752 24.220893655897186 1656.7356741426556 382.59444496568335],[1500.6259765625 309.1987609863281 1568.6099853515625 357.7684020996094],0.5318524241447449,,0
2025-09-02 09:35:27,2,52,5,[1400.2080965627752 24.220893655897186 1656.7356741426556 382.59444496568335],[1495.9024658203125 304.1646423339844 1591.5640869140625 366.5036315917969],0.18994848430156708,,0
2025-09-02 09:35:27,2,53,5,[1399.7016972232896 25.687409334896756 1656.5540968171067 383.3755828680662],[1500.9287109375 309.0875244140625 1569.061279296875 357.6634216308594],0.527524471282959,,0
2025-09-02 09:35:27,2,53,5,[1399.7016972232896 25.687409334896756 1656.5540968171067 383.3755828680662],[1496.4554443359375 304.0194396972656 1591.064208984375 366.23602294921875],0.1962079107761383,,0
2025-09-02 09:35:28,2,54,30,[1399.4040553409047 9.200903167849958 1673.521365285216 384.1438834341172],[1501.0255126953125 309.1285705566406 1568.931884765625 357.6218566894531],0.5278694033622742,,0
2025-09-02 09:35:28,2,54,30,[1399.4040553409047 9.200903167849958 1673.521365285216 384.1438834341172],[1496.5616455078125 304.0739440917969 1591.138916015625 366.2140808105469],0.19273364543914795,,0
2025-09-02 09:35:28,2,55,30,[1398.8475632980321 9.237743668218428 1671.5953315208926 383.7309051218341],[1501.0074462890625 309.1387023925781 1568.807373046875 357.56396484375],0.5285738110542297,,0
2025-09-02 09:35:28,2,55,30,[1398.8475632980321 9.237743668218428 1671.5953315208926 383.7309051218341],[1496.489990234375 304.0628662109375 1590.7032470703125 366.1090393066406],0.19239069521427155,,0
2025-09-02 09:35:29,2,56,30,[1400.135142970158 8.708235680514349 1672.9204197355389 383.6199832666882],[1501.095458984375 309.1789245605469 1568.7635498046875 357.4371032714844],0.5309680700302124,,0
2025-09-02 09:35:29,2,56,30,[1400.135142970158 8.708235680514349 1672.9204197355389 383.6199832666882],[1496.748779296875 304.1145935058594 1589.5367431640625 365.8518981933594],0.19470059871673584,,0
2025-09-02 09:35:30,2,57,30,[1400.5026318093428 8.227585769750306 1671.5712608495437 383.03877068681203],[1501.0499267578125 309.20684814453125 1568.463623046875 357.44622802734375],0.5309141278266907,,0
2025-09-02 09:35:30,2,57,30,[1400.5026318093428 8.227585769750306 1671.5712608495437 383.03877068681203],[1496.6328125 304.1745300292969 1589.42919921875 365.9079895019531],0.18934975564479828,,0
2025-09-02 09:35:31,2,58,30,[1401.5270134235966 7.875851149164589 1672.581551325719 383.102968109152],[1501.0206298828125 309.24993896484375 1568.335693359375 357.3604431152344],0.529914379119873,,0
2025-09-02 09:35:31,2,58,30,[1401.5270134235966 7.875851149164589 1672.581551325719 383.102968109152],[1496.5989990234375 304.26397705078125 1588.9090576171875 365.736328125],0.18401138484477997,,0
